10
96	1500	995	985	961	946	934	930	914	905	898	865	858	842	839	833	830	812	808	790	789	779	777	756	745	736	725	707	694	693	683	662	648	645	638	635	627	613	608	606	596	595	593	591	590	589	588	585	574	572	567	563	562	558	557	553	540	535	517	514	511	503	497	490	486	485	481	473	471	470	463	458	433	429	413	412	406	372	371	370	363	362	333	321	319	313	290	288	271	266	257	255	253	249	238	237	235	202	1	1	1	1	2	1	1	2	1	1	1	1	1	1	1	1	1	1	1	1	1	1	1	1	1	1	1	1	1	1	1	1	1	1	1	1	1	1	1	1	1	1	1	1	2	1	1	1	1	1	1	1	1	1	1	1	1	1	2	1	1	1	1	1	1	1	1	1	1	1	1	1	1	1	1	1	1	1	1	1	1	1	1	1	1	1	1	1	1	1	1	1	1	1	1	1
95	1500	975	951	948	944	940	931	922	917	907	903	901	900	895	876	870	869	866	853	851	848	845	832	829	828	819	807	804	799	785	784	781	780	777	770	764	751	735	732	716	698	692	686	680	675	673	658	648	635	628	615	571	564	539	534	530	518	504	494	480	467	463	462	444	433	415	399	397	387	380	378	361	354	336	335	325	324	319	318	317	289	283	277	265	264	257	242	241	238	228	224	222	220	218	208	205	1	1	1	1	1	1	1	1	1	1	1	1	2	1	1	1	1	1	1	1	1	1	2	1	1	1	1	1	1	1	1	1	1	1	1	1	1	1	1	1	1	1	1	1	1	1	1	1	1	1	1	1	1	1	1	1	1	1	2	1	1	1	1	1	1	1	1	1	1	1	1	1	3	1	1	1	1	1	1	1	1	1	1	1	1	1	1	1	1	1	1	1	1	1	1
95	1500	978	975	970	958	953	951	949	948	937	936	928	927	915	906	904	903	898	888	882	874	873	867	860	845	841	834	818	799	798	796	792	782	779	770	758	730	725	712	710	705	701	687	674	665	652	648	599	598	590	575	572	559	558	557	554	541	526	520	512	501	487	476	475	470	468	464	463	461	451	436	421	406	401	400	385	372	370	369	358	349	334	333	320	313	301	268	263	236	226	223	220	212	204	203	201	1	1	1	1	1	1	1	1	1	1	1	1	1	1	1	1	1	1	1	1	1	1	1	1	1	1	1	1	1	1	1	1	1	2	1	1	1	1	1	2	1	1	1	1	1	1	1	1	1	1	1	2	1	1	2	1	2	1	1	1	1	1	1	1	1	1	1	1	1	1	1	1	1	1	1	1	1	1	1	1	1	1	1	1	1	1	1	1	1	1	1	1	1	1	1
97	1500	999	990	981	972	959	957	947	941	937	925	924	910	907	890	889	884	871	867	863	861	830	818	795	783	780	773	756	755	753	736	733	710	707	704	703	688	687	683	680	662	657	653	648	646	636	629	611	608	598	563	553	546	544	540	525	514	502	501	498	495	464	460	454	450	428	424	422	412	406	392	391	389	380	377	376	368	333	328	315	301	297	296	288	286	278	270	261	254	246	243	241	239	237	229	217	208	203	1	1	1	1	1	1	1	1	1	1	1	1	1	1	1	1	1	1	1	1	1	1	1	1	1	1	1	1	1	1	1	1	1	1	1	1	1	1	1	2	1	1	1	1	1	1	1	1	1	1	1	1	1	1	1	1	1	1	1	1	1	2	1	1	1	1	1	1	1	1	1	1	1	1	1	1	1	1	1	2	1	1	1	1	1	1	1	1	1	1	1	1	1	1	1	1	1
93	1500	999	977	973	966	960	956	944	931	908	885	883	873	868	867	841	835	804	792	781	778	774	756	745	733	698	692	690	686	671	669	661	653	649	639	631	630	614	603	598	588	579	556	554	552	545	541	540	529	527	526	521	518	515	510	505	502	454	425	411	409	406	405	394	392	387	383	370	363	359	354	335	334	330	329	318	315	313	306	297	294	275	269	264	263	257	255	254	252	236	222	210	203	201	1	1	1	1	1	1	1	1	1	1	1	1	1	1	1	1	1	1	1	1	1	1	1	2	1	1	2	1	2	1	1	1	1	1	1	1	1	2	1	1	1	1	1	1	1	1	1	2	1	1	1	1	1	1	1	1	1	1	1	1	2	1	1	1	1	1	1	1	1	1	1	1	1	1	1	1	1	1	1	1	1	1	1	1	1	1	1	1	1	1	1	2	1
91	1500	995	983	977	972	969	963	961	954	930	897	896	893	888	885	878	871	864	837	835	819	815	807	805	782	772	746	738	713	710	691	689	672	671	654	647	638	634	630	628	607	597	581	578	574	572	568	559	546	540	530	525	521	520	518	512	509	507	480	469	460	442	438	431	428	415	401	392	384	376	374	362	333	326	323	321	307	301	297	293	292	288	269	259	253	239	238	236	234	229	223	203	1	1	1	1	1	1	1	1	1	1	3	1	1	1	1	1	2	1	1	1	1	1	1	1	1	1	1	1	1	1	1	1	1	4	1	1	1	1	2	1	1	1	1	1	1	1	1	1	1	1	1	1	1	1	1	1	1	1	2	1	1	1	1	1	1	1	2	1	1	1	1	1	1	1	1	1	1	1	1	1	1	1	1	1	1	1	1	1	1	1	1
91	1500	993	985	982	974	972	955	952	949	935	905	896	888	887	874	871	843	828	825	807	798	787	781	772	768	744	738	733	730	704	702	700	699	696	686	668	667	666	663	661	655	654	642	641	637	634	624	621	587	580	560	540	537	528	526	497	494	483	479	475	460	459	456	445	413	404	399	394	388	387	386	385	379	372	371	369	360	358	357	329	314	301	293	291	278	261	260	243	241	211	205	201	1	1	1	1	1	1	1	1	1	3	1	1	2	1	1	1	1	1	1	1	1	1	1	1	1	1	1	1	1	1	1	1	2	1	1	1	1	1	1	1	1	1	1	1	1	1	1	1	1	1	1	1	1	2	1	1	1	1	1	1	1	1	1	2	1	1	1	2	1	1	1	1	1	1	1	1	1	1	1	1	1	1	2	1	2	1	1	1	1	1	1
90	1500	999	995	993	980	979	973	957	948	944	925	923	916	911	891	886	884	883	880	879	849	846	835	830	829	822	802	801	783	774	770	749	742	730	725	718	685	683	678	675	658	657	656	639	634	628	620	603	587	580	575	573	570	568	553	546	529	474	456	454	446	440	432	430	423	418	417	416	414	399	390	386	376	352	343	336	333	327	324	308	301	282	272	264	238	221	214	211	210	209	202	1	2	1	1	1	1	1	1	1	1	1	1	1	1	1	1	3	1	1	1	1	1	1	1	1	1	1	1	2	1	1	1	1	1	1	2	1	1	1	1	1	1	1	1	1	1	1	1	1	1	1	3	1	1	1	1	1	1	1	1	2	1	1	1	2	1	1	1	1	1	1	1	1	1	1	1	1	1	2	1	1	1	1	1	1	1	1	1	1	1
97	1500	988	972	963	962	957	952	949	941	920	915	901	886	883	880	878	876	865	864	858	840	834	832	824	817	815	810	806	789	786	778	773	766	752	750	738	736	734	723	713	712	709	704	695	688	666	661	657	643	641	638	627	609	583	579	569	558	545	540	538	519	511	508	498	462	459	450	445	432	429	428	412	406	391	390	384	367	366	364	357	354	345	322	309	294	285	267	266	264	257	252	234	212	208	206	205	202	201	1	1	1	1	1	1	1	1	1	1	1	1	1	1	1	1	1	1	1	1	1	1	2	1	1	1	1	1	1	1	1	1	1	1	1	1	1	1	1	1	2	1	1	1	1	1	1	1	1	1	1	1	1	1	1	1	1	1	1	1	1	1	1	1	1	1	1	1	1	1	1	1	1	1	1	1	1	1	1	1	1	1	1	1	1	1	1	1	1	2	1	1	1	1	1	1	1
92	1500	997	991	984	981	977	948	929	928	925	920	901	896	892	886	885	882	870	867	866	865	864	863	860	856	844	839	833	810	804	798	796	784	778	771	760	745	741	733	720	705	696	694	672	655	643	631	625	623	617	607	601	570	547	538	534	526	484	478	475	450	446	442	430	420	416	395	393	385	381	377	375	362	356	355	352	346	334	326	291	288	260	259	257	256	252	240	229	222	219	218	202	201	1	1	1	1	1	1	1	1	1	1	1	1	1	1	1	1	1	1	1	1	1	1	1	1	1	1	1	1	1	1	1	1	1	1	1	1	2	1	1	1	1	1	1	1	1	1	1	1	1	2	1	1	1	1	1	1	1	1	1	1	1	1	2	2	1	1	1	1	1	1	1	1	1	1	1	1	1	1	3	1	1	1	1	1	1	1	1	2	2	1	1	1
