10
92	1500	993	990	989	988	986	985	982	980	979	978	976	966	964	962	961	935	934	920	919	911	910	908	904	889	871	868	853	845	842	839	838	831	829	819	813	812	803	795	794	792	789	787	785	776	773	771	769	765	758	756	749	748	738	734	729	726	724	721	717	715	714	698	692	691	687	665	658	642	641	629	628	609	602	593	590	577	574	572	565	560	556	553	551	539	538	530	528	524	519	508	507	500	1	1	1	1	1	1	1	1	1	1	1	1	1	1	1	2	1	1	1	1	1	1	1	1	1	1	1	1	1	1	1	1	1	1	1	1	1	2	1	1	1	1	1	2	2	1	1	1	2	2	1	1	1	1	1	1	1	1	1	1	1	1	1	1	1	1	2	1	1	1	1	1	1	2	1	1	1	1	1	1	1	1	1	1	1	1	1	1	1	1	1	1
83	1500	999	985	981	971	968	964	951	947	935	932	919	916	914	912	910	906	904	901	897	881	879	872	867	866	835	831	829	826	822	812	799	786	775	770	763	761	759	751	744	743	737	721	720	700	695	693	685	683	678	676	672	659	647	640	631	629	628	618	614	604	592	589	588	583	582	578	573	572	558	554	545	539	532	525	518	514	513	512	511	506	504	503	502	1	1	1	1	1	2	1	1	1	2	1	1	1	1	1	1	1	1	1	1	1	1	2	1	1	1	1	1	1	1	1	1	2	1	1	1	1	1	3	1	2	1	1	2	1	1	2	1	1	1	1	1	1	1	1	1	1	1	1	1	2	1	1	1	2	1	1	1	1	1	1	1	1	1	1	2	1	2	1	4	1	2	1
93	1500	999	992	990	984	980	963	962	958	953	937	935	933	915	907	906	900	896	892	883	868	867	866	860	856	852	851	845	837	828	825	813	812	810	789	776	773	769	764	740	739	736	732	730	724	723	720	711	697	696	694	692	683	681	680	673	672	669	666	663	659	653	647	646	644	643	639	637	636	630	629	627	625	624	615	609	600	590	589	588	583	571	557	556	550	544	540	538	533	532	523	514	512	509	1	1	1	1	1	1	1	2	1	1	1	2	1	1	1	1	1	1	2	1	1	1	1	1	1	1	1	1	1	1	1	1	1	1	1	1	1	1	1	1	1	1	1	1	1	1	1	1	1	1	1	1	1	1	1	1	1	1	1	1	1	1	1	1	1	1	1	1	1	1	1	1	1	2	1	1	1	1	1	1	1	2	1	1	2	1	2	1	1	1	1	1	1
86	1500	992	988	985	984	979	977	968	957	954	953	942	934	928	905	904	902	878	870	855	853	844	840	838	837	831	823	822	821	820	812	804	790	788	786	781	775	774	767	754	753	751	722	720	714	711	706	699	698	679	666	663	650	648	645	627	622	620	617	611	605	602	600	599	595	592	579	577	574	571	562	559	553	550	549	546	541	539	538	537	531	529	528	514	512	509	505	1	1	1	2	1	1	1	1	1	2	1	1	1	2	1	1	1	1	1	1	1	1	1	1	1	1	1	1	1	1	1	3	1	2	1	1	1	1	1	1	2	1	1	2	1	2	2	1	1	2	1	1	1	1	1	1	1	1	1	1	2	1	1	1	1	1	1	2	1	1	1	1	1	1	1	1	2	1	1	1	1	1	1	1	1	1
91	1500	999	998	997	994	992	990	989	983	980	978	977	975	969	966	965	961	947	928	915	912	911	903	899	886	881	880	878	876	872	852	847	845	842	832	830	818	810	804	801	797	795	788	777	774	770	767	761	757	744	742	738	736	733	732	726	725	724	716	710	709	706	703	697	687	666	656	651	640	634	631	611	606	596	592	590	589	588	584	567	564	561	556	548	540	532	526	519	511	508	502	501	1	1	1	1	1	1	1	1	1	1	1	1	1	1	2	1	1	1	1	1	1	1	1	1	1	1	1	1	1	1	1	1	1	1	1	1	1	1	1	2	1	1	1	1	1	2	1	2	1	1	2	1	1	1	2	1	1	1	1	1	1	1	1	1	1	1	1	1	1	1	1	1	1	1	1	2	1	1	1	1	1	1	1	1	1	2	1	1	1	2	1
95	1500	997	993	988	967	963	962	949	948	946	941	940	932	924	921	911	904	891	889	887	872	871	869	868	855	837	836	833	830	826	814	796	786	784	781	780	772	756	752	744	740	738	733	732	731	730	725	722	716	710	708	700	692	690	684	679	677	676	667	663	657	655	653	649	647	642	639	634	621	620	616	614	613	610	607	605	591	590	578	575	570	565	564	563	557	552	547	545	537	534	532	524	521	518	508	500	1	1	1	1	1	1	1	1	2	1	1	1	1	1	1	1	1	1	1	1	1	1	1	1	1	2	1	1	1	1	3	1	1	1	1	1	1	1	1	1	1	1	1	1	1	1	1	1	1	1	1	1	1	1	1	1	1	1	1	1	1	1	1	1	1	1	1	1	1	1	1	1	1	1	1	1	1	1	1	1	1	1	1	1	1	1	1	1	1	1	1	1	2	1	1
92	1500	990	981	971	965	962	960	955	947	940	932	930	924	913	908	900	895	889	888	887	885	884	883	875	872	871	848	846	845	839	838	831	824	823	815	814	803	802	800	792	791	785	778	777	766	756	755	750	744	736	735	731	718	709	707	705	698	691	689	685	676	671	670	667	665	651	642	633	632	618	610	602	598	588	584	568	565	554	552	551	542	540	534	533	531	530	525	522	515	514	512	508	501	1	1	1	1	1	1	1	1	1	1	1	1	1	1	1	1	1	1	1	1	1	1	1	1	1	1	1	1	1	1	1	1	1	1	2	1	1	1	1	1	1	1	1	1	1	1	1	1	1	1	2	1	1	1	2	1	2	1	1	1	1	1	2	1	1	1	1	2	1	1	1	1	1	1	1	2	1	1	1	1	2	1	1	1	1	1	1	1	1	1	1	1
88	1500	998	995	978	973	964	960	958	948	942	941	925	922	914	910	904	902	901	900	899	895	888	872	870	863	841	824	815	811	804	801	784	774	768	764	763	757	756	752	733	721	711	706	703	697	685	682	674	670	665	664	657	653	650	648	646	643	640	637	633	626	620	619	618	616	612	611	609	605	604	602	596	593	592	584	570	556	555	549	532	526	524	520	518	513	512	507	502	500	1	1	1	1	2	1	1	1	1	1	2	1	1	1	1	1	1	1	1	1	1	1	1	1	1	1	1	1	1	1	1	1	1	1	1	1	1	1	1	1	1	1	2	2	1	1	1	2	1	1	1	1	1	1	1	1	1	1	1	2	1	1	1	1	1	1	1	2	1	2	1	1	1	1	3	1	1	1	1	1	1	1	1	1	1	1	2	2
95	1500	999	996	995	986	984	981	978	970	967	964	957	954	952	950	944	941	937	932	930	921	918	912	897	894	891	889	882	867	866	864	856	852	849	845	843	842	834	832	828	826	823	814	806	804	791	784	781	775	767	757	751	747	742	738	737	716	713	707	686	685	684	679	677	675	669	667	665	655	652	649	646	641	623	620	616	606	593	588	584	583	580	574	572	568	554	550	542	538	527	524	521	518	508	506	503	1	2	1	1	1	2	1	2	1	1	1	1	1	1	1	1	1	1	1	1	1	1	1	1	1	1	1	1	1	1	1	1	1	1	1	2	1	1	1	1	1	1	1	2	1	1	1	1	1	1	1	1	1	1	1	1	1	1	1	1	1	1	1	1	1	1	1	1	1	1	1	1	1	1	1	1	1	1	1	1	1	1	1	1	1	1	1	1	1	1	1	1	1	1	1
83	1500	999	990	987	985	984	962	950	948	946	944	937	933	932	928	924	921	920	916	906	905	904	901	897	894	893	892	891	877	869	855	846	841	839	836	831	827	820	813	805	786	783	775	768	754	745	743	735	726	713	711	709	703	700	698	688	671	667	664	662	661	660	658	654	650	644	637	630	625	615	612	588	587	568	560	552	544	543	539	524	522	509	503	501	1	1	1	1	1	1	1	2	1	3	3	1	1	1	1	1	1	1	1	1	1	1	2	1	1	2	1	1	1	1	1	1	1	2	1	1	1	1	1	1	1	2	1	1	2	1	2	1	1	1	1	1	1	1	3	1	1	2	1	1	1	1	1	1	1	1	1	1	1	1	1	1	1	2	1	1	1	1	1	2	1	1	2
