10
90	2000	988	985	984	941	940	939	935	934	927	925	924	920	914	913	912	909	906	903	893	889	886	880	879	869	867	864	862	844	843	839	832	828	822	819	805	802	791	789	783	782	781	778	770	762	760	756	751	749	738	719	715	708	704	700	699	696	693	691	684	678	668	656	650	642	638	635	630	620	612	607	605	603	596	595	582	580	576	573	566	557	555	550	534	527	526	525	512	507	503	502	1	1	1	1	1	2	1	1	1	1	1	1	1	1	1	1	1	1	1	1	1	1	1	2	1	1	1	1	2	1	1	1	1	1	1	1	1	1	1	1	1	2	1	1	1	1	1	1	1	1	1	1	1	1	1	1	1	1	1	1	1	1	1	2	1	1	1	1	1	1	1	1	1	1	3	1	1	1	1	2	1	1	2	2	1	1	1	1	1	1
94	2000	987	986	984	982	980	974	971	968	965	956	954	948	947	942	940	939	934	930	918	917	916	911	908	876	869	866	865	863	853	833	824	823	822	818	814	809	806	800	798	777	775	766	765	750	746	738	732	731	730	717	715	712	710	709	704	702	699	697	690	686	685	684	673	659	657	655	649	640	632	628	608	604	595	594	592	589	580	572	568	563	560	557	556	548	545	541	539	536	535	534	528	517	507	501	1	1	1	2	1	1	1	1	1	1	1	1	1	1	1	1	1	1	1	1	1	1	1	1	1	1	1	1	1	1	1	1	1	1	1	1	1	2	1	1	1	1	1	1	1	1	1	1	1	1	1	3	1	1	1	1	1	1	1	1	1	1	1	1	1	1	1	1	1	1	1	1	1	1	1	1	1	1	3	1	1	1	1	1	1	1	1	1	1	1	1	1	1	1
97	2000	998	997	990	988	975	968	967	966	963	962	961	959	958	956	952	951	949	937	928	927	926	923	920	919	915	914	910	904	891	873	868	859	850	846	845	837	834	827	826	815	812	806	805	801	799	797	796	785	777	772	771	769	766	758	757	742	739	727	726	719	717	716	715	700	693	679	676	672	671	656	651	648	644	633	630	629	628	626	614	613	612	609	602	596	595	573	568	567	562	552	544	520	511	505	504	502	501	1	1	1	1	1	1	1	1	1	1	1	1	2	1	2	1	1	1	1	1	1	1	1	1	1	1	1	1	1	1	1	1	1	1	1	1	1	1	1	1	1	1	1	1	1	1	1	1	1	1	1	1	1	1	1	1	1	2	1	1	1	1	1	1	1	1	1	1	1	1	1	1	1	1	1	1	1	1	1	1	1	1	1	1	1	1	1	1	1	1	1	1	1	1	1	1	1
89	2000	999	995	992	989	986	984	983	971	960	959	956	952	944	939	927	922	919	901	888	881	867	860	849	846	829	828	826	821	811	810	792	783	779	773	766	754	748	737	732	731	726	721	720	712	709	707	701	696	695	688	687	684	681	656	652	651	643	642	640	633	631	627	619	603	597	595	588	581	577	572	571	566	565	559	557	556	554	546	544	541	538	531	530	525	522	515	512	506	502	1	1	1	1	1	1	1	1	1	1	1	1	1	1	1	1	1	1	1	1	1	2	1	1	1	1	1	1	1	1	2	1	2	1	1	1	1	1	1	1	1	2	1	1	2	1	1	1	1	1	1	1	1	1	1	1	1	1	1	1	1	2	1	1	1	1	1	1	1	1	1	1	1	3	2	1	1	1	2	1	1	1	1	1	1	1	1	2	1
89	2000	997	996	987	980	978	969	963	956	950	945	944	943	937	929	927	919	899	896	893	891	886	884	878	872	871	870	865	863	857	854	846	835	834	829	823	816	813	812	809	797	789	782	777	770	746	742	736	729	720	719	716	713	709	698	697	695	694	685	670	668	664	656	653	644	639	633	616	613	612	609	602	596	589	585	579	550	549	546	544	542	536	531	524	520	519	517	509	505	502	1	1	2	1	1	1	1	1	1	1	2	1	1	1	2	2	2	1	1	2	1	1	1	1	1	1	1	1	1	1	1	1	1	1	1	1	1	1	2	1	1	1	1	1	1	1	1	1	1	1	1	1	1	1	1	1	1	2	1	1	1	1	1	1	1	1	1	1	1	1	1	1	1	2	1	1	1	1	1	1	1	1	1	1	1	1	2	2	1
90	2000	996	988	985	973	972	970	967	964	961	953	951	947	946	936	935	926	923	913	909	896	889	888	869	865	860	859	858	849	839	833	830	827	826	824	809	798	792	791	786	783	779	775	774	761	752	748	746	744	735	727	707	706	699	697	695	690	681	673	671	652	647	642	627	626	625	624	620	616	605	598	597	591	589	576	572	558	557	556	554	544	540	532	531	526	523	522	514	512	506	505	1	2	1	1	1	2	1	1	1	1	1	1	2	1	1	1	1	1	1	1	1	1	1	1	1	2	1	1	1	1	1	1	1	1	1	1	1	1	1	1	1	1	1	1	2	1	1	1	1	1	1	1	1	1	1	1	1	2	1	1	1	1	2	1	1	1	1	1	2	1	1	1	1	1	2	1	1	1	1	1	1	1	1	1	1	1	1	1	2	1
89	2000	996	995	993	982	973	970	952	937	936	932	929	922	921	920	917	915	908	906	902	894	885	883	874	869	855	853	851	844	839	828	825	818	811	790	789	787	785	780	779	771	764	762	755	746	744	728	719	718	714	702	700	697	696	695	686	685	683	664	660	656	652	649	644	641	633	632	630	626	618	611	600	593	592	590	585	571	569	567	562	559	553	549	541	532	518	513	511	503	500	1	1	2	2	1	1	1	1	1	2	1	1	1	1	1	1	1	1	1	1	1	1	1	1	2	1	1	1	1	1	1	1	1	2	1	1	1	1	1	1	1	1	1	1	2	1	1	1	1	1	2	1	1	1	1	1	1	1	1	1	1	1	1	1	2	1	1	1	1	2	1	1	1	1	1	1	1	1	1	1	1	1	1	1	2	1	1	1	2
92	2000	990	989	984	976	966	960	956	946	945	942	937	935	919	912	906	902	897	892	889	885	884	881	870	862	860	854	848	847	845	833	831	819	817	814	812	803	790	787	786	779	772	771	768	762	753	742	708	707	704	696	695	692	689	688	671	668	666	661	659	656	645	636	631	628	621	620	614	613	605	603	598	590	589	586	581	574	571	562	560	559	555	548	545	535	532	528	527	516	512	504	502	500	1	1	1	1	1	2	1	1	1	1	1	1	1	1	1	1	1	1	1	1	1	1	1	1	1	1	1	1	1	1	1	1	1	1	1	1	1	1	1	1	1	1	1	1	1	1	1	2	1	1	1	1	1	1	2	1	1	1	1	2	1	1	1	1	1	1	1	1	1	1	2	1	1	1	1	1	1	1	1	1	1	2	1	1	1	1	1	2	1	2	1	1
93	2000	998	994	990	983	980	977	969	963	956	945	943	942	933	931	919	913	912	909	905	903	900	894	887	885	880	875	873	871	863	861	857	848	841	839	832	820	815	813	809	808	805	799	790	763	761	747	746	738	735	731	728	721	718	710	687	667	663	657	653	649	644	638	637	633	632	629	625	623	617	608	607	606	604	600	599	595	593	589	586	584	577	574	564	558	554	550	545	542	541	530	528	523	515	1	1	1	1	1	1	1	1	1	1	1	1	1	1	1	1	1	1	2	1	1	1	1	1	1	2	1	1	1	1	1	1	2	1	1	1	1	1	1	1	1	1	1	1	1	1	1	1	1	1	1	1	1	1	1	1	1	1	1	3	1	1	1	1	2	1	1	1	1	2	1	1	1	1	1	1	1	1	1	1	1	1	1	1	1	1	1	1	1	1	1	1	1
90	2000	993	987	986	984	979	975	974	972	961	960	959	955	951	941	940	920	913	910	903	901	895	887	884	882	878	876	874	872	871	869	860	859	851	844	839	833	830	827	821	814	811	808	804	803	800	789	788	772	756	753	748	730	728	727	724	721	717	716	715	712	706	681	675	671	662	652	649	646	638	634	632	618	615	614	608	597	596	586	585	569	563	551	547	527	525	523	521	517	515	502	1	1	1	1	1	1	1	1	1	1	2	1	1	1	1	1	1	1	1	1	1	1	2	1	1	1	1	1	1	1	1	1	2	1	1	1	2	1	1	1	2	1	1	3	1	1	2	1	1	1	1	1	1	1	1	1	1	1	1	1	1	1	1	1	2	1	1	1	1	1	1	1	1	1	1	1	1	1	1	1	1	1	1	1	2	1	1	1	1	1
