10
98	3000	993	982	979	977	955	952	950	946	924	911	902	894	892	858	857	851	848	843	841	832	829	827	818	816	814	810	805	804	791	787	786	782	777	775	772	758	752	735	718	709	707	690	685	683	678	669	653	647	645	643	635	633	624	623	614	613	606	601	597	588	583	566	539	537	533	532	523	508	507	501	496	485	470	461	451	448	447	435	431	394	387	380	356	353	351	339	331	325	310	308	289	285	274	250	236	234	220	209	1	1	1	1	1	1	1	1	1	1	1	2	1	1	1	1	1	1	1	1	1	1	1	1	1	1	1	1	1	1	1	1	1	1	1	1	1	1	1	1	1	1	1	1	1	1	1	1	1	1	1	1	1	1	1	1	1	1	1	1	1	1	1	1	1	1	1	1	1	1	1	1	1	1	1	1	1	1	1	1	1	1	2	1	1	1	1	1	1	1	1	1	1	1	1	1	1	1
95	3000	984	970	969	958	946	929	923	921	906	898	894	889	871	868	864	861	860	825	816	812	809	804	803	788	784	777	741	716	707	696	695	690	681	678	667	660	640	621	620	619	600	592	577	563	559	546	544	541	540	538	527	526	518	517	515	501	500	498	485	480	449	445	444	436	434	431	424	421	409	405	383	377	373	369	365	364	362	336	335	332	324	318	317	301	284	260	258	236	233	230	229	228	222	219	211	1	1	1	1	1	1	1	1	1	1	1	1	1	1	1	1	1	1	1	1	1	2	1	1	1	1	1	1	1	1	1	1	1	1	2	1	1	1	1	1	1	1	1	2	1	1	1	1	1	1	1	1	1	1	1	1	1	1	1	2	1	1	1	1	1	1	1	1	1	1	1	1	1	1	1	1	1	1	1	1	1	1	1	1	1	1	2	1	1	1	1	1	1	1	1
97	3000	984	949	946	939	937	933	916	913	901	891	873	863	831	827	818	812	805	800	795	793	766	763	760	757	747	743	740	737	725	708	694	683	675	674	666	662	658	656	652	651	645	642	628	624	619	615	614	607	605	587	571	565	552	547	541	536	535	531	527	495	494	483	479	477	453	451	428	427	424	423	419	416	412	410	401	392	383	374	371	369	367	362	333	327	321	320	311	290	282	278	267	245	244	229	211	209	203	1	1	1	1	1	1	1	1	2	1	1	1	1	1	1	1	1	2	1	1	1	1	1	1	1	1	1	1	1	1	1	1	1	1	1	1	1	1	1	1	1	1	1	1	1	1	1	1	1	1	2	1	1	1	1	1	1	1	1	1	1	1	1	1	1	1	1	1	1	1	1	1	1	1	1	1	1	1	1	1	1	1	1	1	1	1	1	1	1	1	1	1	1	1	1	1	1
90	3000	998	997	972	969	966	964	961	944	935	918	891	877	871	868	858	851	837	836	831	809	799	793	789	788	786	785	769	749	739	738	723	721	719	696	693	673	666	662	655	643	641	638	630	617	610	606	599	598	572	560	559	530	507	504	492	486	483	470	467	465	460	452	448	434	413	409	404	403	400	395	393	385	384	378	369	365	360	358	356	351	345	295	258	245	232	229	222	220	214	209	1	1	1	1	1	1	2	1	1	1	2	1	1	1	1	1	1	1	1	2	1	1	1	1	1	1	1	1	1	1	1	1	1	2	2	1	1	2	1	1	1	1	1	1	1	1	1	1	2	1	1	1	1	1	1	1	1	1	1	1	2	1	1	1	1	1	1	1	1	1	1	1	1	1	1	1	2	1	2	1	1	1	1	1	1	1	1	1	1	1
94	3000	998	996	984	979	962	960	945	943	939	937	928	919	915	910	906	905	904	901	894	891	879	842	826	814	813	812	811	809	806	801	798	797	776	774	770	769	761	759	734	730	722	720	701	688	682	681	664	651	649	637	632	629	623	612	610	607	564	544	498	488	486	466	447	443	436	431	413	407	372	371	361	352	351	350	348	342	341	340	337	320	319	312	297	282	273	241	237	234	229	225	221	216	210	209	1	1	1	1	1	1	1	1	1	1	1	1	1	1	1	1	1	1	1	1	1	1	1	1	1	2	1	1	1	1	1	1	1	1	1	1	1	1	1	1	1	1	1	2	1	1	2	1	1	1	1	1	1	1	1	1	1	1	1	1	2	1	1	1	1	1	1	1	2	1	1	1	1	1	1	1	1	1	1	1	1	1	2	1	1	1	1	1	1	1	1	1	1	1
96	3000	992	987	982	980	977	967	964	961	943	941	933	929	923	922	918	907	902	887	886	875	862	840	785	779	775	767	764	762	751	714	703	698	697	682	672	665	657	645	636	632	630	627	616	610	603	596	589	586	578	572	566	552	549	542	528	523	510	502	499	484	482	481	473	453	452	443	435	432	429	428	427	392	391	386	376	366	361	357	347	346	343	342	339	333	332	325	311	305	301	299	298	280	249	241	204	200	1	1	1	1	1	1	1	1	1	1	1	1	1	1	1	1	1	1	1	2	1	2	1	1	1	1	1	1	1	1	1	1	1	1	1	1	1	1	1	1	1	1	1	1	1	1	1	1	1	1	1	1	1	2	1	1	1	1	1	1	1	1	1	1	1	1	1	1	1	1	1	1	1	1	1	1	1	1	1	1	1	1	2	1	1	1	1	1	1	1	1	1	1	1	1	1
92	3000	982	970	969	966	958	946	936	934	930	919	909	907	905	900	897	891	881	879	854	842	841	839	833	830	812	806	799	798	792	784	749	746	744	737	736	731	726	718	702	699	696	689	688	679	669	667	665	661	657	653	645	627	617	610	599	584	577	576	567	565	559	558	520	509	476	463	452	451	445	440	434	433	432	415	393	386	385	376	365	350	342	336	311	307	294	293	265	262	228	226	216	209	1	1	1	1	1	1	1	1	1	1	1	1	1	1	1	1	1	1	1	1	1	1	1	1	1	1	1	1	1	1	2	1	1	1	1	1	1	1	1	1	1	1	1	1	1	1	1	1	1	1	2	1	2	1	1	1	2	1	2	1	1	1	1	1	1	1	1	1	1	1	1	1	1	2	1	1	1	1	1	2	1	1	1	1	1	1	1	1	2	1	1	1
95	3000	978	977	943	940	928	927	904	900	891	886	885	876	871	870	856	852	837	835	822	819	805	791	787	782	780	778	767	754	745	742	741	737	732	716	708	706	705	699	687	682	681	664	663	639	637	635	632	619	615	603	596	568	556	549	547	544	537	522	520	490	480	472	470	465	463	456	447	422	419	393	392	385	358	329	317	315	302	296	276	275	263	260	258	257	256	246	242	239	237	236	230	214	206	204	200	1	1	1	1	1	1	1	1	2	1	1	1	1	1	1	1	1	1	1	1	1	1	1	1	1	1	1	1	2	1	1	1	1	1	1	1	2	1	1	1	1	1	1	1	1	1	1	1	1	1	1	1	1	1	1	1	1	1	1	1	2	1	1	1	1	1	1	1	1	1	1	1	1	1	1	1	1	1	1	1	1	1	1	1	1	1	1	1	1	2	1	1	1	1	1
95	3000	988	986	985	981	969	964	958	956	953	942	912	891	882	870	853	842	818	801	798	792	775	771	765	759	755	747	743	729	727	724	715	704	703	702	693	690	686	681	680	664	657	652	645	643	632	629	611	608	602	601	589	582	581	570	566	551	546	543	513	508	495	488	476	469	465	462	456	454	428	426	417	415	400	395	393	383	350	347	335	331	329	313	311	304	299	287	280	277	247	240	230	218	214	204	200	1	1	1	1	1	1	1	1	1	1	1	1	1	1	1	1	1	1	1	1	1	1	1	1	1	1	2	1	1	1	1	1	1	1	1	1	1	1	1	1	1	1	1	1	1	1	1	1	1	1	1	1	1	1	1	1	1	1	1	1	1	1	2	1	1	1	1	1	1	2	1	1	1	1	1	1	1	1	1	2	1	1	1	1	2	1	1	1	1	1	1	1	1	1	1
94	3000	996	971	967	951	950	941	939	933	926	923	909	907	904	902	901	892	883	876	875	865	851	844	833	825	820	813	798	787	786	772	764	742	713	710	707	700	696	695	693	676	674	667	666	658	653	643	625	618	616	613	600	563	553	541	540	534	516	511	490	487	464	438	437	435	427	410	409	408	406	403	393	377	373	369	367	365	363	360	356	345	341	335	296	293	286	265	255	254	252	250	247	225	222	218	1	1	1	1	1	1	1	1	1	2	1	1	1	2	1	1	1	1	1	1	1	1	1	1	1	1	1	2	2	1	1	1	1	1	1	1	1	1	1	1	1	1	1	1	1	1	1	1	1	1	1	1	1	1	1	1	1	1	1	2	1	1	1	1	1	1	1	1	1	1	1	1	1	1	1	1	1	1	1	1	1	1	1	1	1	1	1	1	1	1	1	2	1	1
