10
97	2000	994	985	983	980	966	945	944	943	939	935	909	901	893	892	885	879	877	869	853	852	848	842	835	828	822	813	807	805	802	801	794	788	784	778	776	774	773	757	750	746	723	704	703	702	690	676	675	671	628	618	617	611	610	581	574	567	561	552	538	531	520	519	518	504	502	499	490	482	455	443	434	412	403	400	382	373	363	358	341	333	298	290	282	279	277	275	273	267	258	251	249	244	242	236	233	222	205	2	1	1	1	1	1	1	1	1	1	1	1	1	1	1	1	1	1	1	1	1	1	1	1	1	1	1	1	2	1	1	1	1	1	1	1	1	1	1	1	1	1	1	1	1	1	1	1	1	1	1	1	1	1	1	1	1	1	1	1	1	1	1	1	1	1	1	1	1	1	1	1	1	1	1	1	1	1	2	1	1	1	1	1	1	1	1	1	1	1	1	1	1	1	1	1	1
96	2000	989	980	958	951	948	944	939	935	931	921	920	918	916	874	870	867	849	845	842	841	836	826	811	810	801	800	799	784	775	774	755	743	738	737	733	723	717	710	703	696	680	672	657	653	639	637	610	607	595	575	571	569	568	523	519	506	491	485	482	466	450	437	435	430	428	427	409	405	399	398	396	395	379	373	366	352	345	343	335	321	320	308	305	298	294	287	282	271	256	253	248	233	228	221	206	202	1	1	1	1	1	1	1	1	1	1	1	1	1	1	1	1	1	1	1	1	1	1	1	1	1	1	1	1	1	1	1	1	1	1	1	1	1	1	1	1	1	1	1	1	1	1	1	1	1	1	1	1	1	1	1	1	1	1	1	1	1	1	1	1	1	1	2	1	1	1	1	2	1	1	1	1	1	1	2	1	2	1	1	1	1	1	1	1	1	1	1	1	1	1	1	1
95	2000	999	970	968	961	957	923	906	898	894	844	837	821	808	807	804	791	789	787	784	783	778	770	756	751	743	735	713	705	702	701	686	680	679	672	671	669	653	631	630	624	620	602	598	596	588	587	574	572	571	569	565	556	555	547	541	534	522	515	509	503	502	482	480	465	452	446	441	439	432	430	429	428	423	421	418	413	388	365	341	339	320	315	310	309	308	257	256	234	232	223	222	213	212	210	200	1	1	1	1	1	2	1	1	1	1	1	1	1	1	1	1	1	1	1	1	1	1	1	1	1	1	1	1	2	1	1	1	1	1	1	1	1	1	1	2	1	1	1	1	1	1	1	1	1	1	1	1	1	1	1	1	1	1	1	1	1	1	1	1	1	1	1	1	1	1	1	1	1	2	1	1	1	1	1	1	1	1	1	1	2	1	1	1	1	1	1	1	1	1	1
96	2000	986	977	972	962	959	947	946	942	934	932	931	917	900	870	866	864	863	855	839	837	834	832	822	821	810	808	785	783	771	761	758	747	731	729	723	719	714	706	702	693	677	675	652	601	595	576	572	562	561	559	556	555	551	546	539	533	518	516	509	508	506	492	483	480	465	464	462	402	401	399	398	394	377	359	340	328	320	318	311	309	307	305	304	298	293	275	266	252	251	227	225	224	221	218	210	207	1	1	1	1	1	1	1	1	1	1	1	1	1	1	1	1	1	1	1	1	1	1	1	1	1	1	1	1	1	1	1	1	1	1	1	1	1	1	1	1	1	1	1	1	1	1	1	1	1	1	1	1	1	1	1	1	1	1	1	1	1	1	1	1	1	1	1	1	2	2	1	1	1	1	1	1	1	1	1	1	2	1	1	1	1	1	1	1	1	1	1	1	1	1	2	1
93	2000	999	991	973	969	956	952	947	935	933	925	918	898	889	887	880	877	873	859	844	833	828	827	825	803	790	787	763	761	760	753	731	730	723	719	714	707	706	696	694	684	680	673	661	645	642	630	621	595	586	574	554	539	533	532	525	518	511	505	496	490	489	485	478	475	469	453	450	448	435	432	431	426	415	410	408	401	397	382	375	370	354	335	330	328	324	311	305	297	289	257	250	237	205	1	1	1	1	2	1	1	1	1	1	1	1	1	1	1	1	1	1	1	1	1	2	1	1	1	1	1	1	1	1	1	1	1	1	1	1	1	1	1	1	1	1	1	1	1	1	1	1	1	1	1	1	1	1	1	1	1	2	1	1	2	1	1	1	1	1	1	1	1	1	2	1	1	1	1	1	1	1	1	1	1	2	1	1	1	1	1	1	1	2	1	1	1
92	2000	993	992	976	972	965	963	959	932	920	918	910	904	902	892	868	850	829	823	822	821	798	790	780	776	763	757	740	736	735	706	703	689	679	665	661	660	649	630	622	618	616	608	603	590	587	576	574	570	561	544	532	523	520	513	507	500	499	495	490	482	474	471	442	438	435	431	423	419	417	406	400	398	378	371	370	369	366	365	358	349	344	340	333	324	320	303	302	298	295	278	241	204	2	1	1	1	1	1	1	1	1	2	1	1	1	1	1	2	1	1	1	1	1	1	1	1	1	1	2	1	1	1	1	1	1	1	1	1	1	2	1	1	1	1	1	1	1	1	1	1	1	1	1	1	1	1	1	1	1	1	1	1	1	1	2	1	2	1	1	2	1	1	1	1	1	1	1	1	1	1	1	1	1	1	1	1	1	1	1	1	1	1	1	1
94	2000	991	985	979	958	956	955	952	948	946	933	917	915	903	900	883	870	842	841	836	818	807	787	784	775	773	771	768	751	736	723	717	706	695	689	680	671	662	660	647	608	602	596	595	589	588	580	578	569	566	563	554	551	547	545	535	532	510	489	482	474	471	469	456	441	440	434	431	430	426	410	382	366	357	355	349	346	334	322	303	302	289	261	259	256	243	235	230	224	223	222	217	215	206	205	1	1	2	1	1	1	2	1	1	1	1	1	1	1	1	1	1	1	1	2	1	1	1	1	1	1	1	1	1	1	1	1	2	1	1	1	1	1	2	1	1	1	1	1	1	1	1	1	1	1	1	1	1	1	1	1	1	1	1	1	1	1	1	1	2	1	1	1	1	1	1	1	1	1	1	1	1	1	1	1	1	1	1	1	1	1	1	1	1	1	1	1	1	1
94	2000	999	991	977	967	966	965	947	946	933	908	905	895	884	883	881	870	856	849	842	837	821	815	807	802	795	787	785	777	744	737	730	708	701	687	677	676	671	647	637	634	598	583	572	542	536	526	524	511	505	493	487	480	466	459	457	407	401	395	394	392	383	380	379	374	369	366	342	340	324	321	320	318	315	310	291	283	262	257	254	251	244	243	241	237	234	227	224	221	218	213	209	205	204	201	1	1	1	1	1	1	1	1	1	1	1	1	1	1	1	1	1	2	1	1	1	1	1	1	1	1	1	1	1	1	1	1	1	1	1	1	1	1	1	1	1	1	1	1	1	1	1	2	1	1	1	2	2	1	2	1	1	1	1	1	1	1	1	1	1	1	1	1	1	1	1	1	1	1	2	1	1	1	1	1	1	1	1	1	1	1	1	1	1	1	1	1	1	1
93	2000	990	988	984	977	951	945	943	939	937	927	920	914	898	888	878	874	868	858	851	825	803	795	794	792	789	784	783	782	777	776	755	753	748	743	736	715	689	679	676	671	656	655	654	637	635	628	600	598	578	577	557	556	553	547	545	535	521	497	477	474	470	468	452	450	440	432	430	426	423	396	381	369	366	359	356	348	346	342	322	319	301	283	278	268	257	248	246	245	243	235	231	226	224	1	1	1	1	1	1	1	1	1	1	1	1	1	1	1	1	1	1	1	1	1	1	1	1	1	1	1	1	1	1	2	1	1	1	1	1	1	1	1	1	1	1	1	1	2	1	1	1	1	1	1	1	1	1	1	2	2	1	1	1	1	1	1	1	1	1	1	1	1	1	1	1	1	1	2	1	1	1	2	1	1	1	1	1	1	1	1	1	2	1	1	1	1
94	2000	994	991	987	984	983	979	978	968	964	958	956	954	951	932	927	916	894	890	879	871	867	862	859	852	850	840	835	834	830	824	815	813	786	774	773	766	761	753	746	739	732	731	729	728	722	714	691	679	675	670	667	656	645	644	628	625	622	592	588	584	579	564	557	552	534	509	482	464	462	453	450	428	380	378	375	373	359	353	314	305	300	299	294	282	275	272	263	261	258	252	238	232	204	202	1	1	1	1	1	1	1	1	1	2	1	1	1	1	1	1	1	1	1	1	1	1	1	1	1	1	1	1	1	1	1	1	1	2	1	1	1	1	1	1	1	1	1	1	1	1	1	1	1	1	1	1	1	1	1	1	1	1	1	1	1	1	1	1	1	1	1	1	1	1	2	1	2	1	1	1	1	1	1	1	1	2	1	1	1	1	1	1	1	1	1	1	2	1
