10
91	5000	994	988	980	965	958	947	896	894	892	887	885	879	848	822	798	789	787	778	775	770	765	764	757	756	739	736	730	713	705	700	687	664	654	653	648	647	644	636	635	624	619	617	616	615	597	554	551	548	542	513	492	485	484	478	475	468	456	452	432	424	423	413	402	396	394	389	373	372	369	367	359	354	346	345	334	325	314	312	311	290	274	272	271	258	253	245	237	228	226	219	201	1	1	1	1	1	1	1	1	1	1	1	1	2	1	2	2	1	1	1	1	1	1	1	1	1	1	1	1	1	1	1	1	1	1	1	1	1	2	1	1	1	1	1	2	1	1	1	2	1	1	1	1	1	1	1	1	1	1	1	1	1	2	1	1	1	1	1	1	1	1	1	1	1	1	1	1	2	1	1	1	1	1	1	1	1	1	1	1	1	2	1
96	5000	996	981	979	976	966	948	946	942	939	934	931	912	903	902	900	886	885	846	834	822	821	816	811	779	777	776	773	766	747	745	740	729	723	693	690	659	656	637	635	625	624	623	618	611	596	588	586	584	578	565	550	547	538	518	516	508	501	500	498	493	492	480	455	448	434	429	424	419	405	402	400	399	397	382	375	362	359	321	318	316	311	308	302	297	291	288	287	277	271	260	245	220	219	218	214	213	1	1	1	1	1	1	1	1	1	1	1	1	1	1	1	1	1	1	1	1	1	1	1	1	1	1	1	1	1	1	1	1	1	1	1	2	1	1	1	1	1	1	1	1	1	1	1	1	1	1	1	1	2	1	1	1	1	1	1	1	1	1	1	1	1	1	1	1	1	2	1	1	1	1	1	1	1	1	1	1	1	1	1	1	1	1	2	1	1	1	1	1	1	1	1	1
97	5000	980	976	975	972	949	942	939	934	929	920	919	915	887	877	862	859	856	847	841	834	830	799	792	791	772	769	764	760	758	752	740	731	693	690	677	664	661	659	645	643	641	633	630	616	612	611	604	596	578	567	563	551	543	537	536	519	502	497	495	490	487	480	478	470	458	454	453	427	422	418	414	410	406	382	375	351	342	334	332	329	326	309	307	305	302	300	298	293	292	283	276	263	259	251	245	232	229	1	1	1	1	1	1	1	1	1	1	1	1	1	1	1	1	1	1	2	1	1	1	1	1	1	1	1	1	1	1	1	1	1	1	1	1	1	1	1	1	1	1	1	1	1	1	1	1	1	1	1	2	1	1	1	1	1	1	1	1	1	1	1	1	1	1	1	1	1	1	1	1	1	1	1	1	1	1	1	1	1	1	1	1	1	1	1	2	1	1	1	1	1	1	1	1	1
97	5000	977	971	970	968	951	937	926	923	917	902	897	896	880	860	856	854	851	849	837	829	822	784	783	772	768	765	756	754	753	747	741	738	730	724	721	713	703	699	682	678	673	664	653	647	601	598	589	579	573	566	558	549	547	543	542	540	536	531	522	510	506	489	487	484	480	475	473	471	458	431	429	419	412	410	407	404	403	394	387	354	343	339	329	311	307	297	286	282	267	262	244	241	231	227	223	219	214	1	1	1	1	1	1	1	1	1	1	1	1	1	1	1	1	1	1	1	1	1	1	1	1	1	1	1	1	1	1	1	1	1	1	1	1	1	1	1	1	1	1	1	1	1	1	1	1	1	1	1	1	3	1	1	1	1	1	1	1	1	1	1	1	1	1	1	1	1	1	1	1	1	1	1	1	1	1	1	1	1	1	1	1	1	1	1	1	1	1	2	1	1	1	1	1	1
90	5000	971	967	959	951	949	936	929	928	916	905	903	896	892	888	880	873	867	864	852	843	840	805	800	798	793	772	768	764	761	759	756	754	723	719	718	717	714	713	710	692	672	669	667	663	659	651	649	634	622	615	595	565	554	532	531	514	513	487	470	462	452	445	412	406	404	390	388	381	379	375	371	358	339	337	336	329	328	315	313	309	303	296	239	237	235	234	221	219	214	206	1	3	1	1	1	1	1	1	1	1	1	1	1	1	1	1	1	1	1	1	1	1	1	1	1	1	1	2	1	1	1	1	1	1	1	2	1	1	1	1	1	1	1	1	2	1	1	2	1	1	1	1	1	1	1	1	1	1	1	1	1	1	1	1	1	1	1	1	1	1	1	1	1	1	1	1	2	1	2	1	1	1	1	1	1	2	1	2	1	1
92	5000	997	996	993	990	985	983	982	979	965	957	954	952	951	930	929	918	903	885	875	868	862	857	837	825	820	804	785	763	762	745	740	719	714	712	705	699	695	685	675	660	658	644	639	634	627	610	595	592	589	580	578	574	571	562	549	514	507	504	503	476	470	465	462	459	456	452	451	443	400	394	364	358	356	354	334	325	321	319	307	306	296	289	284	280	266	261	259	256	249	232	228	224	1	1	2	1	1	2	1	1	1	1	2	1	1	1	1	2	1	1	1	1	1	1	1	2	1	1	1	1	1	1	1	1	1	1	1	1	1	1	1	1	1	1	1	1	1	1	1	2	1	1	1	1	1	2	1	1	1	1	1	1	1	1	1	1	1	1	1	1	1	1	1	1	1	1	1	1	1	1	1	1	1	1	1	1	2	1	1	1	1	1	1	1
90	5000	991	989	963	946	936	925	923	919	907	897	885	865	850	848	847	845	843	819	817	800	796	785	780	775	760	759	752	748	733	728	725	716	701	689	685	667	656	654	650	648	639	615	592	582	576	568	566	546	543	542	538	531	530	528	524	519	517	505	499	493	488	477	465	452	425	414	410	404	398	353	347	342	326	324	320	311	303	286	275	270	237	234	232	230	221	217	212	210	206	205	1	1	1	1	1	1	1	1	1	1	1	1	1	1	1	2	1	1	1	1	1	1	1	1	1	2	1	1	1	1	2	1	1	1	1	1	1	1	2	1	1	1	1	2	1	1	1	1	1	1	2	1	1	1	1	3	1	1	1	1	1	1	1	1	1	1	1	1	1	1	1	2	1	2	1	1	1	1	1	1	1	1	1	1	1	1	1	1	1	1
92	5000	998	993	979	969	950	949	944	941	940	933	932	906	902	892	883	882	880	872	869	854	850	841	820	785	774	772	771	761	756	752	751	736	719	698	688	682	680	643	638	633	626	622	610	600	587	579	574	571	564	561	548	546	542	539	533	520	518	504	497	491	476	470	469	462	446	439	436	428	421	418	411	408	397	396	389	388	365	361	346	329	323	287	283	276	269	268	265	251	229	222	211	204	1	1	1	1	1	1	1	2	1	1	2	1	1	1	1	1	1	2	1	1	1	1	1	1	1	1	1	1	1	1	1	1	1	1	1	1	1	1	1	1	1	1	1	1	1	1	1	2	1	1	1	1	1	1	1	1	1	1	1	1	1	1	1	1	1	1	1	1	1	1	1	1	1	1	1	1	1	1	1	1	1	1	2	1	1	1	1	1	1	2	2	2
88	5000	994	990	973	965	961	951	941	940	934	917	903	888	864	861	849	838	829	796	792	787	781	777	768	756	750	744	740	730	719	718	716	711	703	687	679	675	667	649	630	618	586	577	574	545	526	512	510	473	470	460	448	436	430	414	398	382	378	376	374	370	365	353	351	349	343	334	333	324	319	318	317	316	299	289	279	275	270	265	260	258	255	252	239	233	227	214	210	208	1	1	1	1	1	1	1	2	2	1	1	1	1	2	1	1	1	1	1	1	1	1	1	1	1	1	1	1	2	1	1	1	1	1	1	1	1	1	1	1	1	1	1	1	2	1	1	1	1	1	2	1	1	1	2	1	1	1	1	3	1	1	1	2	1	1	1	1	1	1	1	1	1	1	1	1	1	1	1	1	2	1	1	1	2	1	1	1
89	5000	993	991	982	981	975	961	954	947	934	930	925	923	918	916	911	910	906	901	888	880	857	856	852	846	843	834	826	823	821	819	816	815	809	799	784	773	763	750	743	742	729	701	654	637	633	626	618	609	601	577	570	566	565	563	557	541	535	522	515	514	513	507	501	500	495	494	479	476	467	463	460	456	451	449	439	420	410	401	389	388	387	346	322	299	254	249	247	227	217	1	1	1	1	1	1	1	1	1	1	1	2	1	2	1	1	1	1	1	1	1	2	1	2	1	1	2	1	1	1	1	1	1	1	2	1	1	1	1	1	1	1	1	1	1	1	2	1	1	1	1	1	2	1	1	1	1	1	1	1	2	1	1	1	1	1	1	1	2	1	1	2	1	1	1	1	1	1	1	1	1	1	1	1	1	1	1	1	1
