10
98	4000	988	987	971	887	885	878	868	866	862	861	850	847	845	840	836	831	825	821	811	795	789	784	778	772	767	754	752	735	731	725	719	713	704	691	680	648	646	638	630	623	610	606	592	590	587	586	574	568	564	563	562	551	549	541	538	527	526	520	510	508	505	485	482	480	469	457	451	437	435	432	422	414	413	408	398	382	371	341	335	332	320	319	317	310	298	297	293	287	285	279	261	247	243	236	225	221	218	208	1	1	1	1	1	1	1	1	1	1	1	1	1	1	1	1	1	1	1	1	1	1	1	1	1	2	1	1	1	1	1	1	1	1	1	1	1	1	1	1	1	1	1	1	1	1	1	1	1	1	1	1	1	1	1	1	1	1	1	1	1	1	1	1	1	1	1	1	1	1	1	1	1	1	1	1	1	1	1	1	1	1	1	1	1	1	1	1	2	1	1	1	1	1	1	1	1	1
94	4000	999	981	966	961	958	956	949	933	903	901	899	892	874	861	851	838	832	826	821	820	817	808	802	798	774	773	768	764	736	684	670	667	663	655	627	618	617	614	613	602	599	596	594	588	580	565	550	548	543	534	533	517	508	504	502	492	483	475	474	454	451	441	436	429	428	407	404	401	397	396	379	358	348	347	342	340	331	328	322	315	313	311	291	283	282	251	249	248	239	236	230	220	218	214	1	1	1	1	1	1	1	1	1	1	1	1	1	1	1	1	1	1	1	1	2	1	1	2	1	1	1	1	1	1	1	1	1	1	1	1	1	1	1	1	1	2	2	1	1	1	1	1	1	1	1	1	1	1	1	1	1	1	1	1	1	1	1	2	1	1	1	1	1	1	1	1	1	1	1	1	1	1	1	1	1	1	1	1	1	1	1	1	1	1	1	1	1	2
90	4000	994	984	979	976	975	972	949	938	935	918	895	892	887	879	863	856	850	845	838	831	822	817	808	799	782	781	780	772	769	759	752	751	746	717	714	700	697	681	657	641	637	625	613	611	604	601	594	591	588	587	583	563	549	545	541	538	519	513	505	501	477	474	471	453	446	417	406	374	366	359	358	346	342	338	327	311	306	304	292	290	283	273	267	258	242	225	222	221	220	207	1	1	1	1	1	1	1	1	1	1	1	1	1	1	1	1	1	1	1	1	2	2	1	1	1	1	1	1	1	1	1	1	1	2	2	1	1	1	1	1	1	1	1	1	1	1	2	1	1	1	1	1	1	1	2	1	1	1	1	1	1	2	1	2	1	1	1	1	1	1	1	1	1	1	2	1	1	1	1	1	1	1	2	1	1	1	1	1	1	1
93	4000	989	975	969	964	963	951	950	945	934	930	920	913	911	910	907	901	896	891	890	881	877	867	863	856	851	830	825	800	795	784	783	781	769	758	746	737	726	714	710	669	664	643	637	629	627	617	614	606	599	598	590	589	586	577	567	533	519	506	503	502	490	472	469	466	446	432	423	422	417	401	398	375	368	365	361	354	317	315	311	300	291	285	282	254	251	241	239	238	228	208	205	204	203	1	1	1	1	1	1	1	1	1	1	1	1	1	1	1	1	2	2	1	1	1	1	1	1	1	1	2	1	1	1	1	3	1	1	1	1	1	1	1	1	1	1	1	1	1	2	1	2	1	1	1	1	1	1	1	1	1	1	1	1	1	1	1	1	1	1	1	1	1	1	1	1	1	1	1	1	1	1	1	1	1	1	1	1	1	1	1	1	1	1	1	1	1
96	4000	992	983	982	973	970	959	954	941	932	917	891	880	875	873	865	864	856	843	829	826	821	819	812	811	785	774	768	763	759	758	752	734	731	721	718	702	694	676	673	666	665	662	643	638	629	613	609	607	601	584	569	556	549	536	529	527	526	509	503	489	474	453	452	450	447	431	428	425	408	404	393	390	382	378	360	359	353	352	349	347	341	335	319	311	308	304	291	288	269	263	253	240	236	222	220	206	1	1	1	1	1	1	1	1	1	1	1	1	1	1	1	1	1	1	1	1	1	1	1	1	1	1	1	1	1	1	1	1	1	1	1	2	1	1	1	1	1	1	1	1	1	1	1	1	1	1	1	1	1	1	2	1	1	1	1	1	1	1	1	1	1	1	1	1	1	1	1	1	1	1	1	1	1	1	2	1	1	1	1	1	1	1	1	1	1	1	1	2	1	1	1	1
90	4000	999	985	980	979	968	918	913	908	893	892	891	865	848	839	833	829	804	796	788	779	773	770	769	766	743	739	735	732	728	718	716	715	679	678	669	668	659	657	652	650	634	623	612	611	605	603	602	600	589	576	575	562	560	555	547	532	512	504	500	473	470	469	452	440	416	404	402	393	386	377	374	348	343	340	312	301	287	282	280	278	273	269	261	248	246	245	242	225	219	201	1	1	1	1	2	1	1	2	2	1	1	1	1	1	1	1	1	1	1	1	1	1	1	1	1	1	1	1	1	1	2	1	1	1	1	1	1	1	1	1	2	1	1	2	1	1	2	1	1	1	1	1	1	1	1	1	1	1	2	1	1	1	1	1	1	1	1	1	1	1	2	2	1	1	1	1	1	1	1	1	1	1	1	1	1	1	1	1	1	1
94	4000	991	988	981	971	965	961	959	957	956	952	951	945	942	926	922	906	902	895	894	882	878	870	868	862	853	839	836	830	815	801	795	768	766	751	749	740	725	708	701	688	685	681	679	674	652	634	623	615	610	578	575	559	554	543	524	521	518	513	497	495	494	489	478	468	453	452	448	447	434	432	417	410	403	395	394	393	376	351	342	332	331	317	300	277	264	263	255	243	228	224	215	208	201	200	1	1	1	1	1	1	1	1	1	1	1	1	1	1	1	1	1	1	1	1	1	1	1	1	1	1	1	1	1	1	1	1	1	1	1	1	1	1	2	1	1	2	1	1	1	1	1	1	1	1	1	1	1	1	1	1	1	1	1	1	1	2	1	1	1	1	1	1	1	1	2	2	1	1	1	1	1	1	1	1	1	1	1	1	1	1	1	1	1	2	1	1	1	1
90	4000	991	972	952	949	928	921	910	894	892	881	872	868	854	840	839	835	831	826	818	817	811	807	784	778	773	769	765	747	736	697	688	687	685	671	660	650	640	629	624	617	616	597	596	588	586	583	579	577	576	574	566	556	554	549	533	526	524	521	513	512	485	471	466	461	460	459	458	450	442	441	434	432	423	420	406	398	387	336	327	314	300	289	274	261	255	238	227	217	214	203	1	1	1	1	1	1	1	1	1	3	1	1	1	1	1	1	1	1	1	1	1	1	1	1	1	1	1	1	1	1	1	1	1	1	1	1	1	1	1	1	2	1	1	1	1	1	1	2	1	1	1	1	1	1	1	1	1	1	1	1	1	1	1	1	1	1	2	1	1	2	1	1	1	1	3	1	1	1	1	1	2	1	1	1	1	1	2	1	1	1
94	4000	995	990	976	971	965	962	942	938	935	928	919	902	896	887	874	868	867	859	854	853	843	840	838	835	815	810	807	791	788	785	772	755	748	743	740	739	734	733	726	724	715	695	689	670	630	620	612	611	604	590	568	567	559	538	531	526	505	495	489	475	467	463	448	444	420	418	412	406	402	392	389	387	371	364	359	358	353	345	326	307	304	297	289	275	273	263	247	226	225	223	221	217	202	200	1	1	1	1	1	1	1	1	2	1	1	1	1	1	1	1	1	1	1	2	1	1	1	2	1	1	1	1	1	1	2	1	1	1	1	1	1	1	1	1	1	1	1	1	1	1	1	1	1	1	1	1	1	1	1	1	1	1	1	1	1	1	2	1	2	1	1	1	1	1	1	1	1	1	1	1	1	1	1	1	1	1	1	1	1	1	1	1	1	1	1	1	1	1
95	4000	995	994	984	980	978	974	973	972	939	917	908	896	894	891	887	886	879	867	864	853	849	847	836	813	806	780	776	770	769	763	761	749	748	742	733	730	720	715	713	712	700	699	680	669	658	639	636	629	626	625	587	583	575	569	560	553	529	514	505	503	496	485	476	474	460	453	435	434	432	424	410	404	390	386	385	377	375	364	353	351	344	339	335	332	323	322	292	291	285	274	269	244	243	222	205	1	1	1	2	1	1	1	1	1	1	1	2	1	1	1	1	1	1	1	1	1	1	1	1	1	1	1	1	1	1	1	1	2	1	1	1	1	1	1	1	1	1	1	1	1	1	1	1	1	1	1	1	1	1	2	1	1	1	1	1	1	1	1	1	1	1	1	1	1	1	1	1	1	1	1	1	1	1	1	1	1	2	1	1	1	1	1	1	1	1	1	1	1	1	1
