10
96	2000	993	981	976	970	964	949	945	944	942	941	930	927	923	910	897	875	849	838	835	828	827	826	781	752	751	736	721	720	705	692	691	688	686	676	674	673	662	645	643	639	635	630	620	615	590	589	586	566	545	541	507	487	479	478	467	454	446	437	423	422	415	403	390	377	368	358	340	337	317	296	285	266	263	241	239	235	234	226	212	207	197	175	174	173	168	160	141	139	125	108	102	81	70	63	23	3	1	1	1	1	1	1	1	1	1	1	1	2	1	1	1	1	1	1	1	1	1	1	1	1	1	1	1	1	1	1	1	1	1	1	1	1	1	1	1	1	1	1	1	1	1	1	1	1	1	1	1	1	1	1	1	1	1	1	1	1	1	1	1	1	1	1	1	1	1	1	1	1	1	3	1	1	1	1	1	1	1	1	1	1	1	2	1	1	1	1	1	1	1	1	1	1
96	2000	993	985	984	949	948	930	926	922	921	903	887	859	850	847	846	841	837	815	809	805	804	803	790	788	775	755	750	748	747	741	739	736	734	706	702	694	692	683	678	677	674	665	664	649	647	643	571	567	564	559	554	552	545	540	537	530	523	512	500	491	489	483	447	420	410	407	402	401	381	367	347	340	332	331	314	267	266	250	249	240	224	223	205	177	168	165	140	137	113	111	75	73	35	25	15	5	1	1	1	1	1	1	1	1	1	2	1	2	1	1	1	1	1	1	1	1	1	2	1	1	1	1	1	1	1	1	1	1	1	1	1	1	1	1	1	1	2	1	1	1	1	1	1	1	1	1	1	1	1	1	1	1	1	1	1	1	1	1	1	1	1	1	1	1	1	1	1	1	1	1	1	1	1	1	1	1	1	1	1	1	1	1	1	1	1	1	1	1	1	1	1	1
96	2000	975	970	956	952	937	919	902	896	894	874	869	838	837	833	807	797	773	759	740	736	734	720	718	715	707	701	690	689	671	669	666	659	653	641	637	633	621	611	583	530	526	517	511	499	496	471	470	460	457	453	426	419	412	400	389	371	363	362	340	330	321	314	298	296	293	285	273	270	269	266	258	233	220	218	215	199	184	181	180	174	157	151	142	138	134	131	128	126	119	115	109	106	96	75	70	52	1	1	1	1	1	1	1	2	1	1	1	1	1	1	1	1	1	1	1	1	1	1	1	2	1	1	1	1	1	1	1	1	1	1	1	1	1	1	1	1	1	1	1	1	1	1	1	2	1	2	1	1	1	1	1	1	1	1	1	1	1	1	1	1	1	1	1	1	1	1	1	1	1	1	1	1	1	1	1	1	1	1	1	1	1	1	1	1	1	1	1	1	1	1	1	1
94	2000	991	981	979	977	976	973	957	926	893	877	870	869	856	853	845	839	835	815	803	790	769	766	754	741	739	715	689	683	654	652	628	608	590	584	578	559	544	538	521	520	512	503	495	491	488	476	461	450	440	436	418	402	390	380	379	360	355	352	344	343	305	296	292	281	270	269	268	246	237	232	231	213	211	182	171	161	152	139	131	125	121	102	75	71	64	62	55	50	47	37	35	13	10	3	1	1	1	1	1	1	1	1	1	1	1	1	1	2	1	1	1	1	1	1	1	1	1	1	1	1	1	1	1	1	1	1	1	1	2	1	1	1	1	1	1	1	2	1	1	1	1	1	1	1	2	1	1	1	1	1	1	1	1	1	1	1	1	1	1	2	1	1	1	1	1	1	1	1	1	1	1	1	1	1	2	1	1	1	1	1	1	1	1	1	1	1	1	1
97	2000	997	992	952	945	916	905	890	887	886	878	874	859	857	850	842	839	832	830	825	823	806	790	783	772	771	766	762	757	726	719	713	707	696	683	680	676	656	649	634	603	598	575	574	573	555	549	544	536	529	521	500	484	470	458	454	451	434	409	395	394	378	373	369	359	325	309	295	274	256	248	247	238	236	225	212	210	207	201	194	136	135	132	113	105	94	86	70	61	55	52	51	48	42	31	29	28	11	1	1	1	1	1	1	1	1	1	1	1	1	1	2	1	1	1	2	1	1	1	1	1	1	1	1	1	1	1	1	1	1	1	1	1	1	1	1	1	1	1	1	1	1	1	1	1	1	1	1	1	1	1	1	1	1	1	1	1	1	1	1	1	1	1	1	1	1	1	1	1	1	1	1	1	1	1	1	1	1	1	1	1	1	1	1	1	1	1	1	1	2	1	1	1	1	1
97	2000	996	982	971	947	925	922	913	910	909	903	892	888	885	877	867	837	813	805	804	794	787	784	782	762	759	755	740	731	729	728	726	720	698	686	674	651	640	614	613	606	602	584	570	568	565	533	509	506	493	467	460	452	449	438	391	390	388	385	380	371	364	358	329	319	314	307	301	294	282	281	273	239	216	209	205	203	199	193	182	179	164	155	151	146	139	129	126	96	90	86	79	72	53	51	50	33	22	1	1	1	1	1	1	1	1	1	1	1	1	1	1	1	1	2	1	1	1	1	1	1	1	1	1	1	1	1	1	1	1	1	1	1	1	1	1	1	1	1	1	1	1	1	1	1	1	1	2	1	1	1	1	1	1	1	1	1	1	1	1	1	1	1	1	1	1	1	2	1	1	1	1	1	1	1	1	1	1	1	1	1	1	1	1	1	1	1	1	1	1	1	1	1	1	1
93	2000	999	980	976	965	964	963	904	873	869	868	865	860	847	822	818	804	799	792	780	771	769	756	747	741	740	707	696	688	682	678	674	670	626	599	582	579	569	567	552	546	539	530	528	509	506	495	483	481	470	447	445	443	439	429	428	427	424	414	413	400	399	393	379	377	374	364	362	353	352	351	349	342	335	332	301	285	267	231	202	181	176	173	128	103	102	92	91	51	46	35	16	12	7	1	1	1	1	1	1	1	1	1	1	1	1	2	1	1	1	1	1	1	1	2	1	1	1	1	2	2	1	1	1	1	1	1	1	1	1	1	1	1	1	1	1	1	1	1	1	1	1	1	1	1	1	1	1	1	1	1	1	1	1	2	1	1	1	1	1	1	1	1	1	1	1	1	2	1	1	1	1	1	1	1	2	1	1	1	1	1	1	1	1	1	1	1
92	2000	990	982	979	962	945	938	930	929	928	913	907	900	895	893	882	872	865	857	849	846	809	801	799	793	741	738	735	684	681	676	671	660	647	637	622	610	605	584	580	579	566	564	562	546	527	525	522	513	507	505	502	490	465	464	443	404	394	391	380	370	365	364	361	352	336	330	327	325	314	277	244	242	240	215	205	193	180	174	170	166	148	147	140	131	126	124	109	82	53	26	13	11	1	1	1	1	2	1	1	1	1	1	1	1	1	1	1	1	1	1	1	1	1	1	1	1	1	1	1	1	1	1	1	1	1	1	1	1	2	1	2	1	1	1	1	1	1	1	2	2	1	1	1	1	1	1	1	1	1	1	1	1	1	1	2	1	1	1	1	1	2	1	1	1	1	1	1	1	1	1	1	1	1	1	1	1	1	1	1	1	1	1	2	1
96	2000	998	997	972	950	947	945	943	935	919	902	879	875	873	868	855	835	822	807	806	778	748	728	725	722	706	696	692	685	681	677	675	664	657	646	645	636	632	618	596	593	585	560	559	541	528	523	512	492	482	476	474	465	451	436	428	427	424	394	385	355	342	341	330	326	318	307	302	293	289	280	274	258	237	224	215	199	194	186	184	180	169	164	161	149	145	141	136	135	116	95	94	78	45	34	24	23	1	1	1	1	1	1	1	1	1	1	1	1	2	1	1	1	1	1	1	1	1	1	1	1	1	1	1	1	1	1	1	1	1	1	1	1	1	1	1	1	1	1	1	1	1	1	1	1	1	2	1	1	1	1	1	1	1	1	1	1	1	1	1	1	1	1	1	1	1	1	1	1	2	1	1	1	1	1	2	1	1	1	1	1	1	1	1	1	1	1	1	1	1	1	1	1
95	2000	991	956	916	905	900	891	863	836	823	821	794	782	777	775	752	739	738	731	727	723	719	713	704	696	687	686	670	660	657	655	635	592	587	586	581	578	574	568	544	538	537	535	490	486	476	473	451	436	429	426	420	412	386	383	373	369	348	311	309	305	304	300	298	291	287	267	266	264	259	239	237	235	232	231	224	221	210	200	195	193	181	166	165	152	151	147	135	121	118	98	76	49	34	10	1	1	1	1	1	1	1	1	1	1	1	1	1	1	1	1	1	1	2	1	2	1	2	1	1	1	1	1	1	1	1	1	1	1	1	1	1	1	1	1	1	1	1	1	1	1	1	1	1	1	1	1	1	1	1	1	1	1	1	1	1	1	1	1	1	1	2	1	1	2	1	1	1	1	1	1	1	1	1	1	1	1	1	1	1	1	1	1	1	1	1	1	1	1	1	1
