10
97	1500	993	985	973	963	948	886	872	867	862	843	820	809	807	798	781	776	769	767	761	760	744	732	730	722	691	685	678	644	641	626	624	622	613	612	610	591	583	563	558	541	530	526	518	509	507	496	492	468	440	435	425	416	389	387	368	365	364	362	349	345	329	327	323	308	304	302	297	286	284	269	265	245	242	226	221	217	212	209	200	195	193	144	141	139	132	118	111	100	84	63	59	31	28	22	20	13	7	1	1	1	1	1	1	1	1	1	1	1	1	1	1	1	1	1	1	1	1	1	1	1	1	1	1	1	1	1	2	1	1	1	1	1	1	1	1	1	1	1	1	1	1	1	1	1	1	1	1	1	1	1	1	1	1	1	1	1	1	1	1	1	1	1	1	1	1	1	1	1	1	2	1	1	2	1	1	1	1	1	1	1	1	1	1	1	1	1	1	1	1	1	1	1	1	1
97	1500	997	995	990	972	968	964	955	954	938	930	907	898	894	880	868	857	848	846	845	844	840	829	818	814	803	744	735	726	725	720	706	705	695	682	675	667	650	641	637	626	609	594	589	584	540	538	526	518	512	507	502	501	494	487	480	478	476	468	453	450	441	427	414	411	407	394	392	387	373	364	361	358	342	337	285	243	216	215	212	211	197	195	187	172	171	159	158	153	144	143	135	117	97	71	59	58	13	1	1	1	1	1	1	1	1	1	1	1	1	1	2	1	1	1	1	1	1	1	1	1	1	1	1	1	1	1	1	1	1	2	1	1	1	1	1	1	1	1	1	1	1	1	1	1	1	1	1	1	1	1	1	1	1	1	1	1	1	1	1	1	1	1	1	1	1	1	1	1	1	1	1	1	1	1	1	1	1	1	1	1	1	1	1	2	1	1	1	1	1	1	1	1	1	1
92	1500	985	925	923	919	907	901	898	892	889	871	858	853	851	849	844	832	831	829	816	793	787	780	774	769	749	740	702	675	669	649	641	621	617	611	602	601	592	558	553	542	529	520	517	515	511	496	492	483	449	440	439	431	426	423	407	402	389	387	381	373	366	361	338	334	329	308	264	262	258	257	244	219	189	164	162	155	147	137	135	126	112	98	97	74	61	54	37	34	30	28	14	3	1	1	1	1	1	1	1	1	2	1	1	1	1	1	1	1	1	1	1	1	1	1	1	1	1	1	1	1	1	2	1	1	1	1	1	1	1	1	1	1	1	1	1	2	1	1	1	1	1	1	1	1	1	1	1	2	1	2	1	1	1	1	1	1	1	1	2	1	1	1	1	1	1	1	1	1	1	1	1	1	1	1	1	2	2	1	1	1	1	1	1	1
89	1500	985	980	974	948	931	930	926	925	922	915	910	904	898	882	877	866	850	842	818	815	810	801	782	769	764	763	752	750	741	728	726	711	685	680	677	664	661	659	653	649	645	640	633	626	584	577	567	563	559	528	514	512	478	471	465	458	446	440	430	422	418	416	403	399	397	388	371	335	308	291	262	245	236	209	194	184	181	160	157	126	119	114	80	56	45	42	22	14	11	1	1	1	3	1	1	1	1	1	1	1	1	1	1	1	1	1	1	1	1	1	2	1	1	1	1	1	1	1	2	1	1	1	1	1	1	2	1	2	1	1	1	1	1	1	1	1	1	1	2	1	1	2	1	1	1	1	1	1	1	2	1	1	1	1	1	1	1	1	1	1	1	1	1	1	2	1	2	1	1	1	1	1	1	1	1	1	1	1
97	1500	991	981	972	958	953	947	944	943	942	936	923	912	907	906	898	894	890	884	861	853	850	848	829	828	814	781	779	770	769	759	753	747	746	721	694	687	662	647	639	593	589	557	550	547	530	514	500	498	491	490	476	462	447	437	414	395	390	388	360	359	358	348	333	330	308	296	293	292	289	280	279	254	236	233	228	219	203	183	170	169	151	148	144	135	128	125	117	115	82	64	57	56	47	46	44	37	24	1	1	1	1	1	1	1	1	1	1	1	1	1	1	1	1	1	1	1	1	1	1	1	1	1	1	1	1	1	1	1	1	1	1	2	1	1	1	1	1	1	1	1	2	1	1	1	2	1	1	1	1	1	1	1	1	1	1	1	1	1	1	1	1	1	1	1	1	1	1	1	1	1	1	1	1	1	1	1	1	1	1	1	1	1	1	1	1	1	1	1	1	1	1	1	1	1
95	1500	999	995	993	985	982	962	959	955	953	948	928	920	918	909	908	899	898	891	890	885	882	879	871	855	848	831	821	788	778	772	765	763	759	757	747	746	719	706	704	695	673	659	644	642	640	630	629	600	599	584	554	526	521	499	498	491	486	469	450	443	433	426	420	418	402	399	388	386	317	316	314	308	292	290	286	284	272	269	250	231	230	200	197	186	160	149	147	126	108	78	66	56	51	41	31	1	1	1	1	1	1	1	1	1	1	1	1	1	1	1	1	1	1	1	1	1	1	1	1	1	1	1	1	1	1	1	1	1	1	1	1	1	1	1	1	1	1	1	1	1	1	1	1	1	1	1	1	1	1	1	1	1	1	1	1	1	1	1	1	1	1	1	1	1	1	1	1	1	1	2	2	1	1	1	1	1	1	1	1	3	1	1	1	1	1	1	1	1	2	1
95	1500	985	973	969	968	961	923	922	916	914	908	896	895	892	891	867	865	855	847	835	823	810	807	798	794	788	785	778	772	761	746	742	728	700	694	691	684	673	659	653	633	631	619	616	614	613	612	603	601	596	589	572	570	569	565	546	534	516	508	481	468	461	456	427	424	420	415	412	391	387	364	358	347	326	295	294	288	271	246	244	236	234	232	207	190	156	127	105	89	88	62	60	54	26	23	5	1	1	1	1	1	1	1	1	1	1	1	1	1	1	1	1	1	1	1	1	1	1	1	1	1	1	1	1	1	3	1	1	1	1	1	1	1	1	1	1	1	1	1	1	1	1	1	1	1	1	1	1	1	1	1	1	1	1	1	1	1	1	1	1	2	1	1	1	2	1	1	1	2	1	1	1	1	1	1	1	1	1	1	1	1	1	1	1	1	1	1	1	1	1	1
94	1500	998	988	976	968	946	939	937	935	914	887	886	868	863	843	823	817	814	812	807	805	756	747	742	729	726	703	697	692	685	651	643	628	627	619	607	601	591	580	572	557	525	517	516	504	503	498	465	464	445	437	427	403	397	394	382	375	371	364	363	362	357	356	353	350	345	311	291	289	277	269	268	246	235	232	198	169	164	163	148	124	122	111	107	105	91	90	80	75	59	54	39	32	31	29	1	1	1	1	1	1	2	1	1	1	1	1	1	1	1	1	1	1	1	1	1	1	1	1	1	1	1	1	1	1	2	1	1	1	1	1	1	1	1	1	1	1	1	1	1	1	1	2	1	1	1	1	2	1	1	1	1	1	1	1	1	1	2	1	1	1	1	1	2	1	1	1	1	1	1	1	1	1	1	1	1	1	1	1	1	1	1	1	1	1	1	1	1	1
97	1500	997	982	973	972	942	911	910	900	899	890	887	884	881	872	863	861	848	838	831	820	815	810	801	795	787	777	750	744	742	741	715	682	676	669	663	648	618	598	565	559	551	544	542	533	531	525	522	510	506	485	483	478	457	442	440	435	420	415	412	395	378	372	370	368	365	356	355	352	338	308	307	300	293	259	246	240	229	202	179	160	159	151	147	142	130	126	111	89	85	66	65	53	34	32	29	4	1	1	1	1	1	1	1	1	1	1	1	1	1	1	1	1	1	1	1	1	1	1	1	1	1	1	1	1	2	1	1	1	1	1	1	1	1	1	1	1	1	1	1	1	1	1	1	1	1	1	1	1	1	1	1	1	1	1	1	1	1	1	1	1	1	1	2	1	1	1	1	1	1	1	1	1	1	1	1	1	2	1	1	1	1	1	1	1	1	1	1	1	1	1	1	1	1	1
96	1500	998	990	968	949	943	938	933	929	917	893	887	880	852	851	827	825	799	795	761	745	739	731	721	701	694	682	681	658	641	638	633	631	617	605	586	584	580	563	559	551	544	525	514	511	500	481	458	446	437	435	415	414	399	384	369	351	337	319	309	295	292	288	281	277	273	265	256	251	246	244	243	241	232	222	215	181	146	140	136	133	128	114	109	100	98	90	79	76	75	54	48	36	12	11	6	2	1	1	2	1	2	1	1	1	1	1	1	1	1	1	1	1	1	1	1	1	1	1	1	1	1	1	1	1	1	1	1	1	1	1	1	1	1	1	1	1	1	2	1	1	1	1	1	1	1	1	1	1	1	1	1	1	1	1	1	1	1	1	1	1	1	1	1	1	1	1	1	1	1	1	1	1	1	1	1	1	1	1	1	1	1	1	1	1	2	1	1	1	1	1	1	1
