10
93	4000	997	994	993	975	970	964	963	960	957	955	954	936	935	933	930	915	914	908	894	890	884	879	875	874	866	864	861	853	846	831	828	818	817	811	808	798	797	794	790	771	744	737	734	728	724	718	717	714	697	686	683	681	671	669	661	659	653	647	640	634	626	622	618	617	616	613	609	608	607	602	591	590	587	577	573	571	570	568	565	554	553	552	549	541	535	523	521	519	513	512	507	503	501	1	1	1	1	1	1	1	1	1	1	1	1	1	1	1	1	1	1	1	1	1	1	1	1	1	1	1	1	1	1	1	1	1	1	1	1	1	1	1	2	1	1	1	2	2	1	1	1	1	2	1	1	1	1	1	1	1	1	1	1	1	1	1	1	1	1	1	1	1	1	2	1	1	1	1	1	2	1	1	1	1	1	1	1	1	1	1	1	2	1	1	1	1
91	4000	984	979	970	964	959	955	945	942	936	935	928	926	923	919	913	911	907	903	899	895	893	878	859	853	843	841	840	834	823	819	818	817	813	812	809	807	774	773	771	768	765	755	753	752	751	743	736	732	729	728	718	709	707	705	703	695	690	688	686	675	668	660	658	654	652	645	643	641	632	630	627	622	620	619	617	616	611	609	606	604	596	581	577	576	562	550	547	540	519	516	502	1	1	2	1	1	1	1	1	1	1	1	1	1	1	1	1	1	1	1	2	2	1	1	1	1	1	1	1	1	1	1	1	1	1	1	1	1	2	1	1	1	1	1	2	1	1	1	1	1	1	1	2	2	1	1	1	1	1	1	1	1	1	1	2	1	1	1	2	1	1	1	1	1	1	1	1	1	1	1	1	1	1	1	1	1	1	1	1	1	1	1
94	4000	994	975	965	962	950	943	939	938	933	931	925	921	920	919	917	911	910	904	897	896	892	891	887	875	861	852	849	848	833	827	822	816	807	805	800	799	788	785	780	779	774	766	765	764	761	760	745	736	733	729	726	722	721	713	707	705	704	701	699	697	693	676	670	669	667	659	655	644	643	642	641	639	621	619	618	613	610	598	596	584	581	578	568	561	555	553	536	533	515	513	512	508	506	502	1	1	1	1	1	1	1	1	1	1	1	1	1	1	1	1	1	1	1	1	1	1	1	1	2	1	1	1	1	1	1	1	2	1	1	1	1	1	1	1	1	1	1	1	1	1	1	1	1	1	1	1	1	1	1	1	1	1	1	1	2	1	1	1	1	1	1	1	1	1	1	1	1	1	2	2	1	1	1	1	1	1	1	1	1	1	1	1	1	1	1	2	1	1
92	4000	997	996	979	977	975	972	964	952	943	942	938	934	932	929	922	919	917	905	899	898	892	887	886	867	858	852	849	848	840	836	835	826	816	812	808	806	805	803	798	792	770	769	755	749	746	738	732	720	717	712	704	702	701	694	693	667	664	660	657	655	651	650	649	647	644	638	628	626	625	623	609	603	593	589	585	581	578	574	564	558	556	553	551	539	529	527	526	519	518	517	505	501	1	1	1	1	1	1	1	1	1	1	2	1	1	1	1	1	1	2	1	1	1	2	1	1	1	1	1	1	1	1	2	1	1	1	1	1	1	1	1	1	1	1	2	1	2	1	1	1	1	1	1	1	1	1	1	1	1	1	1	1	2	1	1	1	2	1	1	1	1	1	1	1	1	1	1	1	1	1	1	1	1	1	1	1	1	1	1	1	1	1	1	1
90	4000	999	997	990	985	983	979	975	973	971	966	960	959	954	948	947	945	943	940	932	930	918	908	894	888	887	884	883	882	880	874	871	863	860	852	848	843	842	839	832	827	826	823	821	816	810	803	793	792	787	778	768	766	757	749	746	743	730	696	681	678	670	667	663	660	658	656	655	637	629	617	616	603	598	597	593	589	583	581	579	576	574	571	568	565	545	537	531	520	519	500	1	1	1	1	1	1	1	1	1	1	1	1	1	2	1	1	1	1	1	1	1	1	1	1	2	1	1	1	1	1	1	2	2	1	1	2	1	1	1	1	2	1	1	2	1	1	1	1	1	1	1	1	1	1	1	1	1	1	1	1	1	1	1	2	1	1	1	1	1	1	1	1	1	1	1	1	1	1	1	1	1	1	1	1	2	1	1	1	2	1
91	4000	999	998	997	985	983	972	958	936	932	927	926	919	916	914	913	912	908	900	899	894	882	881	878	874	873	867	861	854	852	849	844	841	836	831	820	814	808	804	803	794	793	773	772	763	750	749	741	736	732	730	729	728	725	719	717	714	696	686	680	679	678	666	658	653	645	638	637	634	623	611	608	602	593	588	587	584	576	567	561	560	548	545	542	540	539	534	525	524	523	512	501	1	1	1	1	1	1	1	1	1	1	2	1	1	1	1	1	1	1	1	1	1	1	2	1	1	1	1	1	1	1	1	1	1	1	1	1	1	1	1	1	1	1	1	2	2	1	1	1	2	1	2	1	1	1	1	1	1	1	1	1	1	1	1	2	1	1	1	1	1	1	1	1	1	1	2	1	1	1	1	2	1	1	1	1	1	1	1	1	1	1	1
86	4000	989	987	980	970	963	960	943	920	919	911	899	898	891	885	883	879	875	869	868	857	853	851	849	844	842	832	815	808	805	788	784	781	776	772	769	767	766	764	762	757	750	748	741	734	733	729	727	723	717	711	694	692	684	683	680	679	675	673	667	652	650	649	642	635	633	630	628	625	618	616	595	591	588	581	578	566	554	552	540	533	524	523	522	507	502	500	1	3	1	2	1	1	2	1	1	1	1	1	1	1	2	1	1	1	1	1	1	1	1	1	1	1	1	1	2	1	1	1	1	1	1	1	1	1	2	1	1	1	1	2	1	1	1	1	1	1	2	1	1	1	1	1	1	1	1	1	1	1	2	1	3	1	1	1	1	1	1	2	1	1	1	1	1	1	1	1	2	1	1	1	1	1
91	4000	994	992	986	978	976	971	970	965	935	930	926	923	921	920	919	915	912	901	891	889	884	876	869	867	863	852	851	849	844	831	825	813	811	808	807	798	796	788	785	777	772	769	767	761	750	749	743	731	728	726	721	716	715	708	700	698	687	671	665	656	650	648	647	633	630	624	622	611	608	603	602	595	584	583	577	572	569	551	541	536	532	530	529	525	519	518	516	511	510	508	505	1	1	1	1	1	1	1	1	1	2	1	1	1	1	1	1	1	1	1	1	1	1	1	2	1	3	1	2	1	1	1	1	1	1	1	1	1	1	1	1	1	1	1	1	1	1	1	1	1	1	1	1	1	1	1	1	1	2	1	2	1	1	1	1	1	1	1	1	1	1	1	2	2	1	1	1	1	1	1	1	1	1	1	1	1	1	1	1	1	1	1
90	4000	999	994	987	984	983	982	979	976	971	962	954	951	942	935	926	924	921	915	910	909	904	902	899	894	886	884	874	863	854	850	848	843	838	833	832	827	826	819	815	809	801	794	793	789	788	784	782	776	768	765	762	744	734	732	730	729	716	712	706	704	697	689	683	678	675	674	672	660	652	647	633	627	615	613	600	589	580	567	564	560	556	553	539	538	533	526	517	512	511	508	1	1	1	1	1	1	1	1	2	2	1	2	1	1	1	1	1	1	1	1	1	1	1	2	1	1	1	1	1	1	2	1	1	1	2	1	2	1	1	1	1	1	1	1	1	1	2	1	1	2	1	1	1	1	1	1	1	1	1	1	1	1	1	1	1	1	1	1	1	1	1	1	1	1	1	1	1	1	1	1	1	2	1	1	1	1	1	1	1	1
92	4000	999	994	992	991	989	987	979	964	963	962	949	943	939	938	937	935	933	927	926	923	921	920	907	893	884	871	870	858	851	850	842	836	831	827	825	824	819	812	808	797	794	792	789	785	783	782	781	773	770	764	763	748	742	739	736	733	724	721	719	711	709	707	694	690	674	672	670	665	650	649	647	635	632	623	621	609	606	602	584	581	557	552	550	542	537	527	520	518	507	504	503	502	1	1	1	1	1	1	1	1	1	1	1	1	1	2	1	1	1	1	1	1	1	1	1	1	1	1	1	1	1	1	1	2	1	1	1	1	1	1	1	1	1	2	1	1	1	1	1	1	1	1	1	1	1	1	2	1	1	2	1	1	1	1	1	1	1	1	1	1	1	1	1	2	1	1	2	1	1	1	1	1	2	1	1	1	1	1	1	1	1	1	1	1
