10
86	1000	994	984	981	977	974	970	967	957	954	952	948	946	942	938	924	923	915	914	910	908	905	904	888	882	872	869	864	858	857	852	850	849	844	843	836	834	823	809	807	801	799	794	781	775	773	770	760	757	753	741	729	711	708	707	706	704	701	700	689	685	684	669	657	645	644	638	632	631	623	615	611	604	601	588	580	575	560	552	551	542	537	533	522	518	514	501	1	1	1	1	1	1	2	1	1	1	1	1	1	1	1	1	1	1	1	1	1	2	2	1	1	1	1	1	1	1	1	2	1	1	1	1	1	1	1	1	1	1	1	1	1	2	1	1	2	1	1	1	1	1	1	1	1	2	1	1	1	1	1	1	2	1	3	1	1	1	2	1	2	1	1	1	2	1	1	1	1	1	1	2	1	1
85	1000	999	993	985	976	971	969	965	948	939	922	916	910	906	905	904	901	900	899	897	893	890	889	883	879	878	875	874	871	867	858	857	850	846	845	841	834	830	823	815	810	802	800	799	784	766	763	759	747	743	725	722	717	704	698	697	696	693	672	665	648	646	645	641	630	620	617	610	593	590	589	586	584	580	572	559	552	548	547	530	525	522	518	516	506	505	2	1	1	2	1	1	1	2	1	1	1	2	1	1	1	1	2	1	1	3	1	2	1	2	1	1	1	1	1	2	1	1	1	1	1	1	1	1	1	1	1	1	1	1	1	1	1	1	1	1	1	1	1	1	1	1	1	2	1	1	1	1	1	1	1	1	1	1	1	1	1	1	2	1	1	1	3	1	1	1	1	1	2	1	1
90	1000	997	988	986	982	981	977	973	968	967	962	956	948	941	936	935	931	918	915	913	905	903	902	901	887	886	870	862	860	857	852	851	848	846	838	836	827	813	806	805	804	801	798	793	764	761	760	759	745	732	726	725	723	713	703	697	694	684	680	673	668	665	660	654	649	643	639	633	628	625	621	620	609	602	596	584	583	570	569	559	555	553	549	541	538	530	528	519	515	514	509	1	1	1	1	2	1	1	1	2	1	1	1	1	1	2	1	1	1	1	1	1	1	1	1	2	1	1	1	1	1	1	1	1	1	1	1	1	1	1	1	2	2	2	1	1	1	1	1	1	1	2	1	1	1	1	2	1	1	1	1	1	1	1	1	1	1	1	1	1	1	1	1	2	1	1	1	1	1	1	1	1	1	1	1	1	1	1	1	1	1
91	1000	997	996	994	993	985	977	974	973	958	957	953	948	932	930	926	921	916	904	885	883	882	878	873	868	861	856	851	845	844	829	825	807	803	780	777	768	765	764	758	756	752	747	739	734	733	726	719	717	710	702	698	695	693	692	678	674	673	671	670	669	654	653	652	641	639	630	627	617	614	599	597	590	576	575	574	570	566	558	556	555	551	548	545	542	536	527	519	517	514	509	501	1	1	1	1	2	1	1	1	1	1	1	1	1	1	1	1	1	1	1	1	1	1	1	1	1	1	1	1	1	1	1	1	2	1	1	1	1	1	1	1	1	1	2	1	1	1	1	3	1	1	1	1	1	1	1	1	1	1	2	1	1	1	1	2	1	1	1	1	1	1	1	1	1	1	1	1	1	1	1	1	1	1	1	1	1	1	1	1	1	2	2
85	1000	999	985	984	982	980	976	964	962	959	957	951	949	920	915	913	891	884	883	871	868	865	852	851	848	847	842	835	829	828	812	786	783	780	778	776	764	743	735	734	724	720	711	709	699	698	694	686	679	673	672	670	668	654	652	650	647	639	630	628	625	621	615	611	603	600	596	595	592	591	586	579	575	565	562	560	551	547	543	540	537	533	530	515	514	502	1	3	1	1	1	1	1	1	1	1	1	1	1	1	1	1	1	1	1	1	1	1	3	2	1	1	1	1	1	1	1	1	2	2	1	1	1	1	1	1	1	2	1	2	1	1	1	1	2	1	1	1	1	1	1	1	1	1	1	1	2	1	1	1	1	1	1	1	1	3	1	2	1	1	1	1	1	1	1	1	1	1	1	2	1
88	1000	996	987	985	972	962	953	950	947	931	930	917	911	910	906	893	887	883	868	867	865	863	860	847	841	838	829	827	813	805	800	794	793	773	770	769	762	758	752	746	729	727	721	708	689	684	680	676	668	656	655	653	649	648	646	644	642	636	632	631	628	624	623	618	617	607	595	593	588	587	574	571	568	567	566	553	551	549	548	546	540	537	530	529	523	517	515	507	505	1	1	1	1	1	3	1	2	1	1	2	2	1	1	1	1	1	1	1	1	1	1	1	1	2	1	1	1	1	2	1	1	1	1	1	1	1	1	1	1	1	1	1	1	1	1	1	1	1	1	1	1	1	1	1	1	1	1	1	2	1	2	1	1	1	1	2	1	1	1	1	1	1	1	1	2	1	1	1	1	2	1	1	1	1	1	1	1
90	1000	997	994	977	975	963	961	956	954	945	943	937	927	926	925	915	913	900	892	889	887	884	878	876	871	869	865	861	860	858	855	852	850	841	836	835	830	823	814	812	807	805	797	795	792	767	763	760	759	758	750	746	738	706	703	699	697	695	679	676	673	671	664	663	649	648	642	640	635	633	627	624	621	610	602	595	593	588	584	583	571	555	552	535	522	517	515	511	508	507	505	1	2	1	1	1	1	1	1	1	1	1	1	1	1	1	1	1	1	1	1	1	1	1	1	1	1	1	1	2	1	1	1	1	1	2	1	1	1	1	1	1	1	1	1	1	1	1	1	1	1	2	1	1	1	1	1	1	1	1	1	1	1	1	1	1	1	1	1	2	1	1	2	1	1	1	1	1	1	1	1	2	2	3	1	1	1	1	1	1	1
91	1000	997	992	986	984	980	973	972	967	963	961	948	942	929	915	912	892	891	889	888	883	882	881	878	867	863	846	845	841	833	832	825	822	810	807	802	796	791	789	771	770	766	765	761	749	740	736	721	720	709	701	696	691	690	680	674	672	667	666	657	652	650	636	635	624	621	607	602	599	598	596	594	583	580	578	575	572	563	562	553	550	548	545	543	530	526	522	521	520	512	506	504	1	1	1	1	1	1	1	1	1	1	1	1	1	1	1	1	4	1	1	1	1	1	1	1	1	1	1	1	1	2	1	2	1	1	1	1	1	1	1	1	1	1	1	2	1	1	1	1	1	1	1	2	2	1	1	1	1	1	1	1	1	1	1	1	1	1	1	1	1	1	2	1	1	1	1	1	1	1	1	1	1	1	1	1	1	1	1	1	1	1	1
90	1000	999	984	973	970	967	942	938	928	927	919	913	909	908	886	885	883	878	874	869	868	866	863	858	851	850	847	831	828	820	819	808	805	801	796	795	793	786	777	775	774	771	763	756	755	752	749	747	746	739	736	735	716	701	698	688	678	670	667	663	660	659	647	646	641	639	634	627	626	617	616	607	606	587	581	575	567	558	555	550	549	544	537	536	533	522	517	506	503	501	500	1	1	1	1	1	1	1	1	2	1	1	1	1	2	1	1	1	1	1	1	1	1	1	1	1	1	1	1	1	1	1	1	1	1	1	1	1	1	1	2	2	2	1	1	1	1	1	1	1	1	1	2	1	1	1	1	1	1	1	1	1	1	1	1	1	1	1	1	1	1	2	1	2	1	1	1	1	2	1	2	1	1	1	1	1	1	1	1	1	1
93	1000	999	995	994	988	986	972	967	953	951	949	945	943	941	934	926	922	913	912	911	906	905	903	901	885	881	880	876	871	858	857	853	850	840	827	819	813	807	806	805	801	800	793	792	786	784	773	770	769	767	764	762	760	759	754	743	742	738	732	730	725	723	715	702	699	678	677	676	672	660	659	657	656	652	647	646	633	629	617	609	603	597	595	577	569	560	550	549	545	539	529	521	511	506	1	1	1	1	1	1	1	1	1	1	1	1	1	1	1	1	1	1	1	1	1	1	1	1	1	1	2	1	1	1	2	1	1	1	1	1	1	1	1	3	1	1	1	1	1	1	1	1	1	1	1	2	1	2	2	1	1	1	1	1	1	1	1	1	1	1	1	1	1	1	1	1	1	1	1	1	1	1	1	1	1	1	1	1	1	1	1	1	1	1	1	1	1
