10
89	5000	998	996	992	990	986	985	981	975	973	970	969	968	965	964	960	957	953	948	946	925	907	906	902	889	884	868	867	862	852	840	826	822	814	811	803	799	789	787	784	778	777	772	769	767	766	759	749	748	745	744	733	730	729	725	723	708	707	705	694	690	681	671	667	665	664	662	661	645	643	633	627	621	618	614	613	577	573	564	558	555	550	532	527	524	519	514	511	508	504	1	1	1	1	1	1	1	1	1	1	1	1	1	1	1	1	1	1	1	1	1	1	1	1	1	1	1	1	1	2	1	2	1	1	1	1	1	1	1	1	1	2	2	1	1	1	1	2	1	1	1	2	1	1	2	2	1	1	1	2	1	1	1	2	1	1	1	1	2	1	1	1	1	1	1	1	1	1	1	1	1	1	1	1	1	1	1	1	1
91	5000	989	982	961	956	954	950	945	939	937	936	933	929	928	924	917	915	904	893	890	889	876	875	871	861	854	835	831	824	817	810	801	797	796	781	779	778	772	771	769	763	757	755	751	750	741	735	732	731	724	722	719	717	714	710	709	705	693	692	686	683	679	677	676	670	667	661	654	638	637	634	621	616	609	604	582	579	577	571	566	561	537	535	534	529	526	524	517	514	509	506	500	1	1	1	1	1	1	1	1	1	1	1	1	1	1	1	2	1	1	1	1	1	1	1	1	1	1	1	1	1	1	1	1	1	1	1	1	1	1	1	1	1	1	2	1	1	3	1	1	1	1	2	1	1	1	1	1	1	1	1	1	1	1	1	1	1	1	1	1	1	1	1	1	2	1	1	1	1	1	1	1	2	1	1	1	1	2	1	1	2	1	1
92	5000	994	993	991	990	981	977	976	973	967	966	965	964	959	950	943	941	923	915	912	909	890	881	880	879	876	875	872	863	847	834	832	830	828	818	810	804	803	802	801	792	790	786	785	781	780	774	763	761	759	754	746	743	736	730	727	722	721	701	692	689	685	670	669	658	657	656	651	650	631	624	617	614	613	612	607	603	572	568	565	564	561	560	540	538	533	528	523	515	514	511	502	501	1	1	2	2	1	1	3	1	1	1	1	1	1	1	1	1	1	1	1	1	1	1	1	1	1	1	1	1	1	1	1	1	1	1	1	1	1	1	1	1	2	1	1	1	1	1	1	1	1	1	1	1	1	1	1	1	1	1	1	1	1	2	1	1	1	1	1	1	1	1	2	1	2	1	1	1	1	1	1	1	1	1	1	1	1	1	1	1	1	1	1	1
91	5000	999	998	984	981	980	978	973	967	958	957	949	939	927	925	924	921	920	914	909	891	890	886	874	868	867	860	857	854	849	846	845	841	830	826	823	809	790	781	780	776	773	768	767	758	756	754	748	747	744	738	736	733	731	730	727	725	709	708	706	705	699	697	665	655	654	647	643	633	632	631	630	618	613	606	598	593	592	588	583	580	568	566	556	555	547	543	532	527	526	522	510	1	2	1	1	1	1	1	1	1	1	1	1	1	1	1	1	1	1	1	1	1	1	1	1	1	1	1	1	1	1	1	1	1	1	1	2	1	1	1	2	1	3	1	1	1	1	1	2	1	1	1	1	1	1	1	1	1	1	1	1	1	1	1	1	1	1	1	1	1	1	1	2	1	1	1	1	1	1	1	1	1	1	1	2	1	1	1	1	2	1	1
92	5000	997	992	989	982	981	964	963	959	946	939	930	924	918	913	904	892	888	883	878	876	861	860	857	853	845	836	828	822	814	805	794	783	781	776	774	772	767	761	760	748	742	738	733	727	725	724	719	704	701	695	686	682	676	672	669	665	663	661	658	634	630	627	625	622	619	618	614	612	607	600	593	588	587	586	585	583	578	574	572	568	560	552	551	536	535	527	524	518	513	506	503	502	2	1	1	1	1	1	1	1	1	1	1	1	1	1	1	2	1	1	1	1	1	1	1	2	2	1	1	1	1	1	1	1	1	1	1	1	1	1	1	1	1	1	1	1	1	1	1	1	1	2	1	1	1	1	1	1	1	1	1	1	2	1	1	1	1	2	1	1	1	1	1	1	1	1	1	1	1	1	1	1	1	1	1	2	1	1	1	1	1	1	1	1
91	5000	998	988	986	969	968	965	960	957	942	935	930	926	922	918	901	899	898	896	894	892	886	869	858	856	849	846	842	840	839	838	835	821	796	794	782	772	764	762	747	744	739	735	733	711	707	705	696	695	690	688	686	682	667	664	660	659	657	655	647	641	639	629	626	619	617	613	610	597	581	577	575	572	570	564	561	560	559	558	556	555	551	546	542	539	536	533	520	513	509	507	500	1	1	1	1	1	1	1	1	1	1	2	1	1	1	1	1	1	1	1	1	3	1	1	1	1	1	1	1	1	1	1	1	1	1	1	1	1	1	2	1	1	1	1	1	1	1	1	1	1	1	1	1	2	1	1	1	1	1	1	1	1	2	1	1	1	1	1	1	1	1	1	2	1	1	1	1	1	1	1	1	1	1	1	1	2	2	1	1	1	1	1
88	5000	995	986	975	963	958	957	954	951	950	945	924	894	892	889	883	881	880	873	871	869	867	863	862	849	837	836	827	823	818	816	809	801	784	782	780	773	766	763	759	757	748	726	711	705	698	696	695	693	684	680	665	655	653	648	642	638	635	630	629	626	622	619	613	608	605	597	590	584	579	578	576	575	574	569	565	557	544	538	534	532	530	529	526	521	519	514	509	507	1	1	1	1	1	1	2	1	2	1	1	1	2	2	1	1	2	1	1	1	1	1	1	1	1	1	1	2	1	1	1	1	1	1	1	1	1	1	1	1	1	1	1	2	2	1	2	1	1	1	1	1	2	1	1	1	1	1	1	1	1	2	1	1	1	1	1	1	1	1	1	1	1	1	1	1	1	1	1	1	1	2	1	1	1	1	1	1
90	5000	998	992	991	988	984	983	980	978	976	971	969	965	955	952	945	944	942	939	936	922	918	914	913	902	901	892	889	882	877	874	863	860	857	851	849	842	838	836	831	829	819	816	811	804	803	799	795	789	772	769	762	761	758	757	751	748	746	728	719	716	702	689	683	668	666	665	659	658	657	646	645	626	621	605	595	589	586	578	572	571	567	564	542	528	522	521	519	510	505	504	2	1	1	1	2	1	1	1	1	1	1	1	1	1	1	1	1	1	1	1	1	2	1	1	1	1	1	1	1	1	1	1	1	1	1	2	2	1	1	1	1	1	1	2	1	1	1	1	1	1	1	3	1	1	1	1	1	1	1	1	1	2	1	1	1	1	1	1	1	1	1	1	1	1	1	1	1	1	2	1	1	1	1	1	1	1	1	1	1	1
92	5000	996	990	985	962	955	952	948	947	934	930	929	927	923	922	918	916	914	913	912	905	904	875	873	870	860	854	853	851	841	837	836	834	826	817	815	814	808	802	796	795	793	784	783	773	772	765	757	756	745	744	735	731	730	726	723	710	709	703	677	676	661	660	657	655	653	648	645	643	639	627	619	615	613	612	600	597	596	592	584	579	573	571	568	567	565	562	553	550	542	540	513	501	1	1	1	1	1	1	1	1	1	1	1	1	2	1	1	1	1	1	1	2	1	1	1	1	1	1	1	1	2	2	1	1	1	2	1	1	1	1	1	1	1	1	1	1	1	1	1	1	2	1	1	1	1	1	1	1	1	1	2	1	1	1	1	1	1	1	1	1	1	1	1	1	1	1	1	1	1	1	1	1	1	1	1	1	1	1	1	1	1	1	2	1
89	5000	996	993	988	984	966	961	960	959	940	938	934	933	932	926	919	914	913	910	904	897	890	882	879	876	873	869	867	864	853	851	840	831	828	823	815	809	805	790	788	781	778	767	762	752	751	750	745	734	727	724	720	716	709	705	704	699	698	695	684	682	678	676	667	662	657	644	636	634	631	623	617	615	614	594	580	573	572	566	557	554	547	543	541	525	521	512	510	503	501	1	1	1	1	1	1	1	1	1	1	1	1	1	1	1	1	2	1	2	1	2	1	2	1	1	1	1	1	2	1	1	1	1	1	1	1	1	1	1	1	1	1	2	1	1	1	1	1	1	1	1	1	2	1	1	1	1	1	1	1	1	1	1	1	1	1	1	1	1	1	1	2	1	1	1	1	1	2	1	1	2	1	1	1	1	1	1	1	2
