10
91	1200	997	990	980	978	945	943	941	934	932	931	926	923	918	917	911	900	898	882	874	870	869	867	858	849	841	836	834	831	823	817	815	813	808	806	802	801	799	771	764	762	758	753	747	741	729	727	725	724	723	716	714	691	688	687	685	681	672	668	667	664	661	660	648	647	645	643	637	631	625	622	621	618	617	609	607	603	598	597	595	594	586	583	578	556	534	533	522	514	506	501	500	1	2	1	1	1	1	2	1	1	1	1	1	1	1	1	1	1	1	2	1	1	2	1	1	1	1	1	1	1	1	1	1	1	1	1	1	1	2	1	1	1	1	1	1	1	1	1	1	2	1	1	1	1	1	1	1	1	1	1	1	1	1	1	1	1	1	1	1	1	1	1	1	1	1	1	1	1	1	1	2	2	1	1	1	1	1	1	1	2	1	1
85	1200	999	996	994	978	976	972	969	959	956	955	954	950	947	946	931	927	918	910	886	885	880	874	871	870	868	864	863	861	852	847	831	823	820	819	817	813	811	806	802	801	800	795	782	779	763	748	730	718	716	694	693	683	668	667	664	663	643	632	631	621	619	601	595	594	593	589	586	581	575	573	553	550	547	541	540	535	534	531	528	521	511	509	505	504	500	1	1	1	1	1	2	1	1	2	1	1	1	2	1	1	1	1	1	1	1	1	1	1	1	2	1	1	1	1	1	1	1	2	1	1	2	2	1	2	2	1	2	1	1	1	1	1	1	2	1	1	1	1	1	1	1	1	1	1	1	1	1	2	1	1	1	1	1	1	1	1	1	1	1	1	1	1	1	2	1	1	1	2	1	2
90	1200	996	991	986	985	984	982	974	973	966	954	950	944	941	940	937	936	931	925	911	910	905	903	897	891	886	884	881	879	875	872	870	864	859	849	844	830	824	821	819	811	808	802	801	796	794	792	787	783	781	777	760	749	746	739	736	726	723	707	700	690	686	677	669	667	662	661	656	654	643	642	634	631	619	610	608	602	599	598	586	578	569	558	556	554	540	535	527	515	510	504	1	1	1	1	1	1	1	1	1	1	1	2	1	1	1	1	2	1	1	1	1	1	1	1	1	1	1	1	1	1	1	1	1	1	2	1	1	1	1	1	1	2	1	1	1	1	1	1	1	1	1	1	1	1	1	2	1	1	1	1	1	1	1	2	1	1	2	1	1	1	1	1	1	1	1	1	1	1	1	2	2	1	1	1	1	1	2	1	1	1
92	1200	991	990	988	985	984	983	981	980	975	963	957	955	941	937	935	931	930	928	926	922	913	910	907	899	892	890	880	864	863	853	846	840	836	828	825	820	814	812	810	808	807	805	796	792	784	781	777	773	762	761	751	750	746	740	739	731	713	712	711	699	698	694	673	669	668	660	657	647	646	634	628	625	620	606	605	598	585	584	581	576	571	568	565	557	556	548	547	540	534	521	514	502	1	1	1	2	1	1	1	2	1	1	1	1	1	1	1	1	1	1	1	1	1	1	1	1	1	1	1	1	1	1	1	1	1	1	2	2	1	1	1	1	1	1	1	2	1	1	1	1	1	1	1	3	1	1	1	1	1	1	1	1	1	1	1	1	1	1	1	1	1	1	1	1	1	1	1	1	1	1	1	2	1	1	1	1	1	1	1	1	1	1	1	1
92	1200	993	991	987	984	982	981	975	972	961	939	937	930	927	924	919	915	903	900	898	893	888	885	878	864	862	857	856	848	844	842	839	824	804	802	792	788	778	771	770	765	739	737	735	732	722	717	715	704	698	693	679	674	673	671	670	664	656	649	648	637	634	631	629	627	626	623	618	615	613	611	609	608	605	602	588	581	578	573	568	566	564	561	559	557	556	550	548	541	535	520	508	504	1	2	1	1	1	1	1	2	1	1	1	1	1	1	1	1	1	1	1	1	1	1	2	1	1	1	1	1	1	1	1	1	1	1	1	1	1	1	1	2	1	1	1	1	1	1	1	1	1	2	1	1	1	1	1	1	1	1	1	1	1	1	1	1	1	1	1	1	1	1	1	1	1	1	1	2	1	1	1	2	1	1	1	1	1	1	1	2	1	1	1	1
92	1200	997	994	987	981	975	969	967	965	961	953	945	941	939	929	924	923	917	912	909	908	907	905	902	901	893	888	886	885	874	867	849	848	840	839	825	822	818	811	802	801	791	790	783	781	771	762	743	740	739	726	722	720	707	698	691	690	686	684	682	679	678	669	663	658	649	646	644	643	642	641	638	636	633	631	628	627	626	625	622	621	618	604	597	590	589	550	542	535	534	521	513	507	1	1	1	1	2	1	1	2	1	1	1	1	1	1	1	1	1	1	1	1	1	1	1	1	1	1	1	1	1	1	1	1	1	1	1	1	2	1	1	1	1	1	1	1	1	1	2	1	1	1	1	1	1	2	1	1	1	1	1	1	1	1	1	1	1	1	1	2	1	1	1	1	1	1	1	1	1	1	2	1	1	1	1	1	2	1	1	1	1	1	1	1
93	1200	992	978	973	970	965	955	951	947	946	942	936	924	922	920	908	904	903	885	884	881	880	879	877	871	869	862	855	853	852	850	849	847	832	821	820	814	811	809	801	799	795	793	781	778	775	769	737	725	723	719	698	683	674	673	669	668	666	664	654	650	639	636	628	626	623	616	612	605	601	595	594	590	580	578	576	573	563	559	557	554	553	551	542	538	535	534	530	524	517	512	508	507	502	1	1	1	1	1	1	1	1	1	2	1	1	1	1	1	1	1	1	1	1	1	1	1	1	1	1	2	1	1	1	1	1	1	1	2	1	1	1	1	1	1	1	1	1	1	1	1	1	1	1	1	1	1	1	1	1	1	1	2	1	1	1	1	1	2	1	1	1	1	1	1	1	1	1	2	1	1	1	1	1	1	2	1	1	1	1	1	1	1	1	1	1	1
92	1200	998	997	996	993	987	986	979	964	962	954	952	950	949	947	942	940	927	925	921	920	913	910	906	903	895	892	888	887	884	874	873	872	871	864	858	840	834	816	814	805	804	801	797	792	786	779	769	760	758	756	749	745	741	740	738	724	720	718	714	713	710	706	698	695	694	687	682	678	674	672	668	658	655	650	642	636	627	615	592	584	579	575	562	558	556	547	544	524	518	512	506	505	2	1	1	1	1	2	1	1	1	1	1	3	1	1	1	1	1	1	1	1	1	1	1	1	1	1	1	1	1	1	1	1	1	1	1	1	1	1	1	1	1	1	1	1	1	1	2	1	1	1	1	1	1	1	1	1	1	1	1	1	1	1	2	1	1	1	1	1	2	1	1	1	1	1	1	1	1	1	1	1	1	1	1	1	1	1	1	1	1	1	1	2
89	1200	994	988	985	973	971	957	948	943	942	941	940	938	936	924	921	916	909	903	902	898	889	872	868	854	851	843	837	827	825	823	817	816	810	809	804	799	795	794	788	778	777	769	767	752	750	741	725	703	695	694	691	689	681	678	674	661	655	653	652	648	645	641	640	618	614	613	609	602	598	587	583	562	555	547	542	536	532	531	530	527	523	518	513	512	511	509	506	505	503	1	1	1	1	2	2	1	1	1	1	1	1	1	1	1	1	2	1	1	1	2	1	2	1	1	1	1	1	1	1	1	1	1	1	1	2	2	2	1	1	1	2	1	1	1	1	1	1	1	1	1	1	1	1	1	1	1	1	1	1	2	1	1	1	1	1	1	1	1	1	1	1	1	1	1	1	2	1	1	1	1	1	1	1	1	1	1	1	1
88	1200	997	975	970	968	967	957	945	941	934	926	909	907	901	899	891	879	876	869	866	865	860	851	850	843	841	839	837	836	826	812	809	801	788	782	780	777	770	759	755	743	736	730	729	722	721	720	719	717	713	710	702	696	694	692	679	674	670	662	660	658	655	652	642	641	639	632	631	623	622	619	618	611	608	602	601	599	584	571	562	557	555	548	546	537	531	515	512	504	1	1	1	1	2	1	1	1	1	1	1	1	3	1	1	1	1	1	1	1	1	2	1	1	2	2	1	1	1	1	1	1	1	1	1	1	1	1	2	1	1	1	1	1	2	1	1	1	1	1	1	1	1	1	2	1	1	1	2	1	1	2	1	1	1	1	1	1	1	2	1	1	1	1	1	1	1	1	1	1	1	1	1	1	1	1	1	1
