10
96	5000	999	990	971	962	955	951	939	930	898	870	859	840	821	815	809	802	777	766	750	749	734	726	725	721	714	685	677	676	640	636	632	617	612	611	607	604	597	579	566	560	553	552	546	540	538	534	516	508	505	501	492	481	473	462	454	445	437	424	408	406	405	403	371	365	360	347	338	320	317	305	303	301	281	260	258	253	242	225	176	168	159	148	140	129	113	98	96	91	69	67	63	56	35	27	26	19	1	1	1	1	1	1	1	1	1	1	1	1	1	1	1	1	1	1	1	1	1	1	1	1	1	1	1	1	1	1	1	1	1	1	1	1	1	1	1	1	1	1	1	1	1	1	1	1	2	1	1	1	1	2	1	1	1	1	1	1	1	1	1	1	1	1	1	1	1	1	1	1	2	1	1	1	1	1	1	1	1	1	1	1	2	1	1	1	1	1	1	1	1	1	1	1
96	5000	989	988	977	969	957	955	943	928	924	905	874	869	863	861	852	828	826	812	810	801	791	785	779	764	749	745	740	737	695	683	659	651	642	624	576	573	563	562	542	538	520	514	498	485	482	478	465	454	429	415	404	385	380	375	362	339	328	325	324	317	308	303	289	288	287	271	252	230	227	223	193	188	181	158	140	138	125	122	116	115	114	113	74	66	55	53	49	45	42	31	26	20	19	6	3	1	1	1	1	1	1	1	1	1	1	1	1	1	1	1	1	1	1	2	1	1	1	1	1	1	1	1	1	1	1	1	1	1	1	1	1	1	1	1	1	2	2	1	1	1	1	1	1	1	1	1	1	1	1	1	1	1	1	2	1	1	1	1	1	1	1	1	1	1	1	1	1	1	1	1	1	1	1	1	1	1	1	1	1	1	1	1	1	1	1	1	1	1	1	1	1	1
95	5000	982	980	959	932	915	904	894	884	852	848	819	816	811	798	797	782	776	772	731	726	725	724	723	705	699	680	671	660	657	653	647	639	638	611	606	601	599	588	581	574	562	560	559	555	554	549	531	529	518	486	485	476	459	452	449	439	431	426	421	419	414	387	354	351	339	322	295	279	273	268	264	261	241	240	239	217	214	210	191	184	149	148	135	134	85	83	76	70	61	59	45	43	8	7	3	1	1	2	1	1	1	1	1	1	1	1	1	1	1	1	1	1	1	1	1	1	1	1	1	1	2	1	2	1	1	2	1	1	1	1	1	1	1	1	1	1	1	1	1	1	1	1	1	1	1	1	1	1	1	1	1	1	1	1	1	1	1	1	1	1	1	1	1	1	1	1	1	1	1	1	1	1	2	1	1	1	1	1	1	1	1	1	1	1	1	1	1	1	1	1
100	5000	956	955	941	929	925	924	922	921	918	910	909	908	905	890	870	859	856	841	826	824	823	820	801	780	775	740	736	727	703	702	701	694	691	675	653	652	623	609	606	601	580	563	547	530	521	517	514	513	507	485	472	471	468	467	440	437	429	420	404	388	381	370	357	356	353	344	339	326	317	314	308	302	288	274	268	258	245	241	223	218	197	172	159	158	147	143	135	112	101	99	79	60	54	53	51	33	22	6	4	3	1	1	1	1	1	1	1	1	1	1	1	1	1	1	1	1	1	1	1	1	1	1	1	1	1	1	1	1	1	1	1	1	1	1	1	1	1	1	1	1	1	1	1	1	1	1	1	1	1	1	1	1	1	1	1	1	1	1	1	1	1	1	1	1	1	1	1	1	1	1	1	1	1	1	1	1	1	1	1	1	1	1	1	1	1	1	1	1	1	1	1	1	1	1	1	1	1	1	1	1
90	5000	993	991	987	984	983	966	933	932	918	902	881	871	822	814	803	796	788	777	769	763	756	752	744	734	679	658	651	649	570	566	561	559	557	553	547	533	532	513	512	510	506	505	503	501	492	491	486	483	469	453	448	439	437	429	421	413	395	392	391	376	370	359	357	348	347	343	336	327	296	272	258	255	242	240	235	230	220	208	155	132	128	99	79	72	69	64	27	24	21	8	2	1	1	1	1	1	1	1	1	1	1	1	1	1	1	1	1	1	1	1	1	1	1	1	1	1	2	1	1	1	1	1	1	1	1	1	1	1	1	1	1	1	1	1	1	1	1	1	1	1	1	1	1	1	1	1	1	1	1	1	3	1	1	1	1	1	3	1	1	1	1	1	1	1	1	1	1	2	1	1	1	3	1	1	1	1	1	1	2	1
94	5000	997	969	962	961	956	948	937	921	918	912	904	902	896	892	861	854	848	847	837	784	758	745	740	717	709	708	700	686	681	669	667	663	653	647	636	603	595	591	584	579	576	575	545	539	530	529	527	490	489	473	449	439	435	405	391	385	376	367	354	318	310	306	301	279	273	266	251	217	211	208	200	194	187	184	180	176	174	170	152	145	144	138	136	128	119	97	94	93	83	69	67	28	11	9	1	1	1	1	1	1	1	1	1	1	1	1	1	1	1	1	1	1	1	1	1	1	1	1	2	1	1	1	1	1	1	1	1	1	1	1	1	1	1	1	1	1	1	1	1	1	1	1	1	1	1	1	1	1	1	1	1	1	1	1	1	1	1	1	1	2	1	1	1	1	1	2	1	1	1	1	1	1	1	1	1	1	1	1	2	1	1	1	1	2	1	1	2	1
92	5000	987	970	960	950	912	879	868	861	840	835	832	831	827	825	819	806	797	755	721	716	684	672	671	662	659	647	645	641	622	595	582	577	556	549	531	528	522	512	509	497	487	458	454	447	445	442	425	408	407	403	360	354	353	339	329	310	303	293	292	290	272	267	260	257	246	239	237	231	229	224	219	209	187	178	163	151	134	116	112	106	98	81	63	55	53	49	23	21	18	13	11	1	2	1	1	1	1	1	1	1	1	1	1	2	1	1	1	1	1	1	1	1	1	2	1	1	1	1	1	1	1	1	1	1	1	1	1	1	1	1	1	2	1	1	1	1	1	1	1	1	2	1	1	1	1	1	1	1	1	1	1	1	1	1	1	1	1	1	1	1	1	1	2	1	1	1	1	1	2	1	1	1	1	1	1	1	2	1	1	1	1	1	1	1
98	5000	982	979	973	971	941	928	925	910	909	907	902	898	882	879	868	864	863	853	850	848	842	837	833	828	805	802	799	779	774	771	758	752	751	737	731	726	722	693	648	645	628	622	619	596	585	571	557	555	550	540	500	499	480	479	478	477	474	470	445	444	416	395	386	365	359	343	304	297	240	235	232	227	225	222	216	210	203	194	193	188	166	146	117	116	106	94	86	74	72	68	62	50	34	31	25	23	16	1	1	1	1	1	1	1	1	1	1	1	1	1	1	1	1	1	1	1	1	1	1	1	1	1	1	2	1	1	1	1	1	1	1	1	1	1	1	1	1	1	1	1	1	1	1	1	1	1	1	1	1	1	1	1	1	1	1	1	1	1	1	1	2	1	1	1	1	1	1	1	1	1	1	1	1	1	1	1	1	1	1	1	1	1	1	1	1	1	1	1	1	1	1	1	1	1	1	1
98	5000	984	983	978	971	967	961	950	936	935	925	921	913	909	908	907	904	903	878	872	858	856	850	841	834	829	813	801	787	782	775	765	749	748	738	711	705	704	694	679	672	669	667	652	624	620	615	613	602	600	578	561	548	547	543	535	528	515	504	480	478	452	448	446	439	435	434	430	428	403	402	398	395	391	388	378	353	317	314	283	278	277	268	213	195	157	150	149	147	116	109	85	84	70	59	56	27	21	20	1	1	1	1	1	1	1	1	1	1	1	1	1	1	1	1	1	1	1	1	1	1	2	1	1	1	1	1	1	1	1	1	1	1	1	1	1	1	1	1	1	1	1	1	1	1	1	1	1	1	1	1	1	1	1	1	1	1	1	1	1	2	1	1	1	1	1	1	1	1	1	1	1	1	1	1	1	1	1	1	1	1	1	1	1	1	1	1	1	1	1	1	1	1	1	1	1	1
94	5000	986	984	953	952	945	934	903	898	875	865	863	856	854	841	816	812	808	805	787	762	755	753	734	712	711	709	706	691	670	651	647	638	624	607	604	602	593	586	579	561	560	551	547	537	534	531	527	526	524	514	486	458	451	446	437	427	426	425	414	412	396	390	389	379	363	357	349	347	310	303	300	296	285	266	260	235	234	230	229	216	210	204	166	155	150	131	118	96	67	43	33	30	11	8	1	1	1	1	1	1	1	1	1	1	1	1	1	1	1	2	1	1	1	1	1	1	1	1	1	1	1	1	1	1	1	1	1	1	1	1	1	1	1	1	1	2	1	1	2	1	1	1	1	2	1	1	1	1	1	1	1	1	1	1	1	1	1	1	1	1	1	1	1	1	1	1	1	1	1	1	1	1	1	1	1	2	1	2	1	1	1	1	1	1	1	1	1	1
