10
97	4000	998	958	955	948	890	878	871	865	862	861	853	846	833	828	796	795	746	716	711	702	682	680	664	661	632	610	606	605	604	599	580	572	568	559	556	553	534	532	529	514	500	499	481	435	431	426	424	420	413	409	402	385	384	367	341	340	335	333	324	321	305	278	271	270	261	252	249	244	235	223	210	203	198	187	186	179	170	157	138	133	123	121	117	106	104	95	78	69	61	49	38	37	36	26	22	11	1	1	1	1	2	1	1	2	1	1	1	1	1	1	1	1	1	1	1	1	1	1	1	1	1	1	1	1	1	2	1	1	1	1	1	1	1	1	1	1	1	1	1	1	1	1	1	1	1	1	1	1	1	1	1	1	1	1	1	1	1	1	1	1	1	1	1	1	1	1	1	1	1	1	1	1	1	1	1	1	1	1	1	1	1	1	1	1	1	1	1	1	1	1	1	1	1	1
97	4000	995	974	970	968	966	964	955	953	950	931	920	916	904	894	870	869	866	836	829	803	801	795	779	777	774	759	732	729	717	714	697	690	688	671	635	621	617	615	590	574	555	546	545	537	533	532	515	514	493	488	478	416	414	412	411	399	396	391	385	361	343	333	296	274	260	258	247	241	230	205	184	170	156	153	149	143	142	136	125	120	102	99	97	95	89	85	75	66	63	62	60	57	49	42	16	15	3	1	1	1	1	1	1	1	1	1	1	1	1	1	1	1	1	1	1	1	1	1	1	1	1	1	1	2	1	1	1	1	1	1	1	1	1	1	1	1	1	3	1	1	1	1	1	1	1	1	1	1	1	1	1	1	1	1	1	1	1	1	1	1	1	1	1	1	1	1	1	1	1	1	1	1	1	1	1	1	1	1	1	1	1	1	1	1	1	1	1	1	1	1	1	1	1	1
95	4000	989	985	983	978	963	960	948	932	928	925	921	919	907	904	897	892	887	886	881	880	878	877	874	872	860	855	825	814	808	773	772	771	769	735	723	705	686	638	633	631	619	612	598	581	580	576	574	543	533	528	523	521	518	502	498	496	488	472	458	452	448	442	440	436	435	405	383	372	361	357	341	329	311	280	279	277	268	240	229	227	217	214	203	195	171	162	123	102	90	78	65	60	54	52	3	1	1	1	1	1	1	1	1	1	1	1	1	1	1	1	1	2	1	1	1	1	1	1	1	1	1	1	1	1	1	1	1	1	1	1	1	1	1	1	1	1	1	1	1	1	1	1	1	1	1	2	1	2	1	1	1	1	1	1	1	1	1	1	1	1	1	2	1	1	1	1	1	1	1	1	1	1	1	1	1	1	1	2	1	1	1	1	1	1	1	1	1	1	1	1
97	4000	987	986	982	977	973	964	961	951	941	935	925	919	911	910	895	890	875	865	849	839	831	830	826	797	765	755	748	745	738	736	728	723	721	706	703	683	674	672	659	658	654	644	642	621	598	584	571	556	535	524	514	511	505	503	498	493	483	458	447	429	423	408	395	388	386	373	362	358	333	325	284	278	261	260	254	241	239	231	211	196	184	168	159	156	144	139	123	118	117	111	88	85	81	63	54	28	19	1	1	1	1	1	1	1	1	1	2	1	1	1	1	1	1	1	1	1	2	1	1	1	1	1	1	1	1	1	1	1	1	1	1	1	1	1	1	1	1	1	1	1	1	1	1	1	1	2	1	1	1	1	1	1	1	1	1	1	1	1	1	1	1	1	1	1	1	1	1	1	1	1	1	1	1	1	1	1	1	1	1	1	1	1	1	1	1	1	1	1	1	1	1	1	1	1
93	4000	988	973	971	968	944	924	923	918	899	896	891	862	855	832	823	820	816	814	801	794	789	778	767	751	715	697	680	662	660	657	643	616	615	613	612	611	598	594	593	586	543	542	518	516	497	448	446	443	428	426	425	424	414	411	409	399	397	395	388	371	366	365	339	325	320	307	306	298	297	278	272	270	269	259	250	237	202	198	195	165	148	145	129	121	111	90	86	68	46	39	30	16	6	1	1	1	1	1	1	1	1	1	1	1	1	1	1	1	1	1	1	1	1	1	1	1	1	1	1	1	1	1	1	1	1	1	1	1	1	1	1	1	1	1	1	1	1	1	3	1	1	1	1	1	1	1	1	1	1	1	1	1	1	2	1	1	1	1	1	1	1	1	1	1	1	1	1	1	1	1	1	1	1	1	1	2	2	2	1	2	1	1	1	1	1	1
98	4000	990	988	929	928	927	914	909	904	885	871	868	860	858	825	814	813	793	770	764	763	761	752	746	740	725	718	705	700	694	676	636	632	612	611	607	589	586	583	578	566	559	547	541	523	522	514	506	495	486	477	456	449	447	437	432	418	416	403	397	387	382	369	362	353	349	348	345	328	321	312	308	302	301	294	271	270	240	233	223	203	201	199	180	171	155	126	117	109	93	86	85	81	63	55	35	23	13	4	1	1	1	1	1	1	1	1	1	1	1	1	1	1	1	1	1	1	1	1	1	1	1	1	1	1	1	1	1	1	1	1	1	1	1	1	1	1	1	1	1	1	1	2	1	1	1	1	1	1	1	1	1	1	1	1	1	1	1	1	1	1	1	1	1	1	1	1	1	1	1	1	1	1	1	1	1	1	1	1	1	1	1	2	1	1	1	1	1	1	1	1	1	1	1	1	1	1
98	4000	995	982	971	960	949	940	927	925	913	912	908	898	886	877	850	843	840	836	829	828	813	810	793	788	762	758	746	734	709	706	699	697	689	677	671	656	638	637	632	622	616	615	609	593	519	516	481	464	434	425	413	406	400	395	382	380	365	364	362	355	350	345	338	334	326	321	309	307	305	301	287	278	273	270	260	258	242	237	235	223	201	194	193	192	168	135	121	118	100	90	83	57	39	29	19	13	6	2	1	1	1	1	1	1	1	1	1	1	1	1	1	1	1	1	1	1	1	1	1	1	1	1	1	1	1	1	1	1	2	1	1	1	1	1	1	1	1	1	1	1	1	1	1	1	1	1	1	1	1	1	1	1	1	1	1	1	1	1	1	1	1	1	1	1	1	1	1	1	1	1	1	1	1	1	1	1	1	1	1	1	1	1	1	1	1	1	1	1	1	1	1	1	1	1	1	2
94	4000	997	987	972	968	966	965	954	951	948	915	904	892	890	873	871	796	782	779	770	763	756	741	730	727	714	693	691	690	672	670	665	656	647	635	622	611	598	596	585	576	575	574	573	518	507	488	479	473	466	460	458	450	440	433	432	426	412	403	388	349	337	336	335	329	323	319	314	288	274	270	255	251	211	210	191	185	147	140	136	111	109	105	102	69	54	49	48	47	40	37	29	24	6	2	1	1	1	1	1	1	1	1	1	1	1	1	1	1	1	2	1	2	1	1	1	1	1	1	1	1	1	1	1	1	1	1	2	1	1	2	1	1	1	1	1	1	1	1	1	1	1	1	1	1	1	1	1	1	1	1	1	1	1	1	1	1	1	1	1	1	1	1	1	1	1	2	2	1	1	1	1	1	1	1	1	1	1	1	1	1	1	1	1	1	1	1	1	1
97	4000	998	993	982	981	980	974	923	921	897	892	890	888	887	880	874	865	857	855	838	830	820	771	764	762	760	746	741	731	725	717	716	705	689	687	670	664	653	647	644	633	603	602	597	592	591	588	580	559	538	535	531	523	516	512	493	481	474	460	458	449	447	401	396	364	361	343	340	328	309	291	290	273	259	255	253	252	224	216	210	209	185	170	160	158	125	118	113	80	77	71	63	61	47	42	12	7	4	1	1	1	1	1	1	1	1	1	1	1	1	1	1	1	1	1	1	1	1	2	1	1	1	1	3	1	1	1	1	1	1	1	1	1	1	1	1	1	1	1	1	1	1	1	1	1	1	1	1	1	1	1	1	1	1	1	1	1	1	1	1	1	1	1	1	1	1	1	1	1	1	1	1	1	1	1	1	1	1	1	1	1	1	1	1	1	1	1	1	1	1	1	1	1	1	1
98	4000	982	963	947	945	926	925	898	871	863	857	856	854	850	841	838	837	831	812	805	804	788	782	777	746	742	729	713	703	658	640	633	621	619	604	603	567	557	548	540	536	532	516	515	502	494	493	484	467	466	463	461	454	450	426	421	418	413	408	401	397	390	385	383	370	366	347	341	333	317	314	310	298	280	274	256	254	244	241	229	227	218	200	198	191	181	169	164	140	133	114	85	76	49	47	44	29	17	12	1	1	1	1	1	1	1	1	1	1	1	1	1	1	2	1	1	1	1	1	1	1	1	1	1	1	1	1	1	1	1	1	1	1	1	1	1	1	1	1	1	1	1	1	1	1	1	1	1	1	1	1	1	1	1	1	1	1	1	1	1	1	1	1	1	1	1	1	1	1	1	1	1	1	1	1	1	1	1	1	1	1	1	1	1	1	2	1	1	1	1	1	1	1	1	1	1	1
