10
97	1200	994	991	963	954	953	945	917	900	889	883	863	846	834	832	818	787	777	756	754	749	735	733	722	720	719	713	691	681	655	647	645	628	611	596	580	578	567	550	537	536	530	525	521	519	517	515	509	506	498	492	489	471	461	449	448	447	445	421	414	408	406	394	393	391	381	365	364	356	355	353	348	347	338	334	329	325	301	297	294	290	288	282	278	277	275	273	251	249	244	243	241	220	215	214	208	206	200	1	1	1	1	1	1	1	1	1	1	1	1	1	1	1	1	1	1	1	1	1	1	2	1	1	1	1	1	1	1	1	1	1	1	1	1	1	1	1	1	1	1	1	1	1	1	1	1	1	1	1	1	1	2	1	1	1	1	1	1	1	1	1	1	1	1	1	1	1	1	1	1	1	1	1	1	1	1	1	2	1	1	1	1	1	1	1	1	1	1	1	1	1	1	1	1	1
91	1200	996	994	992	987	986	973	968	967	955	949	946	938	917	912	906	904	890	886	875	864	862	843	840	825	822	812	808	805	804	801	769	767	759	742	737	736	734	732	729	725	708	703	700	670	656	649	645	610	609	596	594	560	544	531	530	524	523	519	507	506	498	492	491	489	487	481	472	468	467	463	461	459	444	433	430	426	420	413	367	366	343	341	296	292	282	281	274	260	257	209	203	1	1	1	1	1	1	1	1	1	1	1	1	1	1	1	1	1	1	2	1	2	1	1	1	2	1	1	1	1	1	1	1	1	1	1	1	1	1	1	1	1	1	1	1	1	1	1	1	1	1	1	1	1	1	1	3	1	1	1	1	1	1	1	1	1	2	1	1	2	1	1	1	1	2	1	1	1	1	1	2	1	1	1	1	1	1	1	1	1	1	1
90	1200	998	993	985	984	979	971	965	957	946	937	920	916	914	907	899	881	873	872	870	861	847	844	827	821	816	811	800	784	772	770	766	760	756	750	748	746	733	724	721	712	705	680	670	664	644	639	628	625	614	586	555	552	550	514	510	498	497	480	472	465	461	457	452	441	431	415	412	400	387	386	384	371	339	334	324	322	315	314	312	296	294	288	279	251	233	230	218	212	209	201	1	1	1	1	1	1	1	1	2	1	2	1	1	1	1	1	1	3	1	1	1	1	1	1	1	1	1	1	1	1	1	1	1	1	1	1	1	1	1	1	1	1	1	2	1	1	1	1	1	1	1	1	2	1	1	1	1	1	1	1	2	1	1	1	1	1	1	1	1	1	1	1	1	1	1	1	1	1	1	1	1	2	1	1	1	2	1	1	1	2
97	1200	999	998	977	973	968	965	964	960	949	944	928	923	910	905	896	883	881	851	843	834	832	823	820	796	795	784	782	780	778	766	765	760	729	704	702	698	695	687	680	674	666	655	650	647	643	613	599	594	593	591	589	577	568	562	560	559	556	554	545	537	529	527	522	514	513	506	494	492	486	483	476	472	469	468	405	390	389	375	364	356	354	337	331	320	313	312	281	267	264	262	228	227	221	218	211	209	206	1	1	1	2	1	1	1	1	1	1	1	1	1	1	1	1	1	1	1	1	1	1	1	1	1	1	1	1	1	1	1	1	1	1	1	1	1	1	1	1	1	1	1	1	1	1	1	1	1	1	1	1	1	1	1	1	1	1	1	1	1	1	1	1	1	1	1	1	1	1	1	1	1	2	1	1	1	2	1	1	1	1	1	1	1	1	1	1	1	1	1	1	1	1	1	1	1
93	1200	997	992	990	987	976	975	974	968	967	955	953	952	940	931	921	917	916	912	903	902	894	884	869	863	862	861	855	840	829	820	805	798	797	796	792	788	777	765	757	752	735	724	702	692	670	658	656	655	649	646	642	637	635	625	615	608	585	572	548	531	519	505	500	497	469	457	451	430	418	413	412	408	402	387	383	352	329	323	303	302	298	276	266	259	253	240	239	223	219	217	216	201	200	1	1	1	1	1	1	1	1	1	1	1	1	1	2	1	1	1	1	1	1	1	1	1	2	1	1	1	2	1	2	1	1	1	1	1	1	1	1	1	2	1	1	1	1	1	1	1	1	1	1	1	1	1	1	1	1	1	1	1	1	1	1	1	1	1	1	1	1	1	1	1	1	1	1	1	1	1	1	1	1	1	1	1	1	1	1	1	1	1	2	1	1	2
95	1200	994	990	983	979	953	948	938	931	925	923	921	920	910	907	904	897	896	883	873	870	864	852	842	840	826	820	804	802	792	791	778	772	764	754	744	733	725	712	711	697	694	685	681	670	666	655	630	624	603	599	597	577	576	551	526	523	511	510	507	484	480	474	472	468	465	448	446	445	432	429	426	425	417	400	392	389	379	374	372	371	369	348	344	321	317	306	296	285	282	243	236	235	228	216	208	1	1	1	1	1	1	1	1	1	1	1	1	1	1	1	1	1	2	1	1	1	1	1	1	1	1	1	1	1	1	1	1	1	2	1	1	1	1	1	1	1	1	1	1	1	1	1	1	2	1	1	1	1	1	1	1	1	2	1	1	1	1	1	1	1	1	1	1	1	1	1	2	1	1	1	1	1	1	1	1	1	1	1	1	1	1	1	1	1	1	1	1	1	1	1
96	1200	987	980	974	972	971	957	954	940	939	937	935	923	920	919	915	909	906	859	839	832	831	820	819	809	804	787	780	767	763	760	754	742	730	721	712	711	689	671	658	645	644	643	629	628	602	595	593	583	580	571	560	558	557	551	536	519	505	491	486	485	478	467	465	446	433	431	425	415	404	403	401	394	390	381	378	373	339	322	316	308	302	296	290	286	285	277	275	271	257	244	237	212	208	205	204	202	1	1	1	1	1	1	2	1	1	1	1	1	1	1	1	1	1	1	1	1	1	1	1	1	1	1	1	1	1	1	1	1	1	1	1	1	1	1	1	1	1	1	1	1	1	1	1	1	1	1	1	1	1	1	1	1	1	1	1	1	1	1	1	1	1	1	2	1	2	1	1	1	1	1	1	1	1	1	1	1	1	2	1	1	1	1	1	1	1	1	1	1	1	1	1	1
94	1200	990	989	988	986	976	956	953	949	948	917	892	880	877	874	861	860	846	841	839	824	821	820	804	792	790	774	771	764	761	749	743	733	732	728	725	708	704	701	692	678	657	651	639	632	630	624	623	589	586	562	547	546	545	540	539	535	527	508	507	502	499	496	491	481	478	477	476	472	468	460	442	436	427	395	391	376	364	363	350	346	345	326	323	315	309	307	295	281	279	250	247	236	228	227	1	1	1	1	1	1	1	1	1	1	1	1	2	1	1	1	1	1	1	1	1	1	1	1	2	1	1	2	1	1	1	1	1	1	1	1	1	2	1	1	1	1	1	1	1	1	1	1	1	1	1	1	1	1	1	1	2	1	1	1	1	2	1	1	1	1	1	1	1	1	1	1	1	1	1	1	1	1	1	1	1	1	1	1	1	1	1	1	1	1	1	1	1	1
95	1200	989	977	974	973	958	951	936	932	930	913	892	883	876	870	868	866	860	857	839	832	816	810	809	804	799	798	793	791	787	774	767	763	755	744	734	732	727	726	723	718	716	714	700	680	672	668	663	624	604	600	599	596	595	594	581	569	565	563	551	548	543	542	535	532	518	512	510	492	480	471	424	419	414	409	388	378	377	354	348	332	330	329	317	313	312	288	278	273	269	249	246	231	222	218	208	1	1	1	1	1	1	1	1	1	1	1	1	1	1	1	1	1	1	1	1	1	1	1	1	1	1	1	1	1	1	1	1	1	1	1	1	1	1	1	1	2	2	1	1	1	1	1	1	1	1	1	1	1	1	1	1	1	1	1	2	1	1	1	1	1	1	1	1	1	1	1	1	1	1	1	1	2	1	1	1	1	1	1	1	1	1	1	1	1	1	1	1	1	1	2
98	1200	998	997	977	976	967	965	961	950	907	890	884	881	879	871	868	845	811	810	806	805	799	774	772	768	761	747	717	712	694	683	679	676	660	659	648	641	639	624	623	621	581	558	556	550	541	527	521	518	507	497	496	492	486	470	468	465	464	463	459	450	449	434	426	412	400	395	393	388	382	375	368	355	339	332	331	328	324	317	307	305	299	297	291	290	289	287	286	280	278	273	261	260	242	231	219	213	209	208	1	1	1	1	1	1	1	1	1	1	1	1	1	1	1	1	1	1	1	1	1	1	1	1	1	1	1	2	1	1	1	1	1	2	1	1	1	1	1	1	1	1	1	1	1	1	1	1	1	1	1	1	1	1	1	1	1	1	1	1	1	1	1	1	1	1	1	1	1	1	1	1	1	1	1	1	1	1	1	1	1	1	1	1	1	1	1	1	1	1	1	1	1	1	1	1	1	1
