10
93	1000	986	978	959	920	905	904	881	858	857	846	838	832	803	783	781	771	763	744	743	733	720	699	693	690	679	674	670	652	648	641	630	619	616	611	604	576	565	555	554	544	523	520	501	491	472	439	437	434	410	403	392	384	377	369	360	344	340	330	325	321	319	317	316	310	307	306	290	285	280	272	271	262	246	231	230	211	205	189	164	162	151	146	133	103	101	94	82	81	79	59	40	24	16	1	1	1	1	2	1	1	1	1	1	1	1	1	1	1	1	1	2	1	1	1	1	1	2	1	1	1	1	1	1	1	1	1	1	1	1	1	1	1	1	1	1	1	1	1	1	1	1	1	1	1	1	1	1	1	1	1	1	1	1	1	1	1	1	1	1	1	1	1	1	2	1	1	2	1	1	1	1	2	1	1	1	1	1	1	2	1	1	1	1	1	1	1
98	1000	996	967	965	964	958	957	954	950	937	906	895	884	883	869	858	855	846	838	835	805	796	789	771	765	757	731	727	721	717	703	702	695	682	673	662	633	630	623	616	610	609	585	583	581	565	543	541	533	524	517	516	514	513	504	466	458	441	435	425	390	388	387	369	358	344	338	322	286	258	254	246	236	209	202	188	173	160	153	140	128	116	112	99	96	87	76	66	64	60	54	51	49	41	40	38	35	28	8	1	1	1	1	1	1	1	1	1	1	1	1	1	1	1	1	1	1	1	1	1	1	2	1	1	1	1	1	1	1	1	1	1	1	1	1	1	1	1	1	1	1	1	1	1	1	1	1	1	1	2	1	1	1	1	1	1	1	1	1	1	1	1	1	1	1	1	1	1	1	1	1	1	1	1	1	1	1	1	1	1	1	1	1	1	1	1	1	1	1	1	1	1	1	1	1	1	1
95	1000	992	984	976	946	935	919	907	895	889	879	876	869	866	835	827	826	819	801	799	791	790	739	719	698	673	648	646	632	618	613	589	586	574	570	567	566	565	542	538	530	504	494	484	471	465	464	459	449	421	419	415	406	394	392	389	375	372	367	363	359	354	352	347	342	335	296	291	286	278	273	270	254	237	210	209	189	186	177	176	172	147	115	108	94	93	83	82	75	55	54	51	27	25	17	11	1	1	1	1	1	1	1	1	1	1	1	1	1	1	1	1	1	2	1	1	1	1	1	1	1	1	1	1	1	1	1	1	1	1	1	1	1	1	1	1	1	1	1	1	1	1	2	1	1	1	1	1	1	1	1	1	1	1	1	1	1	1	1	1	1	2	1	1	1	1	1	1	1	1	1	1	1	1	1	1	1	2	1	1	1	1	1	1	1	1	2	1	1	1	1
96	1000	999	988	983	967	961	932	926	921	915	901	889	888	885	876	862	860	859	841	837	828	819	803	796	782	776	766	759	757	748	738	721	709	683	669	650	649	642	637	636	632	626	625	615	608	581	566	532	504	481	462	460	457	421	420	413	408	398	395	394	387	373	360	355	351	345	327	298	295	262	261	254	230	193	178	177	170	167	146	141	138	123	122	103	94	92	89	58	46	43	39	34	29	28	27	12	8	1	1	1	1	1	1	1	1	1	1	1	1	1	1	1	1	1	1	1	1	1	1	1	1	1	1	1	1	1	1	1	1	1	1	1	1	1	1	1	1	1	1	2	1	1	1	1	1	1	1	2	1	1	1	1	1	1	1	1	1	2	1	1	1	1	1	1	1	1	1	1	1	1	1	1	2	1	1	1	1	1	1	1	1	1	1	1	1	1	1	1	1	1	1	1	1
92	1000	990	989	978	973	969	964	961	921	917	915	908	901	879	877	873	815	814	810	802	795	783	778	770	749	727	726	725	713	708	683	669	653	647	635	630	627	616	603	568	565	562	547	542	527	518	510	503	502	493	481	472	469	467	459	449	428	422	409	407	401	394	363	350	329	302	301	288	249	241	223	217	209	202	182	164	162	161	152	124	99	98	97	96	94	88	87	85	46	28	16	14	12	1	1	1	1	1	1	1	1	1	1	1	1	1	1	1	1	1	1	1	1	1	1	1	1	1	1	1	1	1	1	1	1	1	1	1	1	1	1	1	1	1	1	1	1	1	1	1	1	1	1	1	1	1	1	1	1	1	1	2	1	2	1	2	1	1	1	1	1	1	2	1	1	3	1	1	1	1	1	1	1	1	1	1	1	1	1	1	1	2	2	1	1
95	1000	999	998	992	990	988	980	977	973	962	960	957	951	938	929	925	916	890	873	853	852	846	840	823	811	810	793	771	765	764	763	714	691	685	678	660	645	644	625	615	612	609	604	571	544	521	506	497	488	485	478	472	456	445	422	404	403	402	395	387	379	376	370	361	340	337	330	313	310	301	287	278	264	221	217	215	204	194	177	157	145	139	128	126	124	89	74	69	62	56	41	36	31	16	11	1	1	1	1	1	1	2	1	1	1	1	1	1	1	1	1	1	1	1	1	1	1	1	1	1	1	1	1	1	1	1	1	1	1	1	1	1	1	1	1	1	1	1	1	2	1	1	1	1	1	1	1	1	1	1	1	1	1	1	1	1	1	1	1	1	1	1	1	1	1	1	1	1	1	1	1	2	1	1	1	1	1	2	1	1	1	1	1	1	1	1	1	1	1	2	1
96	1000	986	975	954	944	943	940	934	931	925	920	902	888	885	880	878	874	872	862	854	816	814	810	790	784	776	756	748	747	729	714	703	696	686	684	675	673	651	631	626	623	621	614	600	594	590	588	573	556	547	532	523	512	492	491	477	463	455	453	429	424	422	411	408	395	383	377	367	342	334	332	325	317	307	299	289	283	280	275	274	256	247	211	205	199	182	177	154	94	92	90	78	69	68	34	33	19	1	1	2	1	1	1	1	1	1	1	1	1	1	1	1	1	1	2	1	1	1	1	1	1	1	1	1	1	1	1	1	1	2	1	1	1	1	1	1	1	1	1	1	1	1	1	1	1	1	1	1	1	1	1	1	1	1	1	1	1	1	1	1	1	1	1	1	1	1	1	1	1	1	1	1	1	1	1	1	1	1	1	1	1	1	1	1	1	1	1	1	1	1	2	1	1
95	1000	995	993	981	980	971	959	957	954	952	925	921	918	895	858	855	848	847	846	842	826	818	812	808	801	797	785	749	737	716	687	639	632	618	604	599	594	582	552	546	544	538	528	525	523	515	512	511	509	472	470	469	467	447	421	417	415	405	397	395	351	343	319	305	298	297	286	280	278	248	236	222	216	215	214	199	196	190	178	164	148	136	135	134	125	123	122	105	90	83	70	58	57	32	26	16	1	1	1	1	1	1	1	1	1	1	1	1	1	2	1	1	1	1	1	1	1	1	1	1	1	1	1	1	1	1	1	1	1	1	1	1	1	1	1	1	1	1	1	1	1	1	1	1	1	1	1	1	2	1	1	1	1	1	1	1	1	1	1	1	1	1	1	1	1	1	1	1	1	1	1	1	2	1	1	1	1	1	1	1	1	2	1	1	1	2	1	1	1	1	1
93	1000	976	972	966	964	961	950	936	922	911	888	881	873	847	813	795	790	782	755	733	705	701	696	669	667	666	665	659	656	655	648	636	616	613	608	600	574	572	560	557	552	524	522	511	506	502	499	481	479	473	470	467	447	445	426	420	410	408	393	382	367	345	344	337	318	307	305	302	297	274	262	258	236	232	229	206	199	195	193	190	178	169	159	136	121	87	80	79	69	63	59	55	44	6	1	2	1	2	1	1	1	1	1	1	1	1	1	1	1	1	1	1	1	1	1	1	1	1	2	1	1	1	1	1	1	1	1	1	1	1	1	1	1	1	1	1	1	1	1	1	1	1	1	1	1	1	1	1	1	1	2	1	1	1	1	1	1	1	1	1	1	1	1	1	1	1	1	2	1	2	2	1	1	1	1	1	1	1	1	1	1	1	1	1	1	1	1
94	1000	997	996	995	993	992	982	975	974	930	928	920	917	912	910	909	908	901	852	849	848	835	814	812	803	799	796	790	786	745	744	743	742	738	725	715	698	691	688	685	628	612	594	588	587	583	573	563	561	560	555	552	537	529	508	498	497	483	468	440	433	421	395	394	365	354	310	290	262	259	252	233	221	220	191	179	178	173	164	144	116	98	97	93	91	69	68	62	55	45	37	32	27	23	5	1	1	1	1	1	1	1	1	1	1	1	1	2	1	1	1	1	1	1	1	1	1	1	1	1	1	1	1	1	2	2	1	1	1	1	1	1	1	1	1	1	1	1	1	1	1	1	1	1	1	1	1	1	1	1	1	1	2	1	1	1	1	1	1	1	1	1	1	1	1	1	1	1	1	1	1	1	1	1	2	1	1	1	1	1	1	1	1	1	1	1	1	1	2
