10
95	3000	999	996	995	991	986	978	975	972	971	966	965	958	953	952	951	948	946	936	932	925	924	917	916	913	911	902	897	893	887	885	883	882	871	866	863	860	836	829	828	824	816	812	811	803	796	793	792	783	777	770	765	758	757	756	751	742	741	740	735	730	728	724	722	709	708	706	687	684	675	666	652	651	650	646	642	638	636	631	623	618	614	611	601	595	571	565	560	558	544	543	539	532	530	526	521	1	1	1	1	1	1	1	2	1	1	2	1	1	1	1	1	1	1	1	1	1	1	1	1	1	1	1	1	2	1	1	1	1	1	1	1	1	1	1	1	1	1	1	1	1	1	1	1	1	1	1	1	1	2	1	1	1	1	1	1	1	1	1	1	1	1	1	1	1	1	1	1	1	1	1	1	1	1	1	2	1	1	1	1	1	1	1	1	1	1	1	1	1	1	1
90	3000	999	986	985	981	978	976	972	963	955	951	950	946	940	939	909	907	906	901	898	895	894	883	882	876	872	871	857	853	846	843	837	833	818	800	799	794	791	779	775	761	759	755	746	744	741	737	735	731	723	721	720	713	698	687	686	683	675	671	669	668	664	662	661	657	656	654	650	648	646	643	636	634	618	613	610	606	601	594	589	588	553	536	525	521	519	518	510	504	503	500	1	1	1	1	1	1	1	1	1	1	1	1	1	1	1	1	1	1	1	1	1	1	1	1	2	2	1	1	1	1	1	1	1	1	2	1	1	1	1	1	1	1	1	1	1	1	2	1	1	1	2	1	1	1	1	1	1	1	1	1	2	2	1	1	1	3	1	1	1	2	1	1	1	1	1	1	1	1	1	1	1	1	1	1	1	1	1	1	1	1
91	3000	991	979	977	973	965	961	952	944	943	942	936	935	932	924	923	922	919	909	906	903	891	886	883	879	856	854	848	833	828	823	816	813	811	810	807	805	784	773	771	769	768	766	763	758	748	730	725	720	708	705	701	698	691	682	681	676	674	671	665	662	661	659	656	653	652	650	647	635	629	628	622	621	618	616	599	592	587	579	578	577	575	574	570	561	550	543	533	527	524	512	511	1	1	1	1	2	3	1	1	1	1	1	1	1	1	1	1	1	1	1	1	1	1	1	1	1	1	1	1	1	1	1	1	1	1	1	2	1	1	1	1	1	1	1	1	1	2	1	1	2	1	1	1	1	1	1	1	2	1	1	2	1	1	1	1	1	1	1	1	1	1	1	1	1	1	1	1	1	2	1	1	1	1	1	1	1	1	1	1	1	1	1
90	3000	998	977	972	968	965	964	945	944	939	937	923	922	917	912	900	898	896	893	890	884	883	881	880	879	863	852	841	829	825	823	803	799	797	794	786	779	778	766	761	760	746	735	732	729	721	718	717	705	703	699	691	685	680	671	667	663	656	654	651	647	643	641	638	637	633	632	629	620	617	615	609	603	602	596	591	589	586	585	576	569	565	553	537	530	515	514	513	505	503	501	1	1	1	1	1	1	1	1	1	1	1	2	1	1	1	1	1	1	1	1	3	1	1	1	1	1	1	1	1	1	1	1	1	1	2	1	1	1	1	1	1	1	1	2	2	1	2	1	2	1	2	1	1	1	1	1	1	1	1	2	1	1	1	1	1	1	1	1	1	1	1	1	1	1	1	1	1	1	1	1	1	1	1	1	1	1	1	1	1	1
88	3000	995	992	978	973	968	967	962	954	945	944	943	932	928	927	918	916	910	906	899	896	893	892	879	877	876	874	872	865	864	863	855	850	841	833	831	820	818	814	811	807	806	798	792	788	782	763	762	758	732	720	717	708	707	704	699	690	689	687	685	684	681	669	664	659	658	657	656	651	640	639	633	619	617	615	614	609	599	598	577	573	572	569	557	550	549	542	529	522	1	1	1	1	1	1	1	1	1	1	1	1	1	1	1	3	1	1	1	1	1	1	1	1	2	1	1	2	1	1	1	1	1	1	2	1	1	2	1	1	1	1	1	1	1	1	1	1	2	1	2	1	1	1	1	2	1	1	2	1	1	1	1	1	1	1	1	1	1	1	1	1	2	1	1	1	1	1	1	1	2	1	1	1	1	1	1	1
85	3000	992	990	989	987	985	983	981	970	967	965	952	944	931	930	924	922	913	912	909	888	887	885	864	859	858	853	842	840	838	834	830	819	818	817	802	795	783	782	775	763	750	749	738	722	715	714	709	686	684	681	680	663	657	646	645	644	641	640	633	625	619	617	609	607	604	603	602	595	588	569	568	565	563	562	545	544	542	540	535	526	518	517	514	512	501	1	1	3	1	1	1	1	1	2	1	1	1	1	1	1	1	1	2	1	1	1	1	2	1	1	1	1	1	2	2	1	1	1	1	1	1	1	2	1	1	2	1	2	1	1	1	1	1	1	1	1	2	1	1	1	1	1	1	1	2	1	1	1	1	2	1	1	2	2	1	1	1	1	1	1	1	1	1	1	1	1	1	1	1	1
91	3000	999	987	979	972	962	954	952	946	945	934	932	931	922	920	917	910	906	902	894	892	887	882	877	874	853	845	842	841	840	836	830	829	820	813	811	808	797	794	793	788	783	780	773	771	769	765	759	753	752	748	746	742	738	726	718	706	704	701	695	690	689	679	667	666	661	652	651	648	629	628	625	620	617	608	603	578	553	548	546	542	539	537	533	530	523	522	517	504	503	501	500	1	2	1	1	1	2	1	1	1	1	2	1	1	1	1	1	1	1	1	1	1	1	1	1	1	1	1	1	1	1	1	1	1	1	1	2	1	1	1	1	1	1	1	1	1	1	2	1	1	1	1	1	1	1	1	1	1	1	2	1	1	2	1	1	1	1	1	1	1	1	1	1	1	1	1	1	1	1	2	1	1	1	1	1	1	1	1	1	1	2	1
87	3000	996	994	993	991	982	978	969	966	964	961	957	949	936	931	923	922	918	911	901	898	897	893	884	877	872	867	861	850	848	843	822	820	809	800	782	781	778	776	772	771	768	766	755	747	744	743	742	729	724	721	716	703	698	674	661	655	651	642	637	633	632	631	629	625	614	613	610	594	589	579	576	568	564	557	553	538	536	531	523	520	516	514	512	510	507	504	502	1	1	1	2	1	1	2	1	1	1	1	1	1	1	1	1	1	1	1	1	1	1	1	1	1	1	1	1	2	2	2	1	1	1	2	1	1	1	1	1	2	1	1	1	3	1	1	1	1	1	1	1	1	1	1	1	1	1	1	1	1	1	2	1	1	1	1	1	1	1	2	1	1	1	1	1	1	1	1	2	1	2	1	1	1	1	1
93	3000	999	993	990	979	977	970	962	959	954	948	941	936	935	929	925	920	919	916	915	913	911	891	888	887	883	879	878	871	862	858	855	849	846	842	841	826	817	815	812	810	797	793	787	778	777	776	764	757	756	745	743	742	740	737	736	734	728	722	716	713	705	703	685	682	673	663	659	658	654	649	637	621	620	619	618	609	606	599	594	586	582	574	571	569	564	557	555	529	527	524	518	513	510	1	1	1	1	2	1	1	1	1	1	1	1	1	1	1	2	1	1	1	1	1	1	1	1	1	2	1	1	1	1	1	1	1	1	1	1	1	1	1	2	1	1	1	1	1	1	1	1	1	1	1	2	1	1	1	1	2	2	1	1	1	1	1	1	1	1	1	1	1	1	1	1	1	1	1	1	1	1	1	1	1	1	1	1	1	1	1	1	1	1	1	1	1
92	3000	998	990	988	983	982	981	974	972	960	959	954	947	946	940	936	934	928	926	912	904	893	891	889	888	886	884	881	879	869	863	862	851	848	841	836	835	834	833	832	828	827	824	815	809	804	801	800	792	790	787	775	770	764	762	752	748	747	735	723	719	688	684	682	681	661	660	651	648	636	634	628	613	606	601	598	590	584	579	576	567	561	560	551	547	544	539	535	519	514	512	510	506	1	1	1	1	1	1	1	2	1	1	1	1	1	1	1	1	1	1	1	1	1	1	1	1	1	1	1	1	1	1	1	2	1	1	1	1	1	1	1	1	1	1	1	1	1	1	1	1	1	1	1	1	2	1	1	1	1	1	2	1	1	1	1	1	1	1	1	1	1	1	1	1	1	1	1	1	1	2	1	1	2	1	2	1	1	1	1	1	1	1	2	1
