10
93	1000	993	982	978	972	957	937	930	929	914	911	890	861	855	849	838	837	836	830	812	803	797	788	779	763	753	747	740	737	733	725	716	713	709	704	680	679	667	657	649	639	632	629	609	607	602	597	571	570	568	566	552	548	541	534	527	525	489	478	477	462	459	458	441	437	417	405	395	393	386	385	370	363	361	353	348	336	329	306	304	291	285	266	264	260	250	247	227	226	223	220	212	209	203	1	1	1	2	1	1	1	1	1	2	1	1	1	2	1	1	1	1	1	1	1	1	1	1	1	1	1	1	1	1	1	1	1	1	1	1	2	1	1	1	1	1	1	1	1	1	1	1	1	1	1	1	1	1	1	1	1	1	1	1	1	1	1	1	1	1	1	2	1	1	1	1	1	1	1	1	1	1	1	2	1	1	1	1	1	1	1	1	1	1	2	1	1
92	1000	994	987	982	979	978	973	955	950	939	932	925	915	911	899	895	887	873	872	852	850	839	834	831	810	804	784	774	768	766	762	759	751	749	726	712	706	702	691	684	677	644	628	625	620	611	605	598	594	590	583	579	560	548	542	522	517	509	494	481	474	463	455	454	441	439	433	432	428	419	389	381	372	367	363	350	339	334	330	309	304	303	299	268	250	242	240	231	221	214	206	204	203	1	1	1	1	1	1	1	1	1	1	1	1	2	1	1	1	1	1	1	1	1	1	1	1	1	1	1	1	1	1	1	1	1	1	1	1	1	1	1	2	1	1	1	1	1	3	1	2	1	1	1	1	1	1	1	1	2	1	1	1	1	1	1	1	1	1	1	1	1	1	1	2	1	1	1	1	1	1	1	2	1	1	1	1	1	1	1	1	1	1	1	1
95	1000	982	981	978	974	971	968	951	936	935	912	907	906	904	881	870	867	847	844	832	822	810	807	801	789	785	756	748	726	722	721	718	713	705	700	696	694	677	674	656	654	642	635	634	633	622	620	592	587	574	566	552	551	547	540	539	533	532	518	517	505	489	487	477	471	469	453	427	417	401	389	386	376	370	350	349	335	332	327	315	314	299	286	285	284	281	269	267	261	256	255	254	245	243	242	238	2	1	1	1	1	1	1	1	1	1	1	1	1	1	1	1	1	1	1	1	1	1	1	1	1	1	1	1	1	1	1	1	1	1	2	1	1	1	1	2	1	1	1	1	1	1	1	1	1	1	1	1	1	1	1	1	1	1	1	1	1	2	1	1	1	1	1	1	2	1	1	1	1	1	1	1	1	1	1	1	1	1	1	1	1	1	1	1	1	1	1	1	1	1	1
95	1000	984	983	979	971	968	965	959	958	952	942	941	940	936	929	924	917	914	911	905	901	881	880	869	865	860	841	828	814	801	798	791	789	782	772	767	760	736	731	727	723	720	718	691	682	664	662	650	646	644	642	634	633	632	628	626	624	623	616	612	611	591	586	580	577	572	566	541	497	469	467	465	460	449	432	413	385	383	371	366	363	346	345	326	312	303	294	278	273	263	255	250	246	244	221	210	1	1	1	1	1	1	1	1	1	1	1	1	1	1	1	1	1	1	1	1	1	1	1	1	1	1	1	1	1	2	1	1	1	1	1	1	1	1	1	3	1	1	1	1	1	1	1	1	1	1	1	1	1	1	1	1	1	1	1	1	1	1	1	1	1	2	1	1	1	1	1	2	1	1	1	1	1	1	1	1	1	1	1	1	1	1	1	1	1	1	1	1	1	1	1
97	1000	997	994	990	989	987	982	978	970	964	952	948	947	946	945	933	903	882	881	863	853	842	838	832	828	827	822	818	805	801	782	777	767	764	729	724	719	715	702	693	688	687	682	678	667	657	647	646	641	632	630	614	609	605	576	573	570	562	557	547	543	536	523	515	503	492	490	486	473	426	422	398	397	395	393	384	380	365	353	337	334	333	332	322	312	307	303	297	290	279	259	253	245	240	223	220	211	208	1	1	1	1	1	1	1	1	2	1	1	1	1	1	1	1	1	1	1	2	1	1	1	1	1	1	1	2	1	1	1	1	1	1	1	1	1	1	1	1	1	1	1	1	1	1	1	1	1	1	1	1	1	1	1	1	1	1	1	1	1	1	1	1	1	1	1	1	1	1	1	1	1	1	1	1	1	1	1	1	1	1	1	1	1	1	1	1	1	1	1	1	1	1	1	1	1
97	1000	999	996	980	972	935	928	924	920	915	905	898	885	868	857	853	851	848	846	845	838	826	825	807	791	786	781	778	772	771	765	752	751	743	742	737	733	724	717	712	706	704	669	665	654	647	641	627	623	622	614	609	602	601	600	596	594	591	583	581	576	567	566	560	558	550	546	539	534	519	509	503	494	488	487	479	472	471	456	421	397	393	348	347	339	338	335	330	325	318	310	291	283	250	239	233	216	206	1	1	1	1	1	1	1	1	1	1	1	1	1	1	2	1	1	1	1	1	1	1	1	1	1	1	1	1	1	1	1	1	1	1	1	1	1	1	1	1	1	1	1	1	1	1	1	1	2	1	1	1	1	1	1	1	1	1	1	1	1	1	1	1	1	1	1	1	1	1	1	1	1	1	1	1	1	1	1	1	1	1	1	1	1	2	1	1	1	1	1	1	1	1	1	1	1
95	1000	995	990	986	985	983	973	943	942	940	931	930	929	918	917	904	895	889	887	875	867	846	830	803	794	781	779	776	761	758	744	742	738	735	727	724	701	691	688	681	677	662	634	627	625	623	600	594	587	579	578	577	574	555	552	540	532	530	529	527	524	499	479	464	450	438	430	424	414	411	399	398	397	390	387	382	377	371	366	364	352	349	319	312	305	301	289	288	263	251	244	239	237	227	224	201	1	1	1	1	1	1	1	1	1	1	1	1	1	1	1	1	1	1	1	1	1	1	1	2	1	1	1	1	1	1	1	1	1	1	1	1	1	1	1	1	1	1	1	1	1	2	1	1	1	1	1	1	1	1	1	1	1	1	1	1	1	1	1	1	1	1	1	1	1	1	1	1	1	1	1	2	1	2	1	1	1	1	1	1	2	1	1	1	1	1	1	1	1	1	1
95	1000	991	979	971	970	966	961	957	942	935	899	891	863	854	846	842	839	833	830	824	821	810	804	783	781	771	759	743	741	738	737	731	729	715	709	708	705	703	691	662	648	638	628	624	623	618	616	606	604	592	591	590	587	569	568	567	548	537	531	529	527	522	521	510	497	488	485	483	464	454	453	444	437	428	427	415	398	393	387	386	363	359	358	346	344	339	315	310	307	296	289	264	250	246	223	204	1	1	1	1	1	1	1	1	1	1	1	1	1	1	1	1	1	2	1	1	1	1	1	1	1	1	1	1	1	3	1	1	1	1	1	1	1	1	1	1	1	1	1	1	1	1	1	1	1	1	1	1	1	1	1	1	1	1	1	1	2	1	1	1	1	1	1	1	1	1	1	1	1	1	1	1	1	1	1	1	1	1	1	1	1	1	1	1	1	2	1	1	1	1	1
95	1000	996	987	983	973	964	960	958	944	940	937	936	929	917	916	905	899	898	894	892	868	856	847	840	833	797	793	787	776	769	764	738	734	728	719	708	704	694	684	682	670	667	658	624	602	600	586	580	567	566	561	545	542	534	533	526	501	490	478	467	461	450	447	445	441	438	431	421	420	409	406	400	394	370	359	353	351	348	343	339	336	334	331	319	316	307	304	250	249	231	230	228	220	215	214	211	1	1	1	1	1	1	1	1	2	1	1	1	1	2	1	1	1	2	1	1	1	2	1	1	1	1	1	1	1	1	1	1	1	1	1	1	1	1	1	1	1	1	1	1	1	1	1	1	1	1	1	1	1	1	2	1	1	1	1	1	1	1	1	1	1	1	1	1	1	1	1	1	1	1	1	1	1	1	1	1	1	1	1	1	1	1	1	1	1	1	1	1	1	1	1
98	1000	999	964	937	936	935	930	923	920	918	901	900	895	893	868	866	856	840	832	829	826	823	822	816	806	786	762	756	754	753	742	741	732	721	698	695	690	687	685	680	678	677	670	653	652	644	638	621	616	610	582	573	569	562	537	523	513	497	475	474	470	465	461	459	448	438	433	429	420	416	406	405	404	395	384	383	365	363	360	357	330	329	326	316	312	305	302	278	274	273	265	263	252	249	240	236	228	226	200	1	1	1	1	1	1	1	1	1	1	1	1	1	1	1	1	1	1	1	1	1	1	1	1	1	1	1	1	1	2	1	1	1	1	1	1	1	1	1	1	1	1	1	1	1	1	1	1	1	1	1	1	1	1	1	1	1	1	1	1	1	1	1	1	2	1	1	1	1	1	1	1	1	1	1	1	1	1	1	1	1	1	1	1	1	1	1	1	1	1	1	1	1	1	1	1	1	1
