10
96	1200	997	990	988	986	967	961	956	913	889	884	866	856	846	835	832	808	785	782	780	774	759	753	746	742	739	732	714	710	690	685	676	653	643	642	635	627	616	609	602	576	558	543	542	493	489	484	472	460	457	451	445	438	413	382	379	373	371	363	356	350	333	326	324	310	301	272	257	228	226	225	217	213	210	209	198	194	191	188	174	163	153	135	129	117	115	103	76	68	60	45	41	40	21	6	2	1	1	1	1	1	1	1	1	1	1	1	1	1	1	1	1	1	1	1	1	1	1	1	1	1	1	1	1	2	1	1	1	1	1	2	1	1	1	1	1	1	1	1	1	1	1	1	1	1	1	1	1	2	1	1	1	1	2	1	1	1	1	1	1	1	1	1	1	1	1	1	1	1	1	1	1	1	1	1	1	1	1	1	1	1	1	1	1	1	1	1	1	1	1	1	1	1
96	1200	998	994	988	972	960	956	955	948	941	930	929	918	914	907	904	880	856	853	846	830	812	803	800	783	777	770	759	720	719	709	698	696	626	621	611	610	605	603	596	595	588	577	554	543	531	517	514	483	482	475	465	463	459	454	452	447	440	436	431	421	420	413	397	387	378	373	368	357	356	350	347	337	331	316	297	286	280	261	235	214	199	196	186	154	151	120	112	101	75	53	37	32	25	24	23	2	1	1	1	1	1	1	1	1	1	1	1	1	1	1	1	1	1	1	1	1	1	1	1	1	1	1	1	1	1	1	1	2	1	1	1	1	1	1	1	1	1	1	1	1	1	2	1	1	1	1	1	1	1	1	1	1	1	1	1	1	1	1	1	1	1	1	1	1	1	1	2	1	1	1	2	1	1	1	1	1	1	1	1	1	1	1	1	1	1	1	1	1	1	1	1	1
94	1200	995	970	965	939	936	917	916	915	909	907	866	850	837	835	833	827	803	783	775	772	771	770	753	752	737	731	721	704	682	679	673	672	665	651	642	591	582	575	561	541	537	532	529	518	517	510	488	484	461	454	448	436	411	400	398	386	375	369	360	331	323	297	275	273	270	265	230	229	223	221	213	208	203	202	197	195	131	104	96	92	91	89	79	68	60	58	51	48	46	44	36	27	18	14	1	1	1	1	1	1	1	1	1	2	1	1	1	1	1	1	1	1	1	1	1	3	1	1	1	1	2	1	1	1	1	1	1	1	1	1	1	1	1	1	1	1	1	1	1	1	1	1	1	1	1	1	1	1	1	1	1	1	1	1	1	1	1	1	1	1	1	1	1	1	1	1	1	2	1	1	1	2	1	1	1	1	1	1	1	1	1	1	1	1	1	1	1	1
94	1200	992	985	970	968	921	918	912	906	900	898	894	877	874	871	861	858	855	842	822	820	817	786	771	770	754	722	684	681	657	651	649	647	625	603	591	572	570	530	514	512	501	493	490	487	477	468	458	454	449	433	411	408	403	393	385	372	360	355	331	305	304	303	273	267	265	249	248	243	236	216	212	208	191	190	179	167	162	157	152	141	140	134	130	124	122	109	84	66	42	37	34	31	23	15	1	1	1	1	1	1	1	1	1	1	1	1	1	2	1	1	1	1	2	1	1	1	1	1	1	1	1	1	1	1	1	1	1	1	1	1	1	1	1	1	1	1	1	1	1	1	1	1	1	1	1	2	1	1	1	1	1	1	1	1	1	1	1	1	1	1	1	1	1	2	1	1	1	1	1	1	3	1	1	1	1	1	1	1	1	1	1	1	1	1	1	1	1	1
94	1200	983	981	966	934	917	915	903	901	899	887	886	881	866	863	862	861	855	820	815	798	790	771	759	735	732	720	709	702	693	691	683	682	665	660	656	652	639	613	601	596	587	585	581	576	557	533	524	500	481	480	470	469	455	440	439	431	411	403	371	356	350	300	292	288	283	274	250	247	243	241	240	231	230	213	200	199	190	172	165	161	117	108	107	103	93	90	77	69	67	51	35	29	7	4	1	1	1	1	1	1	1	1	1	1	1	1	1	1	1	1	2	1	1	1	1	1	1	1	1	1	1	1	1	1	1	1	1	1	1	1	1	1	1	1	1	1	1	1	1	1	2	1	1	1	1	1	3	1	1	1	1	1	1	2	1	1	1	1	1	1	1	1	1	1	1	1	1	1	1	1	1	1	1	1	1	1	1	1	1	1	1	1	1	1	1	2	1	1
96	1200	997	992	966	936	929	922	920	918	905	890	887	884	883	854	849	846	842	809	801	791	786	785	783	752	747	701	684	648	647	644	623	622	609	600	597	587	566	560	535	532	522	518	515	501	497	496	495	493	481	451	450	446	429	417	379	373	370	369	354	350	346	335	322	321	316	302	300	298	286	268	265	255	246	231	223	221	215	208	200	165	143	142	135	114	113	107	75	70	68	66	65	43	42	39	18	17	1	1	1	1	1	1	1	1	1	1	1	1	1	1	1	1	2	1	1	1	1	1	1	1	1	1	1	1	1	2	1	1	1	1	1	1	1	1	1	1	1	1	1	1	1	1	1	1	1	1	1	1	1	1	1	1	1	1	1	1	1	1	1	1	1	1	1	1	2	1	1	1	1	2	1	1	1	1	1	1	1	1	1	1	1	1	1	1	1	1	1	1	1	1	1	1
95	1200	996	981	932	923	900	896	895	884	879	860	833	828	823	813	806	795	792	789	783	771	763	761	757	743	723	711	704	702	699	696	669	660	634	628	615	603	598	577	576	575	573	570	556	545	542	516	512	498	497	472	456	442	433	426	422	407	341	323	317	314	312	305	304	303	300	290	285	243	235	232	228	225	222	219	218	205	179	171	159	155	145	141	128	127	118	112	100	99	88	75	60	56	23	19	17	2	1	1	1	1	1	1	1	1	1	1	1	1	1	1	1	1	1	1	1	1	1	1	1	1	1	1	1	1	1	1	1	1	1	1	1	1	1	1	1	1	1	1	2	1	1	1	1	1	1	1	1	2	1	1	1	1	1	1	2	1	1	1	1	1	1	1	1	1	1	1	1	1	1	1	1	1	1	1	1	1	1	1	1	1	1	1	1	1	1	1	2	1	1	1
97	1200	990	980	970	953	947	942	924	909	895	894	893	884	880	875	868	851	838	833	822	820	817	813	804	795	783	751	746	716	708	707	687	683	676	672	617	610	606	599	581	579	573	572	566	559	555	532	530	516	512	491	490	478	471	459	438	432	378	366	361	322	320	317	310	309	303	299	294	292	285	276	263	261	246	238	229	224	221	214	198	195	183	150	136	102	97	95	88	82	81	80	77	41	39	28	12	8	6	1	1	1	1	1	1	1	2	1	1	1	1	1	1	1	1	1	1	1	1	1	1	1	1	1	1	1	1	1	1	1	1	1	1	1	1	1	1	1	1	1	1	1	1	1	1	1	1	1	1	1	1	1	1	1	2	1	1	1	1	1	1	1	1	1	1	1	1	1	1	1	1	1	1	1	1	1	1	1	1	1	1	1	2	1	1	1	1	1	1	1	1	1	1	1	1	1
98	1200	987	985	962	936	933	921	920	913	911	901	900	899	891	871	869	866	863	843	829	828	814	794	789	762	761	716	710	699	677	668	660	624	623	620	618	613	602	596	592	588	584	580	575	562	546	544	542	533	520	508	503	477	474	467	440	434	427	412	407	406	396	387	371	370	353	321	315	310	300	293	283	278	257	252	249	245	228	226	213	207	194	159	151	148	140	137	130	102	100	73	55	53	46	16	14	12	11	3	1	1	1	1	1	1	1	1	1	1	1	1	1	1	1	1	1	1	1	1	1	1	1	2	1	1	1	1	1	1	1	1	1	1	1	1	1	1	1	1	1	1	1	1	1	1	1	1	2	1	1	1	1	1	1	1	1	1	1	1	1	1	1	1	1	1	1	1	1	1	1	1	1	1	1	1	1	1	1	1	1	1	1	1	1	1	1	1	1	1	1	1	1	1	1	1	1	1
94	1200	996	995	976	957	945	941	928	915	892	878	875	874	856	814	811	806	786	781	780	775	764	762	757	752	747	725	721	706	694	660	651	650	649	648	647	643	640	634	616	609	605	604	578	573	569	547	530	524	517	515	512	511	499	498	490	473	468	465	451	438	431	412	406	393	352	350	336	318	302	299	298	272	259	231	210	205	196	186	167	163	160	150	147	137	120	112	108	80	78	72	71	34	9	7	1	1	1	1	1	1	1	1	1	1	1	1	2	1	1	1	1	1	1	1	1	1	1	1	1	1	1	1	1	2	1	1	1	2	1	1	1	1	1	1	2	2	1	1	1	1	1	1	1	1	1	1	1	1	1	1	1	1	1	1	1	1	1	1	1	1	1	1	1	2	1	1	1	1	1	1	1	1	1	1	1	1	1	1	1	1	1	1	1	1	1	1	1	1
