10
96	3000	999	988	982	978	972	966	949	947	919	914	901	900	892	881	872	849	834	824	810	804	792	789	784	776	774	767	752	735	707	698	680	673	666	659	657	652	642	641	640	637	624	619	618	611	607	600	596	580	573	544	534	511	503	501	497	493	492	490	476	462	457	447	444	441	437	409	396	390	388	384	325	301	293	284	261	246	236	227	224	210	189	185	182	160	113	104	89	77	76	68	67	49	30	28	20	6	1	1	1	1	1	1	1	1	1	1	1	1	1	1	1	1	1	1	1	1	1	1	1	1	1	1	1	1	1	1	1	1	1	2	1	1	1	1	1	1	1	1	1	1	1	1	1	1	1	1	1	1	1	1	1	1	1	1	2	1	1	1	1	1	1	1	1	1	1	1	1	1	1	1	1	1	1	1	1	1	2	1	1	1	1	1	1	1	1	1	1	1	2	1	1	1
98	3000	975	974	965	952	951	947	944	936	933	929	906	903	901	882	880	871	854	853	844	817	802	788	785	777	776	775	771	760	736	727	703	670	665	646	642	629	623	611	606	585	584	571	563	542	537	522	510	509	504	501	492	489	481	470	469	467	464	459	451	445	430	422	410	407	391	386	379	350	348	347	278	277	274	269	265	241	236	228	225	186	183	170	165	159	145	138	136	130	112	107	100	77	46	34	18	12	6	1	1	1	1	1	1	1	1	1	1	1	1	1	1	1	1	1	1	1	1	1	1	1	1	1	2	1	1	1	1	1	1	1	1	1	1	1	1	1	1	1	1	1	1	1	1	1	1	1	1	1	1	1	1	1	1	1	1	1	1	1	1	1	2	1	1	1	1	1	1	1	1	1	1	1	1	1	1	1	1	1	1	1	1	1	1	1	1	1	1	1	1	1	1	1	1	1	1	1
93	3000	993	983	968	962	960	939	920	917	895	884	882	876	865	854	853	847	846	842	819	813	811	780	756	739	731	728	722	721	714	711	701	692	690	689	681	679	669	638	635	631	629	628	621	619	615	609	608	599	582	580	566	550	526	500	461	459	445	442	440	424	416	412	393	387	377	371	364	345	343	321	282	276	260	252	232	217	194	178	175	169	162	139	133	123	104	95	93	68	57	50	48	31	21	1	1	2	1	1	1	1	2	1	1	1	1	1	1	1	1	1	1	1	1	1	1	1	1	1	1	1	1	1	1	1	1	1	1	1	1	1	2	1	2	1	1	1	1	1	1	1	1	1	1	1	1	2	1	1	1	1	1	1	2	1	1	1	1	1	1	1	1	1	1	1	1	1	1	1	1	1	1	2	1	1	1	1	1	1	1	1	1	1	1	1	1	1
95	3000	994	989	981	964	946	928	922	915	902	890	887	886	855	846	845	838	801	797	791	788	777	774	768	752	733	716	712	701	691	677	674	658	650	648	637	628	624	603	600	588	581	579	554	546	542	537	522	514	509	502	494	492	479	475	471	454	443	441	433	431	421	417	416	415	408	379	375	359	358	357	351	350	327	309	296	283	244	242	221	206	199	193	148	94	87	79	63	48	47	43	37	32	19	5	3	1	1	1	2	1	1	1	1	1	1	1	1	1	1	1	1	1	1	1	1	1	1	1	1	1	1	1	1	1	1	1	1	1	1	1	1	1	1	1	1	1	1	1	1	1	1	1	1	1	1	1	1	1	1	1	1	1	1	2	2	1	1	1	1	1	1	1	1	1	1	1	1	1	1	1	1	1	1	1	1	1	2	1	1	2	1	1	1	1	1	1	1	1	1	1
97	3000	968	952	941	936	921	910	897	894	872	863	860	856	848	837	828	816	813	807	795	785	780	757	756	751	742	738	734	728	697	696	687	652	647	637	633	624	616	604	603	580	567	564	552	539	530	524	512	493	491	486	478	470	458	417	415	414	395	389	387	383	381	364	334	326	304	303	294	291	290	230	219	214	200	198	197	195	194	191	178	165	163	160	139	124	100	99	88	81	71	69	64	59	57	42	22	16	6	1	1	1	1	1	1	1	1	1	1	1	1	1	1	1	1	1	1	1	1	1	1	1	1	1	1	1	1	1	1	1	1	1	3	1	1	1	1	1	1	1	1	1	1	1	1	1	1	2	1	1	1	1	1	1	1	1	1	1	1	1	1	1	1	1	1	1	1	1	1	1	1	1	1	1	1	1	1	1	1	1	1	1	1	1	1	1	1	1	1	1	1	1	1	1	1	1
93	3000	996	992	981	974	961	956	955	951	945	936	920	917	879	871	859	848	838	824	823	819	804	802	793	786	785	784	783	776	775	767	758	748	732	722	721	718	716	715	700	693	691	682	655	637	634	632	629	625	616	615	608	601	595	589	575	569	553	552	551	550	538	537	529	499	481	468	466	443	423	402	372	361	355	298	284	262	237	228	215	200	192	188	159	103	95	84	75	69	41	24	14	3	2	1	1	1	1	1	1	1	1	1	1	1	1	1	2	1	1	1	2	1	1	1	1	1	1	1	1	1	1	1	1	1	1	1	1	1	1	1	1	1	1	1	1	2	1	1	2	1	1	1	1	1	1	1	2	1	1	1	1	1	1	1	1	1	1	1	1	1	1	1	1	1	1	1	1	1	1	1	1	1	1	1	1	2	1	1	2	1	1	1	1	1	1	1
97	3000	990	976	974	973	968	953	950	947	943	929	926	908	900	887	874	859	850	833	832	828	826	821	818	798	793	790	787	786	785	768	764	758	754	733	721	717	710	695	676	665	659	652	649	642	640	607	579	578	575	572	563	562	540	535	534	529	522	520	514	505	500	489	480	462	459	457	440	438	436	433	394	366	354	328	297	274	254	245	221	220	218	214	210	158	151	136	130	129	125	94	63	60	51	31	29	19	4	1	1	1	1	1	1	1	1	1	1	1	1	1	1	1	1	1	1	1	1	1	1	1	1	1	1	1	1	1	1	1	2	1	1	1	1	1	1	1	1	1	2	1	1	1	1	1	1	1	1	1	1	1	1	1	1	1	1	1	2	1	1	1	1	1	1	1	1	1	1	1	1	1	1	1	1	1	1	1	1	1	1	1	1	1	1	1	1	1	1	1	1	1	1	1	1	1
95	3000	975	942	931	928	924	918	914	888	884	879	872	869	868	867	864	863	861	858	845	836	835	802	798	791	759	750	731	723	693	689	686	681	670	665	637	632	628	610	609	605	604	591	571	567	555	553	542	537	536	513	512	510	498	473	461	460	455	451	450	446	426	423	413	393	385	383	351	348	347	331	318	308	305	302	290	280	277	274	269	242	228	225	209	169	136	134	122	116	112	81	54	40	28	26	4	1	1	1	1	1	2	1	1	1	1	1	1	1	1	1	1	1	1	1	1	1	1	1	1	1	1	1	1	1	1	1	2	1	1	1	1	1	1	1	1	1	1	1	1	1	1	1	1	1	1	1	1	2	1	1	1	1	1	1	1	1	1	1	1	1	1	1	1	2	1	1	1	2	1	1	1	1	1	1	1	1	1	1	1	1	1	1	1	1	1	1	1	1	1	1
98	3000	996	993	989	967	935	909	894	892	882	870	866	850	849	834	807	802	800	788	784	783	779	747	741	740	732	717	713	712	709	707	691	679	647	636	616	613	585	575	570	541	534	526	525	512	501	491	489	475	472	465	458	456	454	436	430	417	384	374	367	364	353	349	348	347	341	334	326	315	308	296	292	290	269	256	252	249	241	237	230	199	187	186	162	159	153	133	131	88	78	63	51	44	25	24	23	20	2	1	1	1	1	1	1	1	1	1	2	1	1	1	1	1	1	1	1	1	1	1	1	1	1	1	1	1	1	1	1	1	1	1	1	1	1	2	1	1	1	1	1	1	1	1	1	1	1	1	1	1	1	1	1	1	1	1	1	1	1	1	1	1	1	1	1	1	1	1	1	1	1	1	1	1	1	1	1	1	1	1	1	1	1	1	1	1	1	1	1	1	1	1	1	1	1	1	1	1
93	3000	993	976	963	958	957	947	939	936	907	889	874	870	852	846	799	795	789	771	743	739	734	724	720	716	681	660	644	643	634	632	630	627	625	624	614	612	611	610	609	605	593	580	577	549	548	546	534	530	510	458	454	444	442	434	423	405	394	392	384	368	367	341	316	284	247	229	228	227	225	205	193	176	175	174	170	166	153	149	131	130	114	112	81	78	61	56	55	52	42	38	10	7	1	1	1	1	2	1	1	1	1	1	1	1	1	1	1	1	1	1	1	1	1	1	1	1	1	1	1	1	1	1	1	2	1	1	1	1	1	1	1	1	1	1	1	1	2	1	1	1	1	1	1	1	1	1	1	1	1	1	1	1	1	1	1	1	1	2	1	2	1	1	2	1	1	2	1	1	1	1	1	1	1	1	1	1	1	1	1	1	1	1	1	1	1	1
