10
59	1000	998	984	969	958	936	931	921	916	909	899	896	891	890	884	873	846	807	804	793	790	776	769	763	741	738	733	728	694	680	661	623	617	613	597	579	574	568	563	556	528	515	504	498	481	467	448	438	407	399	386	378	366	316	295	285	264	228	218	216	1	1	1	1	1	1	1	1	1	1	1	1	1	1	1	1	1	1	1	1	1	1	1	1	1	2	1	1	1	1	1	1	1	1	1	1	1	1	1	1	1	1	1	1	1	1	1	1	1	1	1	1	1	1	1	1	1	1	1
59	1000	995	983	968	963	957	955	922	919	907	903	893	878	861	858	844	842	828	826	803	796	795	791	780	738	725	724	720	692	688	667	664	640	605	594	546	512	475	454	441	440	422	409	386	367	359	357	310	303	295	291	288	285	263	260	259	236	221	215	211	2	1	1	1	1	1	1	1	1	1	1	1	1	1	1	1	1	1	1	1	1	1	1	1	1	1	1	1	1	1	1	1	1	1	1	1	1	1	1	1	1	1	1	1	1	1	1	1	1	1	1	1	1	1	1	1	1	1	1
57	1000	984	979	969	958	939	919	912	896	890	876	874	863	852	819	791	784	779	759	731	714	701	694	690	679	665	655	632	612	586	556	554	544	527	525	516	509	496	488	485	438	427	424	416	410	394	381	379	331	328	308	291	282	272	239	227	212	204	1	1	1	1	1	1	1	1	1	1	1	1	1	1	1	1	1	2	1	1	1	1	1	1	1	2	1	1	1	1	1	1	1	1	1	1	1	1	1	1	1	1	1	1	1	1	1	1	1	1	1	1	1	1	1	1	2
59	1000	998	989	987	981	948	947	945	935	928	925	903	873	872	847	837	836	819	817	805	778	761	695	656	654	630	614	597	591	584	577	550	535	512	510	488	457	447	443	438	437	435	427	423	414	410	405	401	362	344	339	325	291	289	271	256	247	245	242	210	1	1	1	1	1	1	1	1	1	1	1	1	1	1	1	1	1	1	1	1	1	1	1	1	1	2	1	1	1	1	1	1	1	1	1	1	1	1	1	1	1	1	1	1	1	1	1	1	1	1	1	1	1	1	1	1	1	1	1
59	1000	979	968	961	960	950	920	919	914	910	880	871	862	857	846	836	793	781	771	770	764	763	732	720	715	675	673	669	652	632	622	620	613	603	599	589	584	578	568	562	543	534	528	514	481	473	424	407	380	377	358	342	287	277	267	264	260	254	238	225	1	1	1	1	1	1	1	1	1	1	1	1	1	1	1	1	1	1	1	1	1	1	1	1	2	1	1	1	1	1	1	1	1	1	1	1	1	1	1	1	1	1	1	1	1	1	1	1	1	1	1	1	1	1	1	1	1	1	1
56	1000	999	977	976	971	959	949	935	893	891	880	872	870	854	843	828	802	779	774	770	734	722	716	704	697	682	679	664	650	638	625	622	613	610	589	535	524	479	460	455	451	448	433	420	419	411	394	386	377	357	331	325	264	227	224	223	207	1	1	1	1	1	1	1	1	2	1	1	1	1	1	1	1	1	1	1	1	1	1	2	1	1	1	1	1	1	1	1	1	1	1	2	1	1	1	1	1	1	1	1	1	1	2	1	1	1	1	1	1	1	1	1	1
57	1000	977	947	938	922	918	916	913	906	870	841	836	832	795	786	762	758	756	741	737	736	722	717	686	639	605	602	569	504	501	489	488	448	431	422	420	419	415	412	387	384	347	346	333	314	298	286	277	271	266	260	236	235	218	217	213	207	203	1	1	1	1	1	1	1	1	1	1	1	1	1	1	1	1	1	1	1	1	1	1	1	1	1	1	1	1	1	3	1	1	1	1	1	1	1	1	1	1	1	1	1	1	1	1	2	1	1	1	1	1	1	1	1	1	1
58	1000	990	984	981	929	907	899	898	888	876	870	862	853	825	821	816	814	813	789	780	771	744	722	692	681	679	669	642	640	638	624	607	600	560	553	544	541	502	501	497	487	413	406	401	386	373	361	360	347	315	306	304	289	285	277	244	241	230	228	1	1	1	1	1	1	1	1	1	1	1	1	1	1	1	1	1	1	2	1	1	1	1	1	1	1	1	1	1	1	1	1	1	1	1	1	2	1	1	1	1	1	1	1	1	1	1	1	1	1	1	1	1	1	1	1	1	1
58	1000	986	974	963	954	948	921	916	887	817	814	813	806	797	794	779	753	748	745	741	734	702	691	689	684	678	671	663	644	639	625	623	614	599	585	579	554	541	522	519	478	466	460	445	411	404	384	376	371	355	322	314	312	301	296	244	236	231	222	1	1	1	1	1	1	1	1	1	1	1	1	1	1	1	1	1	1	1	1	1	1	1	1	1	1	1	1	1	1	1	1	1	1	1	1	1	2	1	1	1	1	1	1	1	1	1	1	2	1	1	1	1	1	1	1	1	1
60	1000	974	971	966	933	929	923	902	895	881	879	878	872	860	830	800	790	771	767	766	762	753	749	746	745	743	742	709	691	666	662	651	644	622	610	607	606	568	546	537	533	529	476	455	404	402	397	360	359	353	351	340	329	319	302	292	279	269	262	231	223	1	1	1	1	1	1	1	1	1	1	1	1	1	1	1	1	1	1	1	1	1	1	1	1	1	1	1	1	1	1	1	1	1	1	1	1	1	1	1	1	1	1	1	1	1	1	1	1	1	1	1	1	1	1	1	1	1	1	1	1
