10
57	1500	993	991	990	988	975	974	970	967	959	956	955	951	945	943	942	928	925	923	916	915	910	897	895	893	881	873	866	858	845	819	790	781	777	765	744	739	732	729	718	686	681	664	655	619	618	612	610	604	585	572	569	546	535	532	520	516	501	1	1	1	1	1	1	1	1	1	1	2	1	1	1	1	2	1	1	1	1	1	1	1	1	1	1	1	1	1	1	1	1	1	1	1	1	1	1	1	1	1	1	1	1	1	1	2	1	1	1	1	1	1	1	1	1	1
56	1500	995	988	969	965	949	945	944	940	913	905	899	896	890	887	883	867	861	833	805	799	795	793	785	763	759	758	747	727	721	719	713	710	698	697	687	683	671	669	668	667	653	652	651	646	643	635	630	602	600	579	576	561	547	528	507	501	1	1	1	2	1	1	1	2	1	1	1	1	1	1	1	1	1	1	1	1	1	1	1	1	1	1	1	1	1	1	1	1	1	1	1	1	1	1	1	2	1	1	1	1	1	1	1	1	1	2	1	1	1	1	1	1
56	1500	990	982	963	944	939	925	906	879	872	867	866	850	822	818	817	809	807	805	804	790	787	786	783	780	775	770	743	733	725	716	713	707	706	699	697	696	686	683	678	663	658	623	614	612	611	590	579	567	563	558	533	528	524	518	510	502	1	1	1	1	1	1	1	1	2	1	1	1	2	1	1	1	1	1	1	1	2	1	1	1	1	1	1	1	1	1	2	1	1	1	1	1	1	1	1	1	1	1	1	1	1	1	1	1	1	1	1	1	1	1	1	1
60	1500	998	996	986	948	945	941	920	906	895	883	843	835	829	828	826	817	812	805	794	789	784	781	771	769	764	760	753	749	732	727	726	717	716	710	708	707	696	690	668	661	658	634	630	627	620	591	588	579	566	561	553	545	534	529	528	523	519	515	512	502	1	1	1	1	1	1	1	1	1	1	1	1	1	1	1	1	1	1	1	1	1	1	1	1	1	1	1	1	1	1	1	1	1	1	1	1	1	1	1	1	1	1	1	1	1	1	1	1	1	1	1	1	1	1	1	1	1	1	1	1
57	1500	992	988	984	956	933	930	914	909	907	889	888	885	880	864	855	853	841	817	813	799	792	790	773	748	746	715	710	705	688	674	660	657	655	638	629	625	623	622	620	618	617	613	609	606	595	582	578	575	569	562	556	541	535	527	512	508	504	1	1	1	1	1	1	1	1	1	1	1	1	1	1	1	1	1	1	1	1	1	1	1	1	1	1	2	1	1	1	1	1	1	1	1	1	1	1	1	1	1	1	1	1	3	1	1	1	1	1	1	1	1	1	1	1	1
58	1500	993	946	935	931	921	914	903	900	897	893	887	885	874	870	853	847	842	823	819	806	799	794	783	772	770	761	742	730	726	717	714	712	711	703	702	699	698	696	690	682	679	674	668	663	662	654	641	638	632	623	619	615	576	567	543	525	506	504	1	1	1	1	1	1	1	1	1	1	1	1	1	1	1	2	1	1	1	1	1	1	1	1	1	1	1	1	1	1	1	1	1	1	1	1	1	1	1	1	1	1	1	1	1	1	1	1	2	1	1	1	1	1	1	1	1	1
56	1500	999	990	983	979	978	965	948	935	933	911	898	884	859	851	847	842	839	836	833	827	824	801	791	786	785	784	775	762	758	744	743	717	694	692	691	686	678	675	669	664	636	633	632	630	608	588	584	575	553	549	534	530	524	514	511	508	2	1	1	1	1	1	1	1	1	1	2	1	1	1	1	1	1	1	1	1	1	1	1	1	1	1	1	1	1	1	1	1	1	1	1	1	1	1	1	1	1	1	1	1	1	1	1	1	2	1	1	1	1	1	2	1
56	1500	994	988	979	952	947	943	940	931	924	922	919	912	901	897	879	875	873	868	866	853	836	806	794	787	767	750	746	717	710	709	702	692	691	685	674	667	666	656	635	630	628	610	605	604	582	577	570	560	541	540	537	526	523	521	508	500	1	1	1	1	1	1	1	1	1	1	1	1	1	1	1	1	1	1	1	1	1	1	1	1	1	1	1	1	1	1	2	1	1	1	1	1	1	1	1	1	1	1	1	2	1	2	1	1	1	1	1	2	1	1	1	1
56	1500	992	989	988	986	957	955	949	932	920	918	896	891	871	862	858	857	845	817	798	795	789	783	772	769	764	756	750	747	746	744	742	741	733	722	716	715	686	683	681	675	673	652	650	649	636	615	612	607	579	562	561	549	548	537	526	511	1	1	1	1	1	1	1	1	1	1	1	1	1	1	1	1	2	1	1	1	1	2	1	1	1	1	1	2	1	1	1	1	1	1	1	1	1	1	1	1	1	1	1	1	1	1	1	1	1	2	1	1	1	1	1	1
54	1500	994	983	976	943	924	914	907	899	898	897	857	850	845	843	840	835	832	822	806	793	790	788	782	773	766	765	762	737	736	735	734	731	725	721	718	696	694	688	653	650	636	635	629	618	612	604	595	583	575	572	530	507	506	504	1	1	1	1	1	1	1	1	2	1	1	1	2	1	1	2	1	1	1	1	1	1	1	1	1	1	1	1	1	1	1	1	1	1	1	1	1	1	1	1	1	1	2	1	1	1	1	1	1	1	1	1	2	2
