10
59	1200	887	886	878	873	838	829	751	740	733	726	714	704	662	655	653	636	622	617	612	583	569	556	550	533	532	522	521	502	501	497	487	480	468	467	455	442	423	406	402	397	354	349	347	345	304	298	251	244	225	190	189	172	112	104	97	45	43	28	26	1	1	1	1	1	1	1	1	2	1	1	1	1	1	1	1	1	1	1	1	1	1	1	1	1	1	1	1	1	1	1	1	1	1	1	1	1	1	1	1	1	1	1	1	1	1	1	1	1	1	1	1	1	1	1	1	1	1	1
57	1200	995	965	964	952	896	833	831	822	816	741	733	732	696	692	685	672	669	655	615	611	593	572	558	532	518	516	475	473	470	463	451	449	447	442	439	426	397	377	357	340	333	319	316	305	285	265	260	227	223	194	181	170	137	136	83	47	20	1	1	1	1	1	1	1	1	1	1	1	1	1	2	1	1	1	1	1	1	1	1	1	1	1	1	1	1	2	1	1	1	1	1	1	1	1	1	1	1	1	1	1	1	1	1	1	1	2	1	1	1	1	1	1	1	1
59	1200	985	980	974	934	901	889	884	847	776	770	763	760	746	737	732	715	701	679	644	639	588	569	543	533	527	514	503	480	473	463	441	437	423	364	313	296	271	261	258	256	219	216	200	196	189	184	176	173	171	168	161	154	132	122	106	87	33	27	2	1	1	1	1	1	1	1	1	1	1	1	1	1	1	1	1	1	1	1	1	1	1	1	1	1	1	1	1	1	1	1	1	1	1	1	1	1	1	1	1	2	1	1	1	1	1	1	1	1	1	1	1	1	1	1	1	1	1	1
59	1200	999	972	954	943	926	919	911	812	806	795	786	763	745	741	715	710	697	682	672	657	637	543	507	484	477	469	457	452	446	443	431	430	403	399	397	366	333	322	317	316	310	282	267	241	240	223	209	196	186	165	164	149	138	136	135	68	51	35	25	1	1	1	1	1	1	1	1	1	1	1	1	1	1	1	1	1	1	1	1	1	2	1	1	1	1	1	1	1	1	1	1	1	1	1	1	1	1	1	1	1	1	1	1	1	1	1	1	1	1	1	1	1	1	1	1	1	1	1
59	1200	971	950	930	897	868	861	859	851	839	814	809	808	795	794	791	785	780	768	758	751	747	726	689	688	682	625	614	587	582	567	566	548	535	493	487	421	393	381	332	305	302	287	278	268	263	251	232	176	166	143	136	133	106	89	83	54	37	26	15	1	1	1	1	1	1	2	1	1	1	1	1	1	1	1	1	1	1	1	1	1	1	1	1	1	1	1	1	1	1	1	1	1	1	1	1	1	1	1	1	1	1	1	1	1	1	1	1	1	1	1	1	1	1	1	1	1	1	1
55	1200	972	968	965	952	940	935	928	911	910	896	893	892	861	857	853	821	816	788	768	664	662	657	626	549	518	516	508	503	471	462	457	454	444	435	423	415	385	350	331	295	294	266	264	235	162	160	153	144	134	83	72	52	23	16	9	1	1	1	1	1	1	1	1	2	1	1	1	1	1	1	1	1	1	1	1	1	1	2	1	1	1	1	1	1	1	1	1	1	2	1	1	1	1	1	1	1	1	2	1	2	1	1	1	1	1	1	1	1	1	1
58	1200	992	947	907	901	891	881	876	858	855	795	778	759	735	727	711	685	683	653	649	644	611	601	564	559	548	515	463	435	415	395	387	370	337	334	320	315	303	293	292	226	201	195	191	186	166	165	162	159	150	149	146	128	127	121	66	43	32	30	1	1	1	1	1	1	1	1	1	1	1	1	1	1	1	1	1	1	1	1	1	1	1	1	1	1	1	1	1	1	1	1	2	1	1	1	1	1	1	2	1	1	1	1	1	1	1	1	1	1	1	1	1	1	1	1	1	1
58	1200	998	996	987	966	916	914	886	844	832	821	781	775	774	758	742	703	677	661	618	613	597	585	570	554	543	541	513	495	483	467	457	455	444	410	398	356	335	317	313	303	271	219	202	186	171	167	155	113	86	81	70	69	68	52	34	30	20	18	1	1	1	1	1	1	1	1	1	1	1	1	1	1	2	1	2	1	1	1	1	1	1	1	1	1	1	1	1	1	1	1	1	1	1	1	1	1	1	1	1	1	1	1	1	1	1	1	1	1	1	1	1	1	1	1	1	1
59	1200	946	935	922	894	884	877	838	829	809	800	793	776	766	759	754	735	705	697	651	622	595	558	537	519	518	505	479	463	451	438	430	415	406	400	382	363	299	292	280	245	229	167	165	155	147	140	131	87	85	72	58	53	50	40	39	32	15	8	3	1	1	1	1	1	1	1	1	1	1	1	1	1	1	1	1	1	1	1	1	1	1	1	1	1	1	1	1	1	1	1	1	1	1	1	1	2	1	1	1	1	1	1	1	1	1	1	1	1	1	1	1	1	1	1	1	1	1	1
57	1200	997	973	957	954	949	920	902	894	871	831	811	797	713	667	660	651	626	622	611	604	590	580	570	553	545	483	481	471	444	436	408	402	387	362	357	341	305	286	271	237	224	223	222	198	186	173	166	155	151	143	113	103	71	48	37	36	21	1	1	2	1	1	1	1	1	1	1	1	1	1	1	1	1	1	1	1	1	2	1	1	1	1	1	2	1	1	1	1	1	1	1	1	1	1	1	1	1	1	1	1	1	1	1	1	1	1	1	1	1	1	1	1	1	1
