10
58	1200	983	979	967	966	961	953	951	950	947	935	930	927	921	919	916	915	910	908	900	886	866	863	862	856	851	850	847	843	830	821	807	779	764	755	734	723	715	706	701	683	674	673	638	629	627	624	601	589	583	566	554	551	545	521	513	512	510	500	1	1	1	1	1	1	1	1	1	1	1	1	2	2	1	1	1	1	1	1	1	1	1	1	1	1	1	1	1	1	1	1	1	1	1	1	1	1	1	1	1	1	1	1	1	1	1	1	1	1	1	1	1	1	1	1	1	1
60	1200	997	993	988	986	984	977	968	959	958	942	934	919	914	907	901	893	886	885	878	849	848	827	812	810	804	793	761	753	752	740	739	731	724	717	712	696	690	686	680	670	667	662	660	649	645	632	625	623	618	612	609	603	591	584	564	558	539	525	522	502	1	1	1	1	1	1	1	1	1	1	1	1	1	1	1	1	1	1	1	1	1	1	1	1	1	1	1	1	1	1	1	1	1	1	1	1	1	1	1	1	1	1	1	1	1	1	1	1	1	1	1	1	1	1	1	1	1	1	1	1
56	1200	981	977	976	966	960	948	940	939	900	894	892	889	857	851	843	829	825	816	799	787	762	761	758	749	739	733	730	722	720	719	716	712	673	671	667	665	663	631	623	606	605	601	593	590	589	587	570	567	558	551	545	536	525	523	508	506	1	1	1	1	1	2	1	2	1	1	1	1	1	1	1	1	1	1	1	1	1	1	1	1	1	1	1	1	1	1	1	1	1	1	1	1	1	1	2	1	1	1	1	1	1	1	1	2	1	1	1	1	1	1	1	1
58	1200	998	997	994	981	979	975	969	965	954	931	918	915	891	888	885	868	859	855	853	828	820	814	810	808	788	786	784	782	772	770	761	757	752	744	741	738	713	711	694	657	656	654	643	637	619	603	601	596	595	586	574	564	559	558	553	546	526	500	1	2	1	1	1	1	1	1	1	1	1	1	1	1	1	1	1	1	1	1	1	1	1	1	1	1	1	1	1	1	1	1	1	1	1	1	1	1	1	1	1	1	1	1	2	1	1	1	1	1	1	1	1	1	1	1	1	1
59	1200	992	991	985	980	978	954	950	949	933	925	921	918	913	899	896	895	889	887	882	872	868	867	847	843	826	823	801	800	792	791	775	773	771	759	753	738	711	699	690	688	685	670	663	650	633	631	630	624	611	580	561	540	535	533	529	521	519	512	509	1	1	1	1	1	1	1	1	1	1	1	1	1	1	1	1	1	1	1	1	1	1	1	1	1	1	1	1	1	1	1	1	1	1	1	1	1	1	1	1	1	1	1	1	1	1	1	2	1	1	1	1	1	1	1	1	1	1	1
55	1200	978	968	966	959	941	936	931	888	883	876	870	864	849	843	840	825	819	816	812	804	802	792	788	785	782	777	775	769	751	748	732	729	723	719	684	671	662	658	607	603	598	590	585	583	574	571	564	552	536	534	516	510	505	503	502	1	1	1	1	1	1	1	1	1	1	2	1	1	1	1	1	1	1	1	1	1	1	1	1	2	1	1	1	1	1	1	1	1	1	1	1	1	1	1	1	1	1	2	1	2	1	1	1	2	1	1	1	1	1	1
58	1200	997	990	982	979	963	957	954	945	944	921	898	881	872	863	846	841	838	837	824	816	814	812	808	804	797	792	788	779	774	763	752	750	736	714	702	690	685	682	681	673	670	656	649	644	632	618	615	602	572	567	562	559	553	532	526	525	523	513	1	1	1	1	1	1	1	1	1	1	1	1	1	1	1	1	1	1	1	1	1	1	1	1	1	1	1	1	1	1	1	1	1	2	1	1	1	1	1	1	1	1	1	1	1	1	1	1	1	2	1	1	1	1	1	1	1	1
57	1200	988	983	982	977	946	942	937	935	931	930	926	924	922	920	912	899	895	892	879	862	859	843	840	837	821	800	799	789	788	782	776	771	763	760	749	731	730	717	696	692	677	670	659	654	645	643	641	632	625	615	614	570	568	529	522	520	517	1	1	1	1	1	1	1	1	1	1	1	1	1	1	1	1	1	1	1	1	1	1	1	1	1	1	1	1	1	1	1	1	1	1	1	1	1	1	1	1	1	1	1	1	1	2	1	2	1	1	1	1	1	1	2	1	1
56	1200	972	970	956	952	947	944	915	910	903	896	895	887	883	861	852	850	848	847	843	839	836	833	829	825	811	804	799	795	787	780	746	740	732	708	702	698	677	671	669	634	619	616	615	603	592	585	550	549	541	538	529	528	519	515	504	502	1	1	1	1	1	1	1	1	1	1	1	2	1	1	1	1	2	1	1	1	1	1	1	2	1	1	1	1	1	1	1	1	1	1	1	1	1	1	1	1	1	1	2	1	1	1	1	1	1	1	1	1	1	1	1	1
60	1200	998	995	989	982	979	973	968	967	959	953	943	941	935	907	903	898	896	889	863	845	835	826	816	815	811	802	777	767	765	760	750	749	747	746	738	737	722	719	669	658	655	646	638	634	631	630	622	587	583	581	579	569	566	561	559	556	535	528	524	502	1	1	1	1	1	1	1	1	1	1	1	1	1	1	1	1	1	1	1	1	1	1	1	1	1	1	1	1	1	1	1	1	1	1	1	1	1	1	1	1	1	1	1	1	1	1	1	1	1	1	1	1	1	1	1	1	1	1	1	1
