10
57	1000	998	989	985	974	938	915	911	904	903	901	886	881	866	860	856	844	826	808	800	791	774	768	767	761	752	743	734	730	717	716	704	703	697	694	683	670	658	650	647	645	629	626	617	612	609	602	599	596	591	576	569	564	559	549	537	529	519	1	1	2	1	1	1	1	1	1	1	1	1	1	1	1	1	1	1	1	1	1	1	1	1	1	1	1	1	1	1	1	1	1	1	1	1	1	1	1	1	1	1	1	1	1	1	1	1	2	1	1	1	1	2	1	1	1
57	1000	988	987	978	972	951	946	944	918	917	904	899	896	892	887	881	869	857	819	804	801	790	787	778	777	773	771	755	748	738	713	707	705	702	700	691	686	684	683	673	639	631	629	623	609	602	598	577	576	574	558	556	550	537	520	514	504	500	1	1	1	1	1	2	1	1	1	1	1	1	1	1	1	1	1	1	1	1	2	2	1	1	1	1	1	1	1	1	1	1	1	1	1	1	1	1	1	1	1	1	1	1	1	1	1	1	1	1	1	1	1	1	1	1	1
57	1000	981	971	932	912	911	891	877	876	867	853	845	835	822	810	809	803	800	794	791	775	770	757	755	750	736	728	717	715	709	695	681	680	675	653	652	650	631	629	617	615	612	609	607	601	599	591	589	586	544	537	527	525	518	514	510	508	506	1	1	1	2	1	1	1	1	1	1	1	1	1	1	1	1	1	1	1	1	1	1	1	1	1	2	1	1	1	1	1	1	1	1	1	1	1	1	1	1	1	1	1	1	1	1	1	1	1	1	1	1	1	1	1	1	2
59	1000	998	979	974	973	964	961	939	918	915	903	901	886	881	875	874	853	816	804	801	797	791	784	781	774	767	762	755	754	752	736	732	731	730	712	705	702	699	695	692	690	689	679	677	675	660	651	646	629	611	610	593	582	552	548	532	527	524	518	504	1	1	1	1	1	1	1	1	1	1	1	1	1	1	1	1	1	1	1	1	1	1	1	1	1	1	1	1	1	1	1	1	1	1	1	1	1	2	1	1	1	1	1	1	1	1	1	1	1	1	1	1	1	1	1	1	1	1	1
54	1000	993	988	953	936	930	916	906	902	900	899	891	885	860	859	840	836	827	818	812	809	804	794	786	781	771	756	741	733	731	730	713	709	682	668	634	633	626	616	606	605	588	581	575	574	566	555	551	544	528	527	507	506	503	502	1	1	1	1	1	1	1	1	1	1	1	2	1	1	1	1	1	1	1	2	1	1	1	1	1	1	1	1	1	1	1	1	1	1	1	2	1	1	1	1	1	1	1	2	1	1	1	1	2	1	2	1	1	1
57	1000	994	992	991	990	989	988	975	964	942	911	908	889	879	871	860	852	848	844	834	809	786	782	778	771	764	755	748	727	720	715	713	712	706	697	673	668	662	655	651	645	642	641	637	627	612	610	601	587	575	563	562	553	548	533	526	519	500	1	1	1	1	1	1	1	1	1	1	2	1	1	1	1	1	1	1	1	1	1	1	1	1	1	1	1	1	1	1	1	1	1	2	1	1	1	1	1	1	2	1	1	1	1	1	1	1	1	1	1	1	1	1	1	1	1
55	1000	996	972	955	949	947	933	926	922	920	912	911	894	863	860	845	829	819	809	808	799	798	796	791	787	755	749	745	740	727	701	695	692	675	674	673	668	659	648	642	628	622	602	594	579	559	557	554	544	530	524	522	516	510	507	505	1	1	1	1	1	1	1	1	1	1	1	1	1	2	1	1	1	1	1	2	1	2	1	1	1	1	1	1	1	1	1	1	1	1	1	1	2	1	1	1	1	1	1	1	1	1	1	1	1	2	1	1	1	1	1
59	1000	997	993	990	976	970	960	958	951	947	943	941	931	928	918	899	891	876	870	861	859	858	832	826	806	787	767	764	752	750	748	740	738	733	719	714	703	701	688	684	679	676	668	665	663	633	619	618	594	592	587	586	583	582	556	550	546	539	511	504	1	1	1	1	1	1	1	2	1	1	1	1	1	1	1	1	1	1	1	1	1	1	1	1	1	1	1	1	1	1	1	1	1	1	1	1	1	1	1	1	1	1	1	1	1	1	1	1	1	1	1	1	1	1	1	1	1	1	1
56	1000	994	992	966	959	940	939	910	893	874	869	866	859	838	830	829	810	808	806	805	794	793	787	784	774	766	765	762	759	745	730	727	723	690	683	676	664	658	638	632	629	610	599	598	585	577	575	561	559	544	537	536	528	526	525	524	523	1	1	1	1	1	1	1	1	1	1	1	1	1	1	1	1	1	1	1	1	1	1	1	2	1	1	1	1	1	1	1	1	1	1	1	1	2	1	1	1	1	1	1	1	1	1	1	2	1	1	1	2	1	1	1	1
56	1000	983	962	957	942	932	925	910	873	871	866	858	857	838	837	831	830	829	826	815	814	808	790	789	788	778	761	757	740	728	711	709	702	700	697	685	679	672	660	655	649	641	633	631	630	624	616	614	597	579	568	567	563	531	511	508	503	1	1	1	1	1	1	1	1	1	2	1	1	1	1	1	2	1	1	2	1	1	1	1	1	1	1	1	1	1	1	1	1	1	1	1	1	1	1	1	1	1	1	1	1	1	1	1	1	2	1	1	1	1	1	1	1
