10
57	1000	984	941	934	902	895	892	878	864	852	844	834	826	820	818	787	774	768	762	751	711	646	640	635	616	577	573	572	542	537	525	480	475	451	432	404	397	394	389	360	357	354	333	330	303	287	267	266	248	242	235	194	179	171	137	118	102	89	1	1	1	1	1	1	1	1	2	1	1	1	1	1	1	1	1	1	1	1	1	1	1	1	1	1	2	1	1	1	1	1	1	1	1	2	1	1	1	1	1	1	1	1	1	1	1	1	1	1	1	1	1	1	1	1	1
58	1000	990	982	958	942	894	866	864	834	828	802	784	779	775	769	766	734	732	729	716	699	681	662	632	624	623	593	569	497	488	480	457	439	366	359	312	303	282	260	220	195	177	174	173	170	169	161	150	134	106	92	77	76	60	58	56	39	19	16	1	1	1	1	1	1	1	1	1	1	1	1	1	1	1	1	1	1	1	1	1	1	1	1	1	1	1	1	2	1	1	1	1	1	1	1	1	1	1	1	1	1	1	1	1	1	1	1	1	1	1	1	1	1	1	2	1	1
59	1000	996	925	905	899	889	852	819	815	813	811	776	774	763	749	741	737	732	726	723	683	640	639	612	598	584	580	538	519	513	504	476	458	437	413	372	351	350	322	287	263	249	242	223	204	201	172	158	138	108	103	85	77	56	55	54	41	35	25	17	1	1	1	1	1	1	1	1	1	1	1	1	1	1	1	1	1	1	1	1	1	1	1	1	1	2	1	1	1	1	1	1	1	1	1	1	1	1	1	1	1	1	1	1	1	1	1	1	1	1	1	1	1	1	1	1	1	1	1
59	1000	994	992	978	919	915	895	883	880	869	859	826	824	821	804	803	789	772	768	743	719	680	671	669	664	663	643	618	614	611	583	571	540	484	455	447	445	426	407	394	393	386	362	348	345	282	250	206	168	148	141	138	113	83	76	69	44	33	22	5	1	1	1	1	1	1	1	1	1	1	1	1	1	1	1	1	1	1	1	1	1	1	1	1	1	1	1	1	1	1	1	1	1	1	1	1	1	1	1	1	1	1	1	1	1	1	1	1	1	1	1	1	1	1	1	1	1	1	2
58	1000	956	951	943	920	918	914	880	841	838	823	814	810	805	774	759	718	668	657	645	640	639	635	616	588	580	568	565	564	548	545	544	535	499	471	470	466	452	431	425	418	407	376	367	334	328	325	321	285	243	235	234	170	146	134	101	69	38	37	1	2	1	1	1	1	1	1	1	1	1	1	1	1	1	1	1	1	1	1	1	1	1	1	1	1	1	1	1	1	1	1	1	1	1	1	1	1	1	1	1	1	1	1	1	1	1	1	1	1	1	1	1	1	2	1	1	1
59	1000	960	930	926	912	890	882	880	879	872	866	863	848	833	831	813	756	755	754	731	721	690	687	633	603	584	579	561	544	541	529	521	517	510	499	496	484	448	424	389	374	368	305	297	291	284	244	225	214	167	155	122	113	87	58	55	54	47	20	17	1	1	1	1	1	1	1	1	1	1	1	1	1	1	1	1	1	2	1	1	1	1	1	1	1	1	1	1	1	1	1	1	1	1	1	1	1	1	1	1	1	1	1	1	1	1	1	1	1	1	1	1	1	1	1	1	1	1	1
58	1000	966	931	925	901	894	886	858	844	816	802	793	792	790	770	680	653	648	601	593	577	552	540	510	506	428	400	396	394	379	372	352	343	340	335	305	285	274	263	255	253	236	230	223	211	202	175	149	142	133	110	98	94	83	62	16	14	10	7	1	1	1	1	1	1	1	1	1	1	1	1	1	1	1	1	1	1	1	1	1	1	2	1	1	1	1	1	1	1	1	1	1	1	1	2	1	1	1	1	1	1	1	1	1	1	1	1	1	1	1	1	1	1	1	1	1	1
58	1000	986	961	933	931	913	901	824	817	780	749	745	735	731	699	674	673	665	652	630	626	586	578	558	537	531	514	483	480	438	422	419	391	382	379	359	332	320	300	280	267	251	248	247	235	216	214	186	146	145	139	120	77	67	59	36	24	20	13	1	1	1	1	1	1	1	1	1	1	2	1	1	1	1	1	1	1	1	1	1	1	1	1	1	1	1	1	1	1	1	1	1	1	1	1	1	1	1	1	1	1	1	1	1	1	1	1	1	1	1	1	1	1	2	1	1	1
58	1000	994	962	956	939	935	900	892	886	882	867	838	818	805	781	770	764	748	700	699	680	670	560	539	536	525	520	506	505	485	470	457	454	445	420	344	324	323	308	282	277	273	254	211	191	184	179	165	161	155	126	105	98	74	64	38	15	12	10	1	1	1	1	1	1	1	1	1	1	1	1	1	1	1	1	1	1	1	1	1	1	2	1	1	1	1	1	1	1	1	1	1	1	1	1	1	1	1	1	1	1	1	1	1	1	1	1	1	1	2	1	1	1	1	1	1	1
59	1000	973	969	954	946	935	859	832	825	820	789	780	776	748	744	731	726	687	663	659	636	631	621	585	572	556	523	519	500	476	466	456	454	429	424	407	397	395	374	367	342	333	318	305	245	232	208	166	163	162	139	137	119	93	57	47	27	20	15	3	1	1	1	1	1	1	1	1	1	1	1	1	1	1	1	1	1	1	1	1	1	1	1	1	1	1	1	1	1	1	1	1	1	1	1	1	1	1	1	1	1	1	1	1	1	1	1	1	1	1	1	1	1	1	2	1	1	1	1
