10
60	1500	986	979	971	960	941	923	918	911	904	885	875	874	862	859	858	851	819	816	813	805	796	778	776	761	756	727	702	700	665	656	643	639	628	627	620	614	576	569	555	545	540	498	487	480	471	464	452	420	412	407	405	400	368	353	352	342	265	235	212	210	1	1	1	1	1	1	1	1	1	1	1	1	1	1	1	1	1	1	1	1	1	1	1	1	1	1	1	1	1	1	1	1	1	1	1	1	1	1	1	1	1	1	1	1	1	1	1	1	1	1	1	1	1	1	1	1	1	1	1	1
58	1500	990	973	969	933	919	918	913	898	897	896	854	852	845	827	806	792	783	776	773	770	763	755	726	723	719	717	713	698	689	666	646	617	608	603	563	558	555	549	518	505	483	482	474	448	420	418	399	367	349	344	333	332	323	321	269	266	233	210	1	1	1	1	1	1	1	1	1	1	1	1	1	1	1	1	1	1	1	1	1	1	1	1	1	1	1	1	1	1	1	1	1	1	1	1	1	1	1	1	1	1	1	1	1	1	1	1	2	1	1	1	1	1	1	1	2	1
58	1500	973	964	926	919	898	874	870	850	831	815	802	777	775	773	765	762	750	748	742	736	732	728	725	694	678	658	641	638	627	605	598	587	585	575	549	504	492	487	460	458	447	444	430	401	390	387	385	359	334	324	297	294	273	266	264	260	241	217	1	1	1	2	1	1	1	1	1	1	1	1	1	1	1	1	1	1	1	1	1	1	1	1	1	1	1	1	1	1	1	1	1	1	1	1	1	1	1	1	1	1	1	1	1	1	2	1	1	1	1	1	1	1	1	1	1	1
58	1500	997	996	993	978	970	965	952	925	918	881	864	846	840	832	804	774	766	761	756	739	737	725	718	717	716	715	697	689	671	630	604	599	594	565	562	545	515	501	496	478	474	468	465	454	386	356	345	317	314	298	288	254	241	226	225	222	216	202	1	1	1	1	1	1	1	1	1	1	1	1	1	1	1	2	1	1	1	1	1	1	1	1	1	1	1	1	1	1	1	1	1	1	1	1	1	1	1	1	1	1	1	1	1	1	1	1	1	1	2	1	1	1	1	1	1	1
58	1500	985	983	975	969	967	962	961	959	958	936	930	918	896	886	877	868	832	811	809	801	775	746	741	727	703	691	656	648	626	625	619	609	606	595	572	547	540	539	534	503	467	461	459	425	413	405	400	384	367	357	347	321	282	279	255	253	239	210	1	1	1	1	2	1	1	1	1	1	1	1	1	1	1	1	1	1	1	1	1	1	1	1	1	1	1	1	1	1	1	2	1	1	1	1	1	1	1	1	1	1	1	1	1	1	1	1	1	1	1	1	1	1	1	1	1	1
58	1500	989	978	964	957	954	944	930	910	892	877	852	840	836	817	806	781	775	771	764	729	689	684	677	661	649	623	614	601	575	572	562	553	543	540	531	515	512	508	483	461	458	450	419	407	375	370	342	332	317	295	293	292	281	267	259	212	210	203	1	1	1	1	1	1	1	1	1	1	1	1	1	1	1	1	1	1	1	1	1	1	1	1	1	1	1	1	1	1	1	1	2	1	1	1	1	1	1	1	1	1	1	1	1	1	1	1	1	1	1	1	1	1	1	1	2	1
57	1500	994	985	950	930	918	908	882	879	872	856	794	769	767	765	756	754	728	726	715	709	706	697	663	633	628	615	608	595	584	568	538	504	501	489	483	473	469	467	466	460	451	428	419	418	415	407	406	363	361	356	342	340	297	286	214	208	202	1	1	1	1	1	1	1	1	1	1	1	1	1	1	1	1	1	1	1	1	1	1	1	1	1	1	1	2	1	1	1	1	1	1	1	1	1	1	1	1	1	1	2	1	1	1	1	1	1	1	1	1	1	1	1	2	1
59	1500	992	925	896	855	824	815	810	798	786	775	774	770	768	762	752	717	710	683	671	664	656	651	649	642	628	621	584	566	558	551	546	537	527	521	516	501	482	481	479	459	446	412	382	374	351	342	340	321	317	294	284	260	246	229	227	220	219	213	206	1	1	1	1	1	1	1	1	1	1	1	2	1	1	1	1	1	1	1	1	1	1	1	1	1	1	1	1	1	1	1	1	1	1	1	1	1	1	1	1	1	1	1	1	1	1	1	1	1	1	1	1	1	1	1	1	1	1	1
54	1500	984	958	945	927	923	896	886	885	875	858	819	812	811	805	793	774	771	767	758	726	698	692	666	649	642	637	619	594	585	537	533	532	516	511	504	493	462	423	422	421	420	415	357	330	310	300	297	295	287	250	232	222	219	214	1	1	2	2	1	1	1	1	2	1	1	2	1	1	1	1	1	1	1	1	1	1	1	1	1	1	1	1	1	1	1	1	1	1	1	1	1	1	1	1	1	1	2	1	1	1	1	1	1	2	1	1	1	1
56	1500	952	942	910	896	878	871	865	847	846	828	824	814	797	790	784	776	744	720	714	700	685	679	661	659	639	632	628	622	608	602	601	588	585	554	538	531	529	526	513	500	488	485	480	450	440	433	406	384	313	307	287	278	259	247	226	201	1	2	1	1	1	1	1	1	1	1	1	1	2	1	1	1	1	1	2	1	1	1	1	1	1	1	1	1	1	2	1	1	1	1	1	1	1	1	1	1	1	1	1	1	1	1	1	1	1	1	1	1	1	1	1	1
