10
56	1200	977	953	935	931	925	917	910	886	883	876	875	847	846	818	810	802	798	795	794	779	778	775	771	768	765	755	741	690	684	683	675	666	616	608	605	599	581	577	563	538	463	461	452	451	431	369	363	361	339	317	277	275	272	255	253	247	1	1	1	2	1	1	1	1	1	1	1	1	1	1	1	2	1	1	1	1	1	1	1	1	1	2	1	1	1	1	1	1	1	1	1	1	1	1	1	1	1	1	1	1	1	1	1	1	1	1	1	1	1	1	1	2
57	1200	982	979	978	977	972	966	914	909	890	880	872	814	805	804	794	786	783	763	759	725	697	693	688	677	664	662	647	631	609	602	600	575	571	557	554	527	518	506	489	470	433	424	404	365	354	340	329	313	300	297	294	290	286	264	243	242	215	1	1	1	1	1	1	1	1	1	1	1	2	1	1	1	1	1	1	1	1	1	1	1	1	1	1	1	1	1	1	1	1	1	1	1	1	1	1	1	2	1	1	2	1	1	1	1	1	1	1	1	1	1	1	1	1	1
59	1200	974	946	936	925	863	854	848	823	822	814	811	797	785	760	754	744	743	739	737	729	717	716	711	700	680	669	663	659	638	636	634	618	575	556	553	527	485	477	452	438	426	405	404	364	356	351	334	329	321	320	313	307	279	254	253	248	236	224	212	2	1	1	1	1	1	1	1	1	1	1	1	1	1	1	1	1	1	1	1	1	1	1	1	1	1	1	1	1	1	1	1	1	1	1	1	1	1	1	1	1	1	1	1	1	1	1	1	1	1	1	1	1	1	1	1	1	1	1
58	1200	998	973	955	913	892	890	870	854	840	837	835	824	815	805	797	794	791	782	776	774	771	767	758	754	736	727	681	652	651	640	638	625	624	622	619	614	574	573	536	444	439	406	404	400	395	344	339	337	328	308	300	288	283	278	268	267	264	210	1	1	1	1	1	1	1	1	1	1	1	1	1	1	1	1	1	1	1	1	1	1	1	1	1	1	1	1	1	2	1	1	1	1	1	1	1	1	1	1	1	1	1	1	1	1	1	1	1	1	1	1	2	1	1	1	1	1
59	1200	995	959	957	949	944	887	869	862	842	837	836	827	824	820	816	759	752	706	693	679	674	666	653	645	624	621	619	616	580	575	565	564	559	547	533	525	462	434	432	410	407	404	403	393	387	368	338	337	330	321	315	303	300	285	253	251	239	209	207	1	1	1	1	1	2	1	1	1	1	1	1	1	1	1	1	1	1	1	1	1	1	1	1	1	1	1	1	1	1	1	1	1	1	1	1	1	1	1	1	1	1	1	1	1	1	1	1	1	1	1	1	1	1	1	1	1	1	1
57	1200	998	997	972	942	924	921	920	895	890	884	883	866	838	826	802	782	781	769	748	727	725	722	706	704	690	677	651	646	636	633	620	608	606	595	592	585	580	567	566	531	521	511	505	499	464	428	426	402	375	364	335	327	325	258	251	249	246	1	2	1	1	1	1	1	1	1	1	1	1	1	1	1	1	1	1	1	1	1	1	1	2	1	1	1	1	1	1	1	1	1	1	1	1	1	1	1	1	1	2	1	1	1	1	1	1	1	1	1	1	1	1	1	1	1
57	1200	977	972	952	938	937	911	903	894	891	877	866	831	823	798	785	784	782	780	744	738	728	658	632	622	615	611	603	590	583	567	561	529	527	511	484	475	457	443	431	419	408	359	353	340	331	315	312	302	299	281	269	259	255	239	212	211	210	1	1	2	1	1	1	1	1	1	1	1	1	1	1	1	1	2	1	1	1	1	1	1	1	1	1	1	1	1	1	1	1	1	1	2	1	1	1	1	1	1	1	1	1	1	1	1	1	1	1	1	1	1	1	1	1	1
59	1200	993	966	956	938	874	873	844	822	817	809	776	772	769	768	763	761	753	717	711	706	687	651	626	622	613	604	595	581	574	554	550	546	537	515	513	502	489	488	461	447	442	412	383	381	379	376	369	364	352	344	321	317	311	302	274	252	239	218	210	1	1	1	1	1	1	1	1	1	2	1	1	1	1	1	1	1	1	1	1	1	1	1	1	1	1	1	1	1	1	1	1	1	1	1	1	1	1	1	1	1	1	1	1	1	1	1	1	1	1	1	1	1	1	1	1	1	1	1
56	1200	980	969	953	921	903	897	884	876	854	838	805	802	798	794	784	783	759	751	747	718	705	674	660	653	651	629	593	580	566	562	555	539	515	514	512	507	501	497	489	484	467	450	432	412	388	365	361	355	352	318	294	278	272	260	256	238	1	1	1	1	1	2	1	1	2	1	1	1	1	1	1	1	1	2	1	2	1	1	1	1	1	1	1	1	1	1	1	1	1	1	1	1	1	1	1	1	1	1	1	1	1	1	1	1	1	1	1	1	1	1	1	1
59	1200	993	988	983	921	908	889	875	874	847	830	822	813	792	789	784	773	755	753	752	743	741	714	701	688	677	668	648	639	622	601	596	552	546	545	531	524	495	489	468	452	431	429	420	410	392	368	359	344	343	326	318	307	306	269	266	263	238	224	212	1	1	1	1	1	1	1	1	1	1	1	1	1	1	1	1	1	1	2	1	1	1	1	1	1	1	1	1	1	1	1	1	1	1	1	1	1	1	1	1	1	1	1	1	1	1	1	1	1	1	1	1	1	1	1	1	1	1	1
