10
59	1500	998	988	979	932	918	912	907	892	831	825	803	797	793	766	700	699	692	636	630	627	593	581	579	545	533	529	528	514	507	428	416	406	404	398	396	377	366	362	335	308	287	258	249	242	240	230	215	159	128	122	118	114	113	110	84	81	71	69	52	2	1	1	1	1	1	1	1	1	1	1	1	1	1	1	1	1	1	1	1	1	1	1	1	1	1	1	1	1	1	1	1	1	1	1	1	1	1	1	1	1	1	1	1	1	1	1	1	1	1	1	1	1	1	1	1	1	1	1
58	1500	991	959	957	912	897	888	878	851	824	817	813	777	764	741	740	683	663	633	612	608	606	594	587	585	582	561	552	550	540	493	481	477	452	424	406	404	372	346	344	322	315	307	290	226	220	218	195	185	169	156	124	111	90	88	59	54	30	17	1	1	1	1	1	1	1	1	1	1	1	1	1	1	1	1	1	1	1	1	1	1	1	1	1	1	1	2	1	1	2	1	1	1	1	1	1	1	1	1	1	1	1	1	1	1	1	1	1	1	1	1	1	1	1	1	1	1
59	1500	999	988	895	893	859	851	848	839	829	805	800	787	770	767	740	736	732	689	685	682	623	607	588	575	574	552	527	519	492	488	483	470	462	450	444	441	434	410	403	375	343	328	312	278	275	246	235	233	185	154	134	129	115	96	92	67	52	31	28	1	1	1	1	1	1	1	1	1	1	1	1	1	1	1	1	1	1	1	1	1	1	1	1	1	1	1	1	1	1	1	1	1	1	1	1	1	1	1	1	1	1	1	1	1	1	1	1	1	1	1	2	1	1	1	1	1	1	1
58	1500	975	950	944	942	932	903	892	891	889	865	843	818	801	797	763	757	753	751	699	689	658	624	618	605	582	564	552	550	543	499	490	443	428	424	414	405	359	339	324	320	279	253	232	216	210	202	201	192	190	168	135	124	120	113	86	40	8	5	1	1	1	1	1	1	1	1	1	1	1	1	2	1	1	1	1	1	1	1	1	1	1	1	1	1	1	1	1	1	1	1	1	1	1	1	1	1	1	1	1	1	1	1	1	1	1	1	1	1	1	1	1	1	2	1	1	1
59	1500	998	951	937	926	920	909	904	896	893	878	875	858	854	817	763	755	744	715	711	669	659	651	650	607	590	582	563	550	549	532	530	507	489	460	453	452	441	428	402	378	328	317	303	287	272	261	243	178	149	144	138	123	120	77	74	70	60	24	2	1	1	1	1	1	1	1	1	1	1	1	1	1	1	1	1	1	1	1	1	1	1	1	1	1	1	1	1	1	1	1	1	1	1	1	1	1	1	1	1	1	1	1	1	1	1	1	1	2	1	1	1	1	1	1	1	1	1	1
59	1500	973	954	944	918	897	876	837	824	808	788	783	774	756	748	741	710	709	694	690	682	675	631	624	587	555	547	520	505	490	461	415	397	375	374	372	371	360	335	297	296	277	271	227	225	212	180	178	162	132	113	101	61	57	51	45	34	19	11	1	1	1	1	1	1	1	1	1	1	1	1	1	1	1	1	1	1	1	1	1	1	1	1	1	1	1	1	1	1	1	1	1	1	2	1	1	1	1	1	1	1	1	1	1	1	1	1	1	1	1	1	1	1	1	1	1	1	1	1
59	1500	988	953	951	940	933	912	903	875	869	853	822	807	791	774	772	758	736	713	705	688	621	606	604	585	581	578	574	570	543	541	507	493	491	488	482	478	470	429	412	404	340	339	311	294	241	237	231	230	205	157	152	142	116	93	76	66	49	44	17	1	1	1	1	1	1	1	1	1	1	1	1	1	1	1	1	2	1	1	1	1	1	1	1	1	1	1	1	1	1	1	1	1	1	1	1	1	1	1	1	1	1	1	1	1	1	1	1	1	1	1	1	1	1	1	1	1	1	1
60	1500	979	965	961	945	940	939	935	932	914	913	908	887	871	817	815	810	783	762	760	748	734	723	718	675	651	643	642	622	609	600	519	518	490	408	383	355	307	293	281	279	255	254	238	222	188	178	171	141	117	105	103	102	86	77	66	59	41	36	14	9	1	1	1	1	1	1	1	1	1	1	1	1	1	1	1	1	1	1	1	1	1	1	1	1	1	1	1	1	1	1	1	1	1	1	1	1	1	1	1	1	1	1	1	1	1	1	1	1	1	1	1	1	1	1	1	1	1	1	1	1
60	1500	988	979	976	937	936	928	923	918	903	882	862	847	815	788	763	762	742	740	738	681	672	633	567	552	531	528	516	494	483	470	449	448	413	378	354	351	350	311	297	286	269	233	232	229	198	196	185	170	156	151	138	136	132	128	107	100	62	54	44	28	1	1	1	1	1	1	1	1	1	1	1	1	1	1	1	1	1	1	1	1	1	1	1	1	1	1	1	1	1	1	1	1	1	1	1	1	1	1	1	1	1	1	1	1	1	1	1	1	1	1	1	1	1	1	1	1	1	1	1	1
57	1500	964	918	899	887	872	871	804	791	784	763	762	713	709	706	696	694	680	665	664	657	632	608	603	571	568	520	475	463	413	361	358	354	345	338	332	321	314	310	293	290	277	276	271	251	223	199	191	146	127	101	94	79	64	55	52	35	29	1	1	1	1	1	1	1	1	1	1	1	1	1	1	1	1	1	1	1	1	1	1	1	1	1	1	1	1	1	2	1	1	1	1	1	1	1	1	1	1	1	1	1	1	1	1	2	1	1	1	1	2	1	1	1	1	1
