10
58	2000	996	985	981	978	977	963	962	957	953	945	933	930	911	909	906	891	871	865	860	859	835	824	797	781	766	764	742	733	725	720	710	706	690	686	685	677	675	674	666	646	645	639	629	604	601	595	587	580	579	578	573	568	557	539	534	524	516	503	1	1	1	2	1	1	1	1	1	1	1	1	1	1	1	1	1	1	1	1	1	1	1	1	1	1	1	1	1	1	1	2	1	1	1	1	1	1	1	1	1	1	1	1	1	1	1	1	1	1	1	1	1	1	1	1	1	1
56	2000	997	996	978	974	963	960	950	929	927	918	911	904	889	888	875	871	849	839	838	797	780	770	766	749	716	710	704	700	699	698	663	659	648	645	643	639	635	600	598	597	593	590	577	576	570	561	542	532	531	530	527	524	512	511	510	504	1	1	1	1	1	1	1	1	1	1	1	1	2	1	1	1	2	1	1	1	1	1	1	1	1	1	1	1	1	1	1	1	1	1	1	2	1	1	1	1	1	2	1	1	1	1	1	1	1	1	1	1	1	1	1	1
57	2000	987	984	959	957	947	946	945	934	932	916	902	888	887	884	878	862	846	843	832	831	827	808	793	781	776	775	773	772	763	733	730	717	708	678	670	666	656	638	635	616	611	608	603	601	600	597	574	571	565	562	561	558	541	523	522	519	512	1	1	1	1	1	1	1	1	1	1	1	1	1	1	1	1	1	1	1	1	1	1	1	2	1	1	1	1	1	1	1	1	1	1	1	1	1	1	2	1	1	1	1	1	1	1	1	1	2	1	1	1	1	1	1	1	1
55	2000	996	993	983	979	975	956	954	946	932	912	910	901	896	895	885	864	859	852	851	829	823	820	812	804	796	794	788	782	776	754	748	735	729	728	723	708	704	698	660	653	646	642	641	638	629	625	578	572	559	547	542	522	521	519	504	1	1	1	1	1	1	1	1	1	1	1	1	1	1	1	1	1	1	1	1	1	1	1	1	1	1	1	1	2	1	1	1	1	1	1	1	1	1	1	1	1	1	1	1	1	2	1	2	1	1	1	2	1	2	1
57	2000	994	984	978	970	962	954	948	940	939	938	935	931	928	926	901	899	898	895	874	872	856	853	852	849	834	802	784	772	756	754	744	743	736	726	706	699	676	667	665	663	642	622	621	616	613	595	590	576	566	544	537	536	523	522	510	509	506	2	2	1	1	1	1	1	1	1	1	1	1	1	1	1	1	1	1	1	1	1	1	1	1	1	1	1	1	1	1	1	1	1	1	1	1	1	1	1	1	1	1	1	1	1	1	1	1	1	1	1	1	2	1	1	1	1
56	2000	999	988	985	981	976	960	952	945	934	927	912	897	896	892	885	881	875	869	863	855	854	850	844	842	839	826	825	796	794	777	774	759	752	712	695	680	674	672	661	646	644	638	583	580	572	555	553	552	547	541	535	530	529	517	512	505	1	1	1	1	1	1	1	1	1	1	1	1	1	1	1	1	1	2	1	1	1	1	1	1	1	1	1	1	2	1	1	1	1	1	1	1	1	1	1	1	1	1	2	1	1	1	1	1	2	1	1	1	1	1	1	1
59	2000	998	995	992	987	982	974	972	964	955	947	911	904	887	886	881	880	879	865	848	834	828	805	803	796	787	784	768	767	763	759	735	724	718	713	711	700	695	690	689	656	649	644	641	633	602	599	596	592	591	576	566	565	552	550	542	527	526	524	522	1	1	1	1	1	1	1	1	1	1	1	1	1	1	1	1	1	1	1	1	1	1	1	1	1	1	1	1	1	1	1	1	1	1	1	2	1	1	1	1	1	1	1	1	1	1	1	1	1	1	1	1	1	1	1	1	1	1	1
58	2000	988	979	978	969	955	952	941	934	933	917	910	905	903	876	873	872	861	853	841	815	796	791	786	774	771	769	747	736	723	717	714	712	708	700	692	689	680	676	671	656	648	647	642	627	616	614	609	600	589	572	570	565	562	550	541	539	536	533	1	1	1	1	1	1	1	1	1	1	1	1	1	1	1	1	1	1	1	1	2	1	1	1	1	1	1	1	1	1	1	1	1	2	1	1	1	1	1	1	1	1	1	1	1	1	1	1	1	1	1	1	1	1	1	1	1	1
56	2000	998	982	978	973	971	954	944	943	942	934	925	912	910	908	881	868	847	829	820	813	812	796	794	768	752	732	731	730	727	710	691	686	678	670	658	648	646	642	631	629	622	612	609	594	585	576	559	544	537	527	519	516	515	508	504	502	1	1	1	1	1	1	2	2	1	1	1	1	1	1	2	1	1	1	1	1	1	1	1	1	1	1	1	1	1	1	1	1	1	1	1	1	1	1	2	1	1	1	1	1	1	1	1	1	1	1	1	1	1	1	1	1
57	2000	985	963	954	947	942	940	900	899	895	894	893	887	879	872	865	862	851	831	827	795	794	789	786	777	750	739	733	717	715	713	705	702	700	699	698	697	688	675	674	667	659	644	642	634	628	621	587	575	569	561	549	544	542	540	521	509	502	1	1	1	1	1	1	1	2	1	1	1	1	1	1	1	1	1	1	1	1	1	1	1	1	1	1	1	1	1	1	1	1	1	2	1	1	1	1	1	1	1	1	1	1	1	1	1	1	1	1	1	1	1	1	1	2	1
