10
59	2000	970	956	950	946	943	916	900	897	896	894	873	849	840	834	815	807	779	772	762	742	726	717	700	689	664	663	661	656	649	586	578	570	567	559	544	540	515	512	502	496	488	430	418	411	409	384	350	340	339	334	324	296	292	274	269	267	214	211	209	1	1	1	1	1	1	1	1	1	1	1	1	1	1	1	1	1	1	1	1	1	1	1	1	1	1	1	1	1	1	1	1	1	1	1	1	1	1	1	1	1	1	1	1	1	1	1	1	1	1	1	1	1	1	1	1	1	1	2
56	2000	997	984	981	968	948	936	932	923	914	898	885	881	872	841	831	830	822	817	801	782	773	770	758	751	722	708	706	670	667	645	634	607	603	573	564	535	523	516	507	483	475	453	423	412	401	386	383	329	319	272	264	260	257	230	219	208	1	1	1	1	1	2	1	1	1	2	1	1	1	1	1	1	1	1	1	1	1	1	1	1	1	1	1	1	1	1	1	1	1	1	1	1	1	1	1	1	1	1	1	1	2	1	1	1	1	1	2	1	1	1	1	1
60	2000	990	984	967	965	957	922	918	888	881	870	845	815	782	764	736	718	710	702	698	680	666	665	659	647	630	629	627	622	616	611	600	588	582	580	571	529	516	482	474	458	416	384	359	350	343	342	332	328	321	320	319	306	305	295	292	256	234	224	217	213	1	1	1	1	1	1	1	1	1	1	1	1	1	1	1	1	1	1	1	1	1	1	1	1	1	1	1	1	1	1	1	1	1	1	1	1	1	1	1	1	1	1	1	1	1	1	1	1	1	1	1	1	1	1	1	1	1	1	1	1
58	2000	996	985	974	958	942	936	933	923	912	905	884	877	868	865	864	856	845	814	810	809	798	755	748	741	728	727	710	705	699	686	676	672	632	611	609	581	573	566	555	554	536	458	450	429	411	395	391	390	388	368	351	340	337	336	328	313	253	249	1	1	1	1	1	1	1	1	1	1	1	1	1	1	1	1	1	1	1	1	1	1	1	1	1	1	1	1	1	1	1	1	1	1	1	1	1	1	1	1	1	1	1	1	1	1	1	1	2	1	1	1	1	1	1	2	1	1
57	2000	973	968	964	962	954	943	922	887	886	884	864	859	851	825	823	803	802	788	778	773	747	715	711	705	700	658	640	639	632	625	613	547	529	520	518	500	493	472	455	431	427	415	411	380	369	364	362	360	356	325	314	288	265	252	251	215	212	1	1	1	1	1	1	1	2	1	1	1	1	1	1	1	1	1	1	1	1	1	1	1	1	1	1	1	1	1	1	1	1	2	2	1	1	1	1	1	1	1	1	1	1	1	1	1	1	1	1	1	1	1	1	1	1	1
58	2000	997	990	980	977	976	969	965	940	914	890	882	870	826	817	813	789	764	756	752	742	734	688	686	676	649	642	639	630	617	578	570	561	556	555	550	544	535	517	508	480	474	471	453	438	418	407	401	351	347	343	293	289	288	274	256	253	251	204	1	1	1	1	1	1	1	1	1	1	2	1	1	1	1	1	1	1	1	1	1	1	1	1	1	1	1	1	1	1	1	1	1	1	2	1	1	1	1	1	1	1	1	1	1	1	1	1	1	1	1	1	1	1	1	1	1	1
59	2000	972	966	947	939	938	931	928	918	863	851	849	819	805	800	782	776	767	755	744	716	713	676	668	661	660	628	612	589	581	569	551	538	515	510	500	497	488	475	472	455	454	432	408	404	394	382	377	353	347	343	332	314	312	287	274	250	228	214	201	1	1	1	1	1	1	1	1	1	1	1	1	1	2	1	1	1	1	1	1	1	1	1	1	1	1	1	1	1	1	1	1	1	1	1	1	1	1	1	1	1	1	1	1	1	1	1	1	1	1	1	1	1	1	1	1	1	1	1
57	2000	991	987	986	966	951	894	885	869	867	866	850	792	790	775	774	773	770	755	728	721	712	702	697	672	671	669	664	628	627	616	563	547	510	467	464	432	428	421	410	378	363	357	356	355	354	324	323	319	286	275	268	254	240	239	237	209	204	1	1	1	1	1	1	1	1	1	1	2	1	1	1	1	1	1	2	1	1	1	1	1	1	1	1	1	1	1	1	1	1	1	1	1	1	1	1	1	1	1	1	1	1	1	1	1	1	1	1	1	1	2	1	1	1	1
60	2000	997	995	991	986	960	955	938	924	915	897	896	888	873	853	833	765	732	730	726	691	687	678	657	631	612	605	604	580	578	570	565	555	552	543	518	515	499	487	473	467	463	459	455	454	411	388	374	355	341	337	330	317	293	291	285	278	269	229	223	213	1	1	1	1	1	1	1	1	1	1	1	1	1	1	1	1	1	1	1	1	1	1	1	1	1	1	1	1	1	1	1	1	1	1	1	1	1	1	1	1	1	1	1	1	1	1	1	1	1	1	1	1	1	1	1	1	1	1	1	1
56	2000	984	981	976	974	955	949	946	938	922	919	904	894	887	869	850	806	769	727	719	716	705	667	654	644	607	592	580	575	515	511	490	475	467	454	443	437	422	397	394	391	375	374	359	358	349	312	271	270	261	247	237	228	226	224	219	217	1	1	1	1	1	1	1	1	1	1	1	1	2	1	1	1	1	1	1	1	1	1	1	1	1	1	1	1	1	1	1	1	2	1	1	1	1	1	1	1	1	1	1	1	1	1	1	1	1	1	1	1	3	1	1	1
