10
58	2000	952	949	946	936	929	928	922	920	913	901	897	873	861	858	831	809	808	792	762	755	745	744	721	712	698	687	657	655	584	573	571	525	520	515	506	501	471	407	402	379	372	345	295	281	275	266	220	212	205	194	188	158	142	75	53	37	18	2	1	1	1	1	1	1	1	1	1	1	1	1	2	1	1	1	1	1	1	1	1	1	1	1	1	1	1	1	1	1	1	2	1	1	1	1	1	1	1	1	1	1	1	1	1	1	1	1	1	1	1	1	1	1	1	1	1	1
56	2000	986	984	954	913	850	829	807	775	770	730	709	655	610	609	606	600	599	596	586	562	546	519	508	451	445	418	400	399	377	374	369	356	318	316	295	285	236	233	200	191	177	175	170	156	145	128	119	86	78	63	47	30	20	19	11	1	2	1	1	1	1	1	1	1	1	1	1	1	1	1	1	1	1	1	2	2	1	1	1	1	1	1	1	1	1	1	1	1	1	1	1	1	2	1	1	1	1	1	1	1	1	1	1	1	1	1	1	1	1	1	1	1
59	2000	982	969	967	961	959	948	937	919	911	904	893	865	783	779	773	769	752	732	679	671	663	658	589	567	551	476	473	472	460	451	446	443	441	399	389	387	380	301	292	287	276	272	248	245	238	230	215	210	192	163	137	134	125	79	53	49	30	18	10	1	1	1	1	1	1	1	1	1	1	1	1	1	1	1	1	1	1	1	1	1	1	1	1	1	1	1	2	1	1	1	1	1	1	1	1	1	1	1	1	1	1	1	1	1	1	1	1	1	1	1	1	1	1	1	1	1	1	1
58	2000	974	971	947	936	933	931	913	906	898	883	878	877	828	826	775	759	726	707	695	694	651	650	630	619	610	609	511	497	494	483	450	415	398	395	387	374	368	337	325	302	295	268	249	240	231	230	189	173	166	165	143	126	85	83	79	43	12	10	1	1	2	1	1	1	1	1	1	2	1	1	1	1	1	1	1	1	1	1	1	1	1	1	1	1	1	1	1	1	1	1	1	1	1	1	1	1	1	1	1	1	1	1	1	1	1	1	1	1	1	1	1	1	1	1	1	1
57	2000	980	973	967	929	915	875	865	861	841	835	833	797	787	769	755	732	729	728	668	649	616	612	507	471	449	448	412	410	389	386	355	331	323	315	310	297	296	291	265	233	212	211	207	194	185	165	153	140	128	124	123	113	103	77	64	57	16	1	1	1	1	1	1	1	1	1	1	1	1	1	1	1	1	1	1	1	1	1	1	1	1	1	1	1	1	1	1	1	1	2	1	1	1	1	2	1	1	1	1	1	1	1	1	1	1	1	1	1	1	1	2	1	1	1
58	2000	999	990	976	975	934	929	926	924	885	874	866	858	852	845	830	805	777	776	760	733	682	645	642	607	580	576	564	557	549	548	542	521	503	492	487	447	441	431	402	384	380	352	320	312	307	252	251	250	244	225	224	200	183	176	125	98	82	75	1	1	1	1	1	1	1	1	1	1	1	1	1	1	1	2	1	1	1	1	1	1	1	1	1	1	1	1	1	1	1	1	1	1	1	1	1	1	1	1	1	1	1	1	1	1	1	1	1	1	1	1	2	1	1	1	1	1
58	2000	993	988	923	892	888	860	851	846	819	809	789	783	779	760	753	691	683	665	650	645	609	599	581	574	564	543	540	504	502	497	474	464	448	423	385	374	366	323	315	311	304	293	291	240	226	204	189	184	145	144	142	141	124	122	111	94	61	36	1	1	1	1	1	1	1	1	1	1	1	1	1	1	1	1	1	1	1	1	1	1	1	1	2	1	1	1	1	1	2	1	1	1	1	1	1	1	1	1	1	1	1	1	1	1	1	1	1	1	1	1	1	1	1	1	1	1
59	2000	995	983	924	899	897	883	874	859	856	849	821	820	813	807	802	789	784	783	759	748	733	722	702	661	656	608	579	565	555	550	543	531	503	478	474	451	412	409	404	399	394	393	387	381	380	330	329	321	316	311	281	249	219	203	202	86	77	49	30	1	1	1	1	1	1	1	1	1	1	1	1	1	1	1	1	1	1	1	1	1	1	1	1	1	1	1	1	1	1	1	2	1	1	1	1	1	1	1	1	1	1	1	1	1	1	1	1	1	1	1	1	1	1	1	1	1	1	1
59	2000	985	974	957	920	892	890	826	824	823	802	784	768	707	698	680	671	670	664	662	651	636	621	608	598	548	537	535	500	470	456	440	432	396	382	381	369	367	348	346	339	315	305	284	268	250	209	177	156	138	125	108	97	93	66	64	34	22	14	5	1	1	1	1	1	1	1	1	1	1	1	1	1	1	1	1	1	1	1	1	1	1	1	1	1	1	1	1	1	1	1	1	1	1	1	1	1	1	1	1	1	1	1	1	1	1	1	2	1	1	1	1	1	1	1	1	1	1	1
59	2000	993	990	967	965	959	949	917	885	879	871	826	824	818	773	759	757	718	712	702	701	699	678	672	666	660	653	625	611	606	595	586	569	549	454	453	444	435	407	389	368	341	315	308	293	278	277	262	260	207	199	152	149	137	125	121	112	63	12	3	1	1	1	1	1	1	1	1	1	1	1	1	1	1	1	1	1	1	1	1	1	1	1	1	1	1	1	1	1	2	1	1	1	1	1	1	1	1	1	1	1	1	1	1	1	1	1	1	1	1	1	1	1	1	1	1	1	1	1
