10
58	3000	995	984	979	925	916	906	889	882	855	846	820	814	804	793	767	753	735	733	728	719	704	684	666	617	595	593	566	564	524	517	433	404	386	371	366	356	352	344	315	312	307	283	271	246	215	191	183	166	155	154	149	143	136	134	108	58	46	14	1	1	1	1	1	1	1	2	1	1	1	1	1	1	1	1	1	1	1	1	1	1	1	1	1	2	1	1	1	1	1	1	1	1	1	1	1	1	1	1	1	1	1	1	1	1	1	1	1	1	1	1	1	1	1	1	1	1
58	3000	966	953	947	941	934	897	896	862	853	852	834	809	807	790	773	766	740	682	664	656	647	628	627	601	573	560	555	554	534	525	460	430	424	420	417	413	399	378	368	333	315	309	296	282	261	251	203	177	130	129	107	97	95	78	73	18	13	9	1	1	1	1	1	1	1	1	2	1	1	1	1	1	1	1	1	1	1	1	1	1	1	1	1	1	1	1	1	1	1	1	1	1	2	1	1	1	1	1	1	1	1	1	1	1	1	1	1	1	1	1	1	1	1	1	1	1
58	3000	999	982	975	971	964	918	896	894	884	858	853	844	819	809	784	767	764	752	750	747	737	731	729	721	717	688	684	673	669	660	644	641	636	635	564	494	488	483	480	450	431	427	390	380	376	296	287	238	193	188	166	160	138	127	121	88	75	52	1	1	1	1	1	1	1	1	1	1	1	1	1	1	1	1	1	1	1	1	2	1	1	2	1	1	1	1	1	1	1	1	1	1	1	1	1	1	1	1	1	1	1	1	1	1	1	1	1	1	1	1	1	1	1	1	1	1
58	3000	990	975	960	951	946	926	861	860	843	809	769	762	749	701	694	687	686	678	675	661	659	653	630	629	604	583	561	553	497	416	397	378	377	353	351	350	340	329	313	304	289	285	280	274	256	227	199	191	158	140	134	118	116	101	96	90	33	30	1	1	1	1	1	1	1	1	1	1	1	1	1	1	1	1	1	1	1	1	1	1	1	1	1	1	1	1	1	1	1	1	1	1	1	1	1	1	1	1	1	1	1	1	1	2	1	1	1	1	1	1	1	1	1	1	1	2
55	3000	936	907	905	897	874	861	853	840	838	830	825	811	807	802	772	764	758	725	697	674	668	653	633	621	584	576	554	486	482	439	428	421	409	384	367	365	352	327	326	309	276	271	243	234	227	199	177	172	144	140	105	104	35	19	16	1	1	1	1	1	1	1	1	1	2	1	1	1	1	1	1	1	1	1	1	1	1	1	1	1	1	1	1	1	1	1	2	1	1	1	1	2	1	2	1	1	1	1	1	1	1	1	1	1	1	1	1	1	2	1
59	3000	997	995	982	957	945	873	812	800	797	784	761	760	750	740	730	697	693	681	669	633	609	591	562	561	554	553	550	549	497	493	485	481	472	448	446	437	428	392	387	379	352	344	310	268	238	231	224	215	214	165	148	125	120	115	111	83	54	51	3	1	1	1	1	1	1	1	1	1	1	1	1	1	1	1	1	1	1	1	1	1	1	1	1	1	1	1	1	1	1	1	1	1	1	1	1	1	1	1	1	1	1	2	1	1	1	1	1	1	1	1	1	1	1	1	1	1	1	1
59	3000	983	955	950	935	909	895	887	884	850	810	793	786	785	767	744	739	730	692	687	679	678	640	625	587	559	558	536	535	531	526	489	483	466	428	363	361	357	338	327	322	280	269	266	231	224	213	198	191	172	140	103	93	81	79	41	40	12	6	4	1	1	1	1	1	1	1	1	1	1	1	1	1	1	1	1	1	1	1	1	1	1	1	1	1	1	1	1	1	1	1	1	1	1	1	1	1	1	1	1	1	1	1	1	1	1	1	1	1	1	1	2	1	1	1	1	1	1	1
58	3000	970	954	944	939	930	920	916	884	864	863	848	834	831	818	813	792	775	769	723	619	610	586	581	568	558	539	536	517	513	481	477	457	442	419	416	412	403	389	299	298	278	273	268	245	240	230	223	194	187	171	150	142	116	88	69	11	3	1	1	1	1	1	1	1	1	1	1	1	1	1	1	1	3	1	1	1	1	1	1	1	1	1	1	1	1	1	1	1	1	1	1	1	1	1	1	1	1	1	1	1	1	1	1	1	1	1	1	1	1	1	1	1	1	1	1	1
60	3000	989	980	978	953	935	916	906	904	887	886	858	850	844	829	807	788	751	743	737	730	722	712	665	663	660	644	629	593	567	526	525	523	519	517	515	514	504	480	468	467	456	436	431	415	413	365	349	301	277	267	255	200	189	152	149	114	54	45	43	30	1	1	1	1	1	1	1	1	1	1	1	1	1	1	1	1	1	1	1	1	1	1	1	1	1	1	1	1	1	1	1	1	1	1	1	1	1	1	1	1	1	1	1	1	1	1	1	1	1	1	1	1	1	1	1	1	1	1	1	1
59	3000	993	987	984	954	951	941	933	906	898	896	859	804	760	755	742	685	677	643	640	629	598	583	580	535	500	492	462	432	423	417	408	403	376	359	331	318	315	287	285	244	239	233	225	214	192	186	176	175	167	150	124	109	72	65	33	21	19	14	2	1	1	1	1	1	1	2	1	1	1	1	1	1	1	1	1	1	1	1	1	1	1	1	1	1	1	1	1	1	1	1	1	1	1	1	1	1	1	1	1	1	1	1	1	1	1	1	1	1	1	1	1	1	1	1	1	1	1	1
