10
55	3000	985	969	968	954	950	948	947	937	926	922	908	901	897	886	879	865	863	861	858	853	832	831	815	805	785	774	772	770	764	735	731	720	717	690	689	678	675	659	656	652	651	645	639	624	619	616	599	574	571	552	548	543	542	528	511	1	1	1	1	1	1	1	1	1	2	2	1	1	1	1	1	1	1	1	1	1	1	1	1	1	1	1	1	1	1	1	1	1	1	1	1	1	1	3	1	1	1	1	1	1	1	1	1	1	1	1	2	1	1	1
59	3000	994	980	974	964	951	946	938	927	925	920	908	881	869	864	846	833	821	813	795	785	765	761	754	745	736	734	721	719	718	712	701	698	695	681	678	663	662	660	651	649	641	640	634	622	619	609	586	584	571	560	552	549	544	540	533	531	529	509	508	1	1	1	1	2	1	1	1	1	1	1	1	1	1	1	1	1	1	1	1	1	1	1	1	1	1	1	1	1	1	1	1	1	1	1	1	1	1	1	1	1	1	1	1	1	1	1	1	1	1	1	1	1	1	1	1	1	1	1
51	3000	996	992	991	971	967	965	956	953	944	943	938	931	921	908	869	858	854	853	829	817	804	790	779	768	762	756	753	749	746	745	742	700	693	689	682	665	659	653	645	625	624	622	605	584	570	564	561	557	536	524	514	1	1	1	1	1	1	1	1	1	2	1	1	2	1	1	2	1	1	2	1	1	1	1	2	1	2	1	1	1	1	1	1	1	1	1	1	2	1	1	1	2	1	1	1	1	1	1	1	1	1	2
53	3000	992	983	971	963	959	937	934	923	904	900	894	852	848	844	843	835	830	819	813	808	795	783	772	764	759	758	744	742	728	715	706	686	677	673	668	649	642	632	626	613	607	606	573	566	564	563	557	551	549	536	512	510	502	1	1	1	1	1	1	1	1	1	1	1	1	1	1	1	1	2	1	1	1	1	1	1	1	1	1	1	3	1	1	1	1	1	1	1	2	1	1	1	1	1	1	2	2	1	1	1	1	2	1	1	1	1
58	3000	990	980	976	974	968	951	948	937	908	906	885	879	870	852	847	843	829	822	807	804	800	792	788	784	783	778	771	765	762	756	753	752	749	722	709	690	677	673	672	670	667	666	663	659	653	642	638	630	629	623	595	586	573	572	569	562	505	504	1	1	1	1	2	1	1	1	1	1	2	1	1	1	1	1	1	1	1	1	1	1	1	1	1	1	1	1	1	1	1	1	1	1	1	1	1	1	1	1	1	1	1	1	1	1	1	1	1	1	1	1	1	1	1	1	1	1
54	3000	995	983	982	979	973	942	941	939	926	917	915	914	897	896	891	882	873	863	861	853	840	816	798	768	764	763	762	757	751	747	717	713	710	707	704	700	689	688	681	675	654	640	632	607	600	590	573	570	551	538	534	522	511	504	1	1	1	1	1	1	2	1	1	1	1	2	1	1	1	1	1	1	1	1	1	1	1	1	1	1	1	2	1	1	1	1	1	2	1	1	1	1	1	2	1	2	1	1	1	1	1	1	1	1	1	1	1	1
56	3000	989	988	977	972	926	918	908	892	886	873	868	867	866	861	843	838	837	834	817	812	799	796	793	777	767	760	758	751	750	747	738	724	708	702	696	689	688	687	685	675	652	643	628	608	603	595	589	584	579	569	556	554	546	534	530	528	1	1	1	1	1	1	1	1	1	1	1	1	1	1	1	1	1	1	2	1	1	2	1	1	1	1	2	1	1	1	1	1	1	1	1	1	2	1	1	1	1	1	1	1	1	1	1	1	1	1	1	1	1	1	1	1
59	3000	990	984	969	963	948	947	940	930	920	906	899	894	881	878	869	861	855	851	850	846	827	815	809	808	792	785	776	760	758	757	755	754	747	745	741	734	723	714	705	695	681	678	676	673	655	642	640	626	617	604	602	597	580	569	567	566	558	550	508	1	1	1	1	1	1	1	1	1	1	1	1	1	1	1	1	1	1	1	1	1	1	1	1	1	1	2	1	1	1	1	1	1	1	1	1	1	1	1	1	1	1	1	1	1	1	1	1	1	1	1	1	1	1	1	1	1	1	1
56	3000	968	960	958	951	950	942	940	936	916	906	903	899	892	868	865	864	856	847	837	816	811	806	805	800	787	772	767	763	754	748	728	716	696	693	683	665	660	646	643	638	630	610	594	591	581	567	566	550	539	530	527	522	515	514	502	500	1	1	1	1	1	1	1	1	1	1	1	1	1	1	1	1	1	1	1	1	1	1	1	1	1	1	1	1	1	1	1	2	1	1	1	1	1	1	1	2	1	1	1	1	2	1	1	1	2	1	1	1	1	1	1	1
56	3000	999	989	968	967	951	896	893	890	883	874	872	862	859	849	847	843	835	831	826	821	820	813	809	805	798	797	793	790	789	781	780	777	774	769	760	745	732	727	689	678	673	672	671	651	646	627	625	615	599	596	592	555	550	533	514	509	1	1	1	1	1	1	1	1	1	1	1	2	1	1	1	1	1	1	1	1	1	1	1	1	1	1	1	1	1	1	1	1	1	2	1	1	1	1	1	1	1	1	1	1	1	1	1	1	2	1	1	1	1	2	1	1
