10
54	3000	993	962	926	915	895	830	809	803	796	788	785	781	772	768	757	750	741	729	718	702	682	670	649	645	635	634	619	618	611	533	531	524	520	500	496	484	476	472	461	459	438	429	423	412	402	384	363	361	346	318	313	300	293	245	1	1	1	2	1	1	1	3	1	2	1	1	1	1	1	1	1	1	1	1	1	1	2	2	1	1	1	1	1	1	1	1	1	1	1	1	1	1	1	1	1	1	1	1	1	1	1	1	1	1	1	1	1	1
59	3000	991	990	984	980	973	947	883	873	872	864	832	831	824	807	801	789	752	748	747	722	717	709	706	703	697	690	612	568	561	559	553	532	527	526	523	521	519	515	479	467	463	457	456	441	437	390	388	384	368	320	319	310	283	273	247	231	229	218	204	1	1	1	1	1	1	1	1	1	1	1	1	1	1	1	1	1	1	1	1	1	1	1	1	1	1	1	1	1	1	1	1	1	1	1	1	1	2	1	1	1	1	1	1	1	1	1	1	1	1	1	1	1	1	1	1	1	1	1
58	3000	987	966	924	923	919	910	907	905	810	803	792	787	765	763	757	748	744	741	720	719	716	704	687	680	672	631	621	609	597	582	566	558	533	481	480	468	467	461	452	444	443	434	421	413	400	394	393	388	361	352	331	325	291	289	240	234	208	205	1	1	1	1	1	1	1	1	1	1	1	1	1	1	1	1	1	1	1	1	1	2	1	1	1	1	1	1	1	1	1	1	1	1	1	1	1	1	2	1	1	1	1	1	1	1	1	1	1	1	1	1	1	1	1	1	1	1
56	3000	997	975	964	950	931	929	917	891	882	851	830	793	787	777	766	763	750	740	730	721	707	699	697	688	635	609	608	578	577	543	526	509	500	498	495	491	487	479	449	447	439	406	394	382	367	345	334	328	317	313	278	243	227	225	217	213	2	1	1	1	1	1	1	1	1	1	1	1	1	1	1	1	1	1	1	1	1	1	1	1	1	1	1	1	1	1	1	1	1	1	1	1	1	2	2	1	1	1	1	1	1	2	1	1	1	1	1	1	1	1	1	1
59	3000	994	988	973	949	930	928	926	906	901	897	884	883	875	868	851	839	838	820	817	796	779	768	766	742	741	714	709	677	660	639	586	558	526	488	477	468	439	432	431	429	417	396	383	381	371	329	315	306	304	300	290	268	265	261	247	241	239	222	204	1	1	1	1	1	1	1	1	1	1	1	1	1	1	1	1	1	1	1	1	1	1	1	1	1	1	1	1	1	1	1	1	1	2	1	1	1	1	1	1	1	1	1	1	1	1	1	1	1	1	1	1	1	1	1	1	1	1	1
58	3000	989	985	965	939	920	907	900	859	858	853	846	837	818	808	803	798	790	782	770	759	758	750	741	728	723	716	672	671	663	661	638	620	587	564	562	557	550	546	541	537	534	533	518	504	484	474	419	402	395	389	383	358	321	312	280	274	222	215	1	1	1	1	1	1	1	1	1	1	2	1	2	1	1	1	1	1	1	1	1	1	1	1	1	1	1	1	1	1	1	1	1	1	1	1	1	1	1	1	1	1	1	1	1	1	1	1	1	1	1	1	1	1	1	1	1	1
58	3000	974	944	922	917	906	881	866	841	836	822	814	808	772	742	734	729	728	727	713	711	699	695	679	674	673	653	631	613	599	597	593	584	580	569	568	552	539	531	529	504	473	458	451	449	445	444	434	397	379	374	348	347	344	343	272	251	209	207	1	1	1	1	1	1	1	1	1	1	1	2	1	1	1	1	1	1	1	1	1	1	1	1	1	1	1	1	1	1	1	1	1	1	1	1	2	1	1	1	1	1	1	1	1	1	1	1	1	1	1	1	1	1	1	1	1	1
58	3000	991	963	954	949	923	916	915	905	885	884	878	877	876	874	863	837	820	815	781	774	756	755	748	742	732	731	721	720	709	675	669	665	653	641	618	575	573	561	541	488	485	474	459	457	423	377	371	360	340	302	285	283	277	264	253	250	249	225	1	1	2	1	1	1	1	1	1	1	1	1	1	1	2	1	1	1	1	1	1	1	1	1	1	1	1	1	1	1	1	1	1	1	1	1	1	1	1	1	1	1	1	1	1	1	1	1	1	1	1	1	1	1	1	1	1	1
57	3000	999	973	961	958	946	873	867	846	841	835	807	803	788	787	737	729	717	714	686	681	675	673	672	641	638	611	606	605	603	598	583	571	570	560	552	550	521	510	492	476	470	461	443	437	426	419	416	383	358	336	327	291	276	271	251	237	205	1	1	1	1	1	1	1	1	1	1	1	1	1	1	1	1	1	1	1	1	1	2	1	2	1	1	1	1	1	1	1	1	1	1	1	1	1	1	1	1	1	1	1	1	1	1	1	1	1	1	1	1	1	1	2	1	1
57	3000	989	988	953	952	930	902	900	897	885	851	838	832	822	809	802	798	789	768	762	757	750	747	737	732	731	730	728	721	715	698	693	645	612	588	555	543	537	532	524	518	514	484	437	431	380	367	345	334	331	323	322	298	290	276	231	230	219	1	1	2	1	1	1	1	1	1	1	1	1	1	1	1	1	1	1	1	1	1	1	1	1	1	1	2	1	1	1	1	1	1	1	1	1	2	1	1	1	1	1	1	1	1	1	1	1	1	1	1	1	1	1	1	1	1
