10
56	4000	991	987	982	975	971	967	963	961	958	940	937	919	911	909	890	871	862	861	841	835	826	824	823	811	807	778	770	763	762	760	753	740	739	736	731	706	704	696	686	673	648	630	615	613	600	579	578	577	573	559	558	554	550	520	518	502	1	1	1	1	1	1	1	1	1	1	1	1	1	1	1	1	1	1	1	2	1	1	1	1	1	1	1	2	1	1	1	1	1	1	1	1	1	1	1	1	1	1	1	1	1	1	2	1	2	1	1	1	1	1	1	1
58	4000	997	995	994	993	983	973	961	945	939	933	932	931	911	904	895	878	877	848	838	835	831	826	819	816	802	801	787	771	750	749	729	709	705	692	688	676	670	669	658	652	650	646	629	620	607	606	594	587	577	573	571	570	542	540	534	531	510	503	1	1	1	1	1	1	1	1	1	1	1	1	1	1	1	1	1	1	1	1	1	1	1	1	1	1	1	1	2	1	1	1	1	1	1	1	1	1	1	1	1	1	1	1	1	1	1	1	1	1	2	1	1	1	1	1	1	1
56	4000	995	988	987	980	975	972	962	935	934	925	923	911	892	887	878	867	861	842	835	832	831	828	820	808	799	797	776	775	772	771	752	751	741	738	701	695	692	670	667	663	649	644	638	634	628	623	620	607	597	581	580	579	563	554	529	522	1	1	2	1	1	2	1	1	2	1	1	1	1	1	1	1	1	1	1	1	1	1	1	1	1	1	1	1	1	1	1	1	1	1	1	1	1	1	1	1	1	1	2	1	1	1	1	1	1	1	1	1	1	1	1	1
55	4000	993	981	969	966	964	957	935	934	932	912	896	885	876	864	860	858	848	844	835	825	823	811	790	785	765	758	756	733	725	724	715	706	705	704	694	693	690	666	651	650	647	646	634	568	564	558	555	551	548	536	528	522	513	510	507	1	1	1	1	1	1	1	1	1	1	1	1	1	1	1	1	1	1	1	1	3	1	1	1	1	1	1	1	1	1	1	1	1	2	1	1	1	1	2	1	1	1	1	1	1	1	1	1	1	1	1	2	1	1	1
60	4000	999	998	995	984	974	965	962	947	945	942	941	934	907	901	891	879	868	863	860	858	855	852	842	836	828	827	813	808	800	795	793	764	761	751	734	724	712	702	693	670	652	628	619	610	609	587	584	577	567	566	565	561	559	551	541	529	510	509	508	501	1	1	1	1	1	1	1	1	1	1	1	1	1	1	1	1	1	1	1	1	1	1	1	1	1	1	1	1	1	1	1	1	1	1	1	1	1	1	1	1	1	1	1	1	1	1	1	1	1	1	1	1	1	1	1	1	1	1	1	1
58	4000	994	990	978	976	974	959	949	947	946	940	926	911	903	902	900	886	877	874	868	853	848	836	827	813	808	807	805	802	796	791	784	776	756	752	739	727	723	711	703	684	677	666	656	646	644	641	638	633	628	604	603	584	544	540	528	523	520	514	1	1	1	1	1	1	1	1	1	1	1	1	1	1	1	1	2	1	2	1	1	1	1	1	1	1	1	1	1	1	1	1	1	1	1	1	1	1	1	1	1	1	1	1	1	1	1	1	1	1	1	1	1	1	1	1	1	1
57	4000	992	972	965	962	957	951	942	937	933	928	922	921	910	909	906	881	848	847	839	830	793	790	786	762	757	751	741	723	704	699	697	696	692	686	681	680	677	672	671	665	662	650	645	643	633	613	606	605	599	585	576	569	551	531	526	520	503	1	1	1	1	1	1	1	2	1	1	1	1	1	1	1	1	2	1	1	1	1	1	1	1	1	1	1	1	1	1	1	1	1	1	1	1	1	1	1	1	1	1	1	1	1	1	1	1	1	1	1	1	1	2	1	1	1
54	4000	996	993	976	945	944	938	936	931	923	901	888	862	858	856	840	826	812	801	797	789	767	766	764	762	735	734	729	721	718	713	705	698	696	695	690	682	681	671	670	649	626	617	604	589	588	581	575	574	561	545	542	541	536	504	1	1	1	1	1	1	1	3	1	1	1	1	1	1	1	1	1	1	1	2	1	1	1	1	1	1	1	1	2	1	1	1	1	1	2	1	1	1	1	1	2	1	1	1	1	1	1	1	1	1	1	1	1	1
55	4000	959	955	953	948	937	906	904	900	897	890	883	874	872	869	865	858	845	834	831	818	810	790	784	780	765	736	734	727	719	705	698	692	676	672	653	645	628	627	625	620	599	593	592	591	579	575	569	568	561	549	544	536	532	521	503	1	1	1	1	1	1	1	2	1	1	1	1	1	1	2	1	1	1	1	1	1	1	1	1	1	1	1	1	1	3	1	1	1	1	1	1	1	1	1	1	1	1	1	1	1	1	1	1	1	1	2	1	1	1	1
58	4000	995	993	985	980	972	954	949	946	920	918	909	900	895	892	872	865	859	855	842	835	824	817	789	771	761	747	743	738	734	725	714	708	706	682	678	672	668	666	663	639	635	634	616	611	587	581	576	575	573	544	539	529	527	524	520	516	513	503	1	1	2	1	1	1	2	1	1	1	1	1	1	1	1	1	1	1	1	1	1	1	1	1	1	1	1	1	1	1	1	1	1	1	1	1	1	1	1	1	1	1	1	1	1	1	1	1	1	1	1	1	1	1	1	1	1	1
