10
58	4000	984	977	956	940	929	907	900	892	885	870	862	836	823	807	787	763	732	725	718	717	715	709	691	680	678	669	658	657	644	633	596	582	565	544	534	529	484	422	406	404	402	389	365	351	346	341	335	311	300	289	252	238	232	212	209	206	205	202	1	1	1	1	1	1	1	1	1	1	1	1	1	1	1	1	1	1	1	1	1	1	1	1	1	1	1	1	1	1	1	1	1	1	1	1	1	1	1	1	2	1	1	1	1	1	1	1	2	1	1	1	1	1	1	1	1	1
59	4000	997	954	952	899	892	888	881	880	879	876	871	861	839	835	834	825	809	808	806	789	776	687	672	662	656	651	638	626	612	580	560	546	544	542	515	502	483	481	480	477	470	469	456	424	402	401	398	396	363	346	330	321	274	261	236	233	230	224	221	1	1	1	1	1	1	1	1	1	1	1	1	1	1	1	1	1	1	1	1	1	2	1	1	1	1	1	1	1	1	1	1	1	1	1	1	1	1	1	1	1	1	1	1	1	1	1	1	1	1	1	1	1	1	1	1	1	1	1
57	4000	995	987	980	950	932	928	925	910	894	892	888	879	849	835	814	808	787	781	780	768	765	751	739	724	706	705	700	699	698	679	604	597	587	577	575	560	552	551	550	486	480	464	458	439	376	355	354	352	336	332	319	312	283	270	265	222	219	1	1	1	1	1	1	1	1	1	1	1	2	1	1	1	1	1	1	1	2	1	1	1	1	1	1	1	1	1	1	1	1	1	1	1	1	1	1	1	1	1	1	1	1	1	1	1	1	1	1	1	1	2	1	1	1	1
58	4000	995	970	958	941	911	910	898	894	882	880	877	874	859	858	849	827	810	791	778	777	769	767	761	758	755	735	729	682	674	658	615	575	543	531	530	504	482	473	441	437	434	428	389	383	372	365	358	355	333	332	305	302	296	265	223	215	204	202	1	1	1	1	1	1	1	1	1	1	1	1	1	1	1	1	1	1	1	1	1	1	1	1	1	1	1	2	1	1	1	1	1	1	1	1	1	1	1	1	1	1	1	1	1	2	1	1	1	1	1	1	1	1	1	1	1	1
58	4000	971	962	944	943	941	939	929	922	920	907	903	900	897	892	887	886	825	816	803	802	797	790	788	768	737	699	696	684	643	636	628	624	572	569	561	560	557	540	530	520	503	499	494	467	455	399	398	395	394	382	360	327	297	281	267	261	219	214	1	1	1	1	1	1	1	1	1	1	2	1	1	1	1	1	1	1	1	1	1	1	1	1	1	1	1	1	1	1	1	1	1	1	1	1	1	1	2	1	1	1	1	1	1	1	1	1	1	1	1	1	1	1	1	1	1	1
57	4000	925	890	871	850	848	847	843	842	839	822	819	797	796	788	776	729	710	703	699	698	677	674	672	661	651	634	632	628	627	614	602	601	597	594	570	563	554	535	530	491	486	477	454	448	435	385	369	349	346	342	328	323	306	297	288	259	203	2	1	1	1	1	1	1	1	1	1	1	1	1	1	1	1	1	1	1	1	1	1	1	1	1	1	1	1	1	1	1	1	1	1	1	1	1	1	1	2	1	1	1	1	1	1	1	1	1	1	1	2	1	1	1	1	1
59	4000	986	984	982	981	973	969	957	932	927	920	883	878	871	870	792	790	780	768	763	752	738	735	730	722	718	717	675	666	647	630	623	602	586	577	575	561	542	521	508	440	439	434	431	411	401	399	386	379	373	366	324	323	314	297	272	271	255	205	201	1	1	1	1	1	1	1	1	1	1	1	1	1	1	1	1	1	1	1	1	1	1	1	1	1	1	1	1	1	1	1	1	1	1	1	1	1	1	1	1	1	1	1	1	1	1	1	1	2	1	1	1	1	1	1	1	1	1	1
60	4000	999	985	977	965	959	947	937	928	924	921	910	909	903	888	861	800	792	785	774	755	741	737	724	710	693	688	664	653	636	624	612	610	602	593	585	563	537	531	518	476	467	456	442	401	366	335	323	315	308	290	287	286	265	257	254	247	241	236	224	220	1	1	1	1	1	1	1	1	1	1	1	1	1	1	1	1	1	1	1	1	1	1	1	1	1	1	1	1	1	1	1	1	1	1	1	1	1	1	1	1	1	1	1	1	1	1	1	1	1	1	1	1	1	1	1	1	1	1	1	1
59	4000	985	962	959	939	928	915	893	878	845	837	836	812	800	793	778	755	741	737	732	726	709	704	667	664	657	625	622	605	594	571	552	526	515	511	503	495	485	478	468	448	446	444	424	414	403	395	392	388	373	352	342	314	302	295	273	232	211	207	206	1	1	1	1	1	1	1	1	1	1	1	1	1	1	1	1	1	1	1	1	1	1	1	1	1	1	1	1	1	1	1	1	1	1	1	1	1	1	1	1	1	1	1	1	1	1	1	1	1	1	1	1	1	1	1	2	1	1	1
57	4000	995	989	988	975	974	932	922	920	908	887	880	875	868	858	839	836	826	793	776	765	747	744	701	678	657	646	625	624	619	573	559	551	543	518	513	495	475	460	443	435	434	429	398	390	389	387	386	365	362	355	324	298	291	268	255	252	234	1	1	1	1	1	1	1	1	1	1	1	1	1	1	1	1	2	2	1	1	1	1	1	1	1	1	1	1	1	1	1	1	1	1	1	1	1	1	1	1	1	1	1	1	1	1	1	1	1	1	1	1	1	1	2	1	1
