10
54	5000	993	979	977	975	968	941	928	906	901	898	897	890	872	868	858	828	823	818	802	797	794	788	786	766	763	758	757	750	749	745	732	714	710	699	693	675	674	670	659	657	640	635	618	612	611	591	579	578	572	559	556	555	539	504	1	1	1	1	1	1	1	1	1	2	1	1	1	1	2	1	1	1	2	1	1	1	1	1	1	1	1	1	2	1	1	1	1	1	1	1	2	1	1	1	1	1	1	1	1	1	1	1	1	1	2	1	1	1
53	5000	979	972	964	962	949	941	937	935	929	926	908	894	884	882	881	877	873	870	841	830	820	782	773	769	766	762	761	746	737	708	697	678	664	662	655	650	649	644	643	634	630	619	611	554	551	550	549	547	545	539	530	528	516	1	1	1	1	1	1	2	1	1	1	1	2	2	1	1	1	1	3	1	1	1	1	1	1	1	1	1	1	1	1	1	1	1	1	1	2	1	2	1	1	1	1	1	1	1	1	1	1	1	1	1	1	1
57	5000	999	974	973	972	964	956	945	931	924	920	909	897	893	880	879	862	851	845	844	839	828	823	817	808	801	794	770	763	761	756	743	730	723	711	707	697	694	690	679	677	674	663	651	646	637	620	605	594	592	590	589	541	532	526	521	518	512	1	1	1	1	3	1	1	1	1	1	1	1	1	1	1	1	1	1	1	1	1	1	1	1	1	1	1	1	1	1	1	1	1	1	1	1	1	1	2	1	1	1	1	1	1	1	1	1	1	1	1	1	1	1	1	1	1
58	5000	994	991	975	966	964	959	946	936	928	918	905	901	893	883	881	866	853	841	819	808	805	800	798	793	786	782	759	755	753	738	731	720	714	695	689	688	680	679	677	671	665	659	655	654	648	643	625	605	596	594	578	577	576	562	560	529	521	501	1	1	1	1	2	1	1	1	1	1	1	1	1	1	1	1	1	1	1	1	1	1	1	1	1	1	1	1	1	1	1	1	1	1	1	1	1	1	1	1	1	1	1	1	1	1	1	1	1	1	1	1	1	2	1	1	1	1
56	5000	999	998	996	995	994	989	987	962	949	937	932	928	925	924	913	892	884	860	856	834	832	830	824	812	806	785	769	758	746	733	721	699	694	690	689	669	656	650	648	646	640	629	628	625	603	600	593	592	588	583	575	557	522	521	519	507	1	1	1	1	1	1	1	1	1	1	1	1	2	1	1	1	1	1	2	1	1	2	1	1	1	1	2	1	1	1	1	1	1	1	1	1	1	1	1	1	1	1	1	1	1	1	1	1	1	1	1	1	1	1	1	1
59	5000	996	957	929	917	900	897	895	885	875	874	871	866	851	845	842	840	839	838	836	815	807	799	769	753	752	728	724	723	719	716	705	701	696	694	692	687	681	643	637	633	625	617	612	603	599	594	588	583	581	575	561	549	534	529	526	523	511	508	507	1	1	1	1	1	1	1	2	1	1	1	1	1	1	1	1	1	1	1	1	1	1	1	1	1	1	1	1	1	1	1	1	1	1	1	1	1	1	1	1	1	1	1	1	1	1	1	1	1	1	1	1	1	1	1	1	1	1	1
58	5000	986	985	969	967	962	961	958	949	930	911	909	905	904	900	892	878	877	873	871	869	861	860	841	838	823	819	807	772	722	718	715	694	676	672	669	664	655	649	621	616	613	611	609	603	597	585	582	576	570	547	540	538	534	526	525	522	516	504	1	1	1	1	1	1	1	1	1	1	1	1	1	1	1	1	1	2	2	1	1	1	1	1	1	1	1	1	1	1	1	1	1	1	1	1	1	1	1	1	1	1	1	1	1	1	1	1	1	1	1	1	1	1	1	1	1	1
57	5000	997	976	967	966	960	959	951	945	942	938	936	933	926	919	902	882	872	863	858	853	822	819	815	786	781	769	767	761	759	756	751	745	741	732	731	726	721	719	713	703	695	683	672	664	638	628	616	612	604	594	585	557	553	549	541	516	503	1	1	1	1	1	1	2	1	1	1	1	1	1	1	1	1	1	1	1	1	2	1	1	1	1	1	1	1	1	1	2	1	1	1	1	1	1	1	1	1	1	1	1	1	1	1	1	1	1	1	1	1	1	1	1	1	1
57	5000	988	962	961	959	952	914	910	902	901	898	892	872	871	867	866	865	864	841	834	828	822	819	791	788	784	781	779	772	762	761	759	749	713	711	695	694	685	658	651	644	636	625	608	595	590	587	583	578	574	570	568	563	560	551	539	535	522	1	1	1	1	1	1	1	1	1	1	1	1	1	1	1	1	1	1	1	2	1	1	1	1	1	1	1	1	1	1	1	1	1	1	1	1	1	1	1	1	2	2	1	1	1	1	1	1	1	1	1	1	1	1	1	1	1
59	5000	973	972	970	954	950	919	906	903	902	900	899	889	888	885	867	861	859	839	837	811	810	805	788	779	776	765	763	759	753	749	745	737	734	726	724	715	714	709	707	703	698	686	684	678	670	663	657	654	644	638	637	631	595	588	582	574	548	543	512	1	1	1	1	1	1	1	1	1	1	1	1	1	1	1	1	1	1	1	1	1	1	1	1	1	1	1	1	1	1	1	1	1	1	1	1	1	1	1	1	1	1	1	1	1	1	2	1	1	1	1	1	1	1	1	1	1	1	1
