10
57	5000	986	973	972	963	959	957	944	928	927	913	904	899	891	876	866	838	821	783	765	760	736	726	694	642	633	619	601	583	572	562	560	559	554	545	504	490	453	451	441	439	428	426	414	394	391	385	371	315	312	287	277	270	267	264	249	222	208	1	2	1	1	1	1	1	1	1	1	1	1	1	1	1	1	1	1	1	1	1	1	1	1	1	1	1	1	1	1	1	1	1	1	1	1	1	1	1	1	1	1	1	1	1	2	1	1	1	1	1	1	2	1	1	1	1
57	5000	955	951	922	917	915	900	897	887	883	879	873	870	868	859	845	838	785	749	712	706	680	677	671	664	648	644	643	630	621	589	576	555	532	524	519	496	474	453	450	433	411	379	357	353	332	320	318	316	281	253	249	243	240	236	219	211	210	1	1	1	1	2	1	1	1	1	1	1	1	1	1	1	1	1	1	1	1	1	1	1	1	1	1	1	1	1	1	1	1	1	1	1	2	1	1	1	2	1	1	1	1	1	1	1	1	1	1	1	1	1	1	1	1	1
57	5000	948	928	918	887	853	850	843	827	814	813	812	811	800	792	757	723	722	695	690	687	686	679	662	638	636	621	616	614	603	599	592	572	505	477	435	430	426	421	410	386	377	376	374	372	343	322	318	317	305	304	294	292	269	266	251	204	201	1	2	1	1	1	1	1	1	1	1	1	1	1	2	1	1	1	1	1	1	1	1	1	1	1	1	1	1	1	1	1	1	1	1	1	1	1	1	1	1	1	1	1	1	1	1	1	1	1	1	1	1	1	1	1	1	2
57	5000	999	974	947	921	912	911	907	857	854	848	806	789	786	785	774	763	737	731	721	718	712	708	702	700	682	646	633	622	606	586	579	566	558	546	484	477	433	424	422	402	395	390	386	333	330	322	309	284	280	276	274	273	268	246	242	207	206	1	1	1	1	1	1	1	1	1	1	1	1	1	1	1	1	1	1	1	1	1	1	1	1	1	1	1	1	1	1	1	1	1	1	1	1	1	1	1	1	1	1	2	1	1	1	1	1	1	1	2	1	1	1	1	1	2
58	5000	971	963	959	939	936	931	926	921	914	907	897	888	876	861	846	832	827	826	812	778	753	748	743	730	713	709	696	688	628	591	588	548	532	513	502	501	444	433	421	402	391	375	358	351	342	339	322	317	304	286	269	264	259	252	251	233	209	208	1	1	1	1	1	1	1	1	1	1	1	1	1	1	1	1	1	1	1	1	1	1	1	1	1	1	1	1	1	1	1	1	1	2	1	1	1	1	1	1	1	1	1	1	1	1	1	1	1	1	1	1	1	2	1	1	1	1
59	5000	956	947	945	937	933	931	930	926	918	879	876	827	820	805	800	765	764	740	712	694	681	666	658	644	639	635	631	623	601	590	578	534	527	525	518	455	454	426	424	422	417	415	408	407	397	395	391	390	387	334	327	326	323	300	247	243	225	221	220	1	1	1	2	1	1	1	1	1	1	1	1	1	1	1	1	1	1	1	1	1	1	1	1	1	1	1	1	1	1	1	1	1	1	1	1	1	1	1	1	1	1	1	1	1	1	1	1	1	1	1	1	1	1	1	1	1	1	1
59	5000	997	988	937	934	929	913	898	884	882	880	871	852	839	830	764	762	736	730	721	712	692	653	640	612	609	606	588	567	555	549	545	502	495	488	483	464	432	411	396	389	378	362	349	345	343	341	326	322	297	282	281	268	259	258	257	252	245	232	215	1	1	1	1	1	1	1	1	1	1	1	1	1	1	1	1	1	1	1	1	1	1	1	1	1	1	1	1	1	1	1	1	1	1	1	1	1	1	1	1	1	2	1	1	1	1	1	1	1	1	1	1	1	1	1	1	1	1	1
59	5000	957	954	937	926	914	910	906	895	881	850	819	790	776	739	735	723	714	674	667	653	637	634	616	611	587	579	562	556	551	550	515	503	502	479	465	447	433	431	429	400	387	383	335	334	317	299	297	296	293	271	268	266	262	259	257	251	236	220	200	1	1	1	1	1	1	1	1	1	1	1	1	1	1	1	2	1	1	1	1	1	1	1	1	1	1	1	1	1	1	1	1	1	1	1	1	1	1	1	1	1	1	1	1	1	1	1	1	1	1	1	1	1	1	1	1	1	1	1
59	5000	952	948	917	899	889	872	851	833	823	810	808	777	770	768	766	759	758	749	747	739	738	707	703	693	687	669	666	665	623	622	613	608	596	579	571	569	560	553	541	530	498	492	483	462	424	410	357	348	334	296	288	282	280	258	255	234	223	211	201	1	1	1	1	1	1	1	1	1	1	1	1	1	1	1	1	1	1	1	1	1	1	1	1	1	1	1	1	1	1	1	1	1	1	1	1	1	1	1	1	1	1	1	1	1	1	1	1	1	1	1	1	1	1	1	1	2	1	1
57	5000	999	910	904	870	852	826	815	810	809	791	788	740	736	714	713	709	701	672	663	660	645	642	639	629	626	622	555	528	513	482	478	461	443	435	416	410	408	407	377	373	362	353	335	330	325	322	302	290	269	267	261	259	242	222	216	201	200	1	1	1	1	1	1	1	1	1	1	1	1	1	1	1	1	1	1	1	1	1	1	1	1	1	1	1	1	1	1	1	1	1	1	1	1	2	1	1	1	1	2	1	1	1	1	1	1	2	1	1	1	1	1	1	1	1
