10
76	1200	995	986	983	977	895	891	885	869	839	828	789	777	774	771	759	750	741	731	718	709	708	707	706	691	683	675	669	610	593	588	584	583	572	535	518	502	499	494	481	479	477	472	465	463	457	409	408	395	385	369	365	354	353	328	321	318	315	293	270	255	241	223	216	210	205	166	121	113	95	91	62	59	38	33	26	22	1	1	1	1	1	1	1	1	1	1	2	1	1	1	1	1	1	1	1	1	1	2	2	1	1	1	1	1	1	1	1	1	1	1	1	1	1	1	1	1	1	1	1	1	1	1	1	2	1	1	1	1	1	1	1	1	1	1	1	1	1	1	1	1	1	1	1	1	1	1	1	1	1	1	1	1
74	1200	977	954	949	948	915	906	896	888	883	867	865	835	816	811	778	777	772	756	724	720	705	702	701	693	686	671	663	627	623	599	587	574	567	550	533	527	511	503	501	457	443	424	423	403	378	374	366	322	314	313	275	258	253	250	234	213	211	206	200	188	186	178	133	130	123	110	107	86	76	65	61	60	22	17	1	2	1	1	1	1	1	1	1	1	1	1	1	1	1	1	1	1	1	1	1	1	1	1	1	1	1	1	1	1	1	1	1	1	1	1	1	2	1	1	1	1	1	1	2	1	1	1	1	2	1	1	1	1	2	1	1	1	1	1	1	1	1	1	1	1	1	1	1	2	1	1	1	1
78	1200	971	959	954	938	934	917	890	884	867	859	858	857	846	834	813	804	803	795	783	777	768	727	715	712	711	703	675	653	646	628	613	607	605	593	589	587	586	569	525	515	504	465	460	455	454	447	438	429	425	419	377	369	350	342	328	298	290	279	260	258	249	246	242	240	182	163	157	129	122	110	102	97	84	77	72	67	7	6	1	1	1	1	1	2	1	1	1	1	1	1	1	1	1	1	1	1	1	1	1	1	1	1	1	1	1	1	1	1	1	1	1	1	1	1	1	1	2	1	1	1	1	1	1	1	1	1	1	1	1	1	1	1	1	1	1	1	1	1	1	1	1	1	1	1	1	1	1	1	1	1	1	1	1	1	1	1
76	1200	998	982	967	931	921	915	888	859	805	798	794	792	779	775	769	751	745	740	732	715	702	699	689	688	683	682	680	666	661	653	633	631	619	613	605	601	549	525	521	513	500	488	445	410	409	394	390	373	368	341	335	331	317	302	277	274	271	269	240	223	201	193	186	180	178	148	139	115	102	87	85	77	45	22	13	12	1	1	1	1	1	1	1	1	1	1	1	1	1	1	1	1	1	1	1	1	1	1	1	1	1	1	1	1	1	1	1	1	1	1	1	1	1	1	1	1	1	1	1	2	1	1	1	1	1	2	1	2	1	1	1	1	1	1	1	1	1	1	1	1	1	1	1	1	1	1	1	1	1	1	2	1
74	1200	996	995	991	951	944	932	918	906	905	898	869	835	818	813	811	765	748	731	722	719	706	683	675	674	654	649	647	625	622	619	616	607	591	590	583	580	565	539	534	522	516	492	463	453	378	377	372	365	358	335	333	325	323	321	309	273	251	234	210	209	195	185	182	179	176	164	159	130	129	121	119	71	40	13	1	1	1	1	1	1	1	1	1	1	1	1	1	1	1	1	1	1	1	1	1	1	1	1	1	1	2	1	1	1	2	1	1	1	1	2	1	1	1	1	1	1	1	1	2	1	1	1	1	1	1	1	1	1	1	1	2	1	1	2	1	1	1	1	1	1	1	1	1	1	1	1	1	1
79	1200	999	981	963	959	944	917	916	910	908	901	867	861	837	834	825	816	782	778	753	749	748	745	727	721	715	680	673	650	648	638	634	569	550	542	529	505	492	485	482	476	473	471	467	460	445	441	437	436	414	388	374	361	359	331	320	315	307	298	296	292	291	288	277	272	271	240	202	192	99	94	84	81	80	58	46	45	36	19	12	1	1	1	1	1	1	1	1	1	1	1	1	1	1	1	1	2	1	1	1	1	1	1	1	1	1	1	1	1	1	1	1	1	1	1	1	1	1	1	1	1	1	1	1	1	1	1	1	1	1	1	1	1	1	1	1	1	1	1	1	1	1	1	1	1	1	1	1	1	1	1	1	1	1	1	1	1	1	1
79	1200	998	992	990	962	946	942	933	898	896	893	883	856	841	817	807	800	798	790	789	774	754	726	701	684	665	658	655	653	628	625	619	616	599	591	582	579	558	556	538	536	529	525	521	517	505	484	471	459	458	439	435	389	386	367	359	354	349	345	339	328	309	294	290	259	235	206	205	195	158	154	130	125	98	84	70	62	56	22	21	1	1	1	1	1	1	1	1	1	1	1	1	1	1	1	1	1	1	1	1	1	1	1	1	1	1	1	1	1	1	1	1	1	1	1	1	1	1	1	1	1	1	1	1	1	1	1	1	1	1	1	1	1	1	1	1	1	1	1	2	1	1	1	1	1	1	1	1	1	1	1	1	1	1	1	1	1	1	1
77	1200	962	924	912	882	876	872	856	855	846	817	813	811	802	767	766	740	714	713	699	687	665	662	660	650	649	640	639	614	609	597	575	569	562	552	540	539	510	509	507	492	478	474	465	458	453	442	414	402	393	388	384	373	369	292	289	286	276	262	255	240	225	209	201	192	181	180	166	156	154	111	91	83	63	62	36	18	10	1	1	1	1	1	1	1	1	1	1	1	1	1	1	1	1	1	1	1	1	1	1	1	1	1	1	1	1	1	1	1	1	1	1	1	1	1	1	1	1	1	1	1	1	1	1	1	1	1	2	1	1	1	1	2	1	1	1	1	1	1	1	1	1	1	1	1	1	1	2	1	1	1	1	1	1	1
76	1200	987	948	936	933	932	903	860	843	786	776	769	768	743	741	720	713	695	677	668	645	638	607	604	573	540	539	501	482	472	465	463	462	453	437	433	424	402	401	394	379	378	373	360	345	341	328	309	308	302	294	291	278	272	267	259	217	183	165	156	155	129	128	127	125	98	89	87	85	82	78	69	41	25	22	18	3	1	1	1	1	1	1	1	1	1	1	1	1	1	1	1	1	1	1	1	1	1	1	1	1	1	1	2	1	1	1	1	1	1	2	1	1	1	1	1	1	1	1	1	1	1	1	1	2	2	1	1	1	1	1	1	1	1	1	1	1	1	1	1	1	1	1	1	1	1	1	1	1	1	1	1	1
78	1200	999	991	990	985	980	977	970	955	935	928	893	886	869	860	845	840	793	789	780	773	762	752	744	743	719	713	698	688	685	683	666	653	638	637	610	606	590	549	544	514	508	481	473	470	467	450	430	409	408	406	397	393	375	369	364	356	330	295	275	268	240	233	210	208	192	181	146	141	136	127	77	76	72	69	68	65	64	35	1	1	1	1	1	1	1	1	1	1	1	1	1	1	1	1	1	1	1	1	1	1	1	1	1	1	1	1	1	2	1	1	1	1	1	1	1	1	1	1	1	1	1	1	1	1	1	1	1	1	1	1	1	1	1	1	1	1	1	1	1	1	1	1	1	1	1	1	1	1	1	1	1	1	1	2	1	1
