10
76	1200	992	983	982	936	932	930	919	908	889	877	868	858	849	836	814	811	775	759	746	745	737	736	734	729	727	721	709	693	667	660	648	623	615	570	557	554	553	541	521	518	509	498	493	491	483	475	465	451	450	444	430	421	413	411	406	405	404	400	394	382	369	368	355	333	323	302	296	295	269	264	263	259	250	244	233	201	1	1	1	1	1	1	1	1	1	1	1	1	1	1	1	1	1	1	1	1	2	1	1	1	1	2	1	1	1	1	1	1	1	1	1	1	1	1	1	1	1	1	1	1	1	1	1	1	1	1	1	2	1	1	1	1	1	1	1	1	1	1	1	1	1	1	1	1	2	1	1	1	1	1	1	1
74	1200	947	928	912	910	907	906	900	875	867	859	848	842	833	830	820	815	813	799	792	789	786	782	778	763	761	739	715	713	675	652	623	620	615	608	591	590	588	587	577	570	561	539	538	523	519	497	494	487	477	470	451	445	407	406	401	400	387	378	372	362	358	349	347	330	316	310	256	245	244	241	237	227	217	211	1	1	1	2	1	1	1	1	1	1	1	1	1	1	1	2	1	1	1	1	1	1	1	2	1	1	1	1	1	1	1	1	1	1	1	1	1	2	1	1	1	1	1	1	1	1	1	1	1	1	1	1	2	1	1	1	1	1	2	1	1	1	1	1	1	1	1	1	1	1	1	1	1	1
78	1200	989	978	975	971	963	961	955	954	948	922	900	875	872	843	837	834	831	830	828	812	806	797	765	745	734	732	729	724	718	713	696	670	666	661	657	638	633	589	582	578	550	549	546	503	498	492	483	470	451	446	441	437	434	433	404	403	391	375	372	364	356	355	349	331	319	304	291	288	284	283	277	275	247	241	232	224	219	214	1	1	1	1	1	1	1	1	1	1	1	1	1	1	1	1	1	1	1	1	1	1	1	1	1	1	1	1	1	1	1	1	1	1	1	1	1	1	1	1	1	1	1	1	1	1	2	1	1	1	1	1	1	1	1	1	1	1	1	1	1	1	1	1	1	1	1	1	2	1	1	1	1	1	1	1	1	1
79	1200	985	960	952	947	940	936	895	891	880	870	857	837	823	821	814	795	793	791	782	767	742	736	720	709	695	691	647	643	641	637	631	628	625	621	610	606	561	553	538	533	524	508	494	491	488	472	470	435	432	428	412	410	396	394	380	377	364	357	354	353	352	335	326	323	313	300	287	284	276	275	271	265	261	257	256	230	210	206	205	1	1	1	1	1	1	1	1	1	1	1	1	1	1	1	1	1	1	1	1	1	1	1	1	1	1	1	1	1	1	2	1	1	1	1	1	1	1	1	1	1	1	1	1	1	1	1	1	1	1	1	1	1	1	1	1	1	1	1	1	1	1	1	1	1	1	1	1	1	1	1	1	1	1	1	1	1	1	1
79	1200	966	943	931	913	904	876	874	869	857	855	854	849	840	831	817	794	777	776	771	751	736	723	713	711	709	684	665	646	634	630	628	625	601	599	592	590	589	583	581	575	566	565	556	546	535	532	530	526	517	515	512	505	497	495	473	455	439	421	414	384	381	359	344	338	326	313	312	311	293	277	276	273	263	220	218	208	204	203	200	1	1	1	1	1	1	1	1	1	1	1	1	1	1	1	1	1	1	1	1	1	1	1	1	1	1	1	1	1	1	1	1	1	1	1	1	1	1	1	1	1	1	1	1	1	2	1	1	1	1	1	1	1	1	1	1	1	1	1	1	1	1	1	1	1	1	1	1	1	1	1	1	1	1	1	1	1	1	1
77	1200	976	972	965	957	956	954	953	952	937	916	886	882	876	873	841	836	830	815	804	791	784	781	766	765	749	746	737	729	722	718	716	707	698	672	668	658	636	633	630	622	614	602	600	592	574	552	540	525	522	510	485	471	465	460	450	449	444	403	399	386	382	380	378	371	367	326	321	303	296	294	285	278	272	232	228	208	202	1	1	1	1	1	1	1	1	1	1	1	1	1	1	1	1	2	1	1	1	1	1	1	1	1	1	1	1	1	1	1	1	1	1	1	1	1	1	1	1	1	1	1	1	1	1	1	1	1	1	1	1	1	1	1	1	2	1	2	1	1	1	1	1	1	1	1	1	1	1	1	1	1	1	1	1	1
73	1200	992	974	959	956	952	939	919	907	896	869	856	851	850	847	842	839	817	814	795	784	770	765	747	742	740	738	735	712	707	702	696	687	675	665	662	639	626	616	608	603	602	591	587	586	576	558	557	538	524	523	519	516	515	506	484	478	454	440	438	404	398	391	390	365	357	352	323	303	262	242	241	237	219	1	1	1	1	1	1	1	1	1	1	1	1	1	1	1	1	2	1	1	1	1	2	1	1	1	1	1	1	1	1	1	1	2	1	1	1	1	1	1	1	1	1	1	1	2	1	1	1	1	1	1	1	1	1	1	1	1	1	1	1	1	1	1	1	2	1	1	1	1	1	2	2	1
78	1200	998	993	983	939	936	933	929	920	918	909	907	855	854	851	815	813	810	800	786	783	777	769	744	742	736	723	721	711	706	704	702	673	661	630	621	596	593	586	577	566	560	551	521	498	491	479	473	469	467	464	444	442	432	421	412	405	388	367	365	356	342	336	332	328	327	312	298	288	286	282	276	274	267	260	251	242	207	204	1	1	1	1	1	1	1	1	1	1	1	1	1	1	1	1	1	1	1	1	1	1	1	1	1	1	1	1	1	1	1	1	1	1	1	1	1	1	1	1	1	1	1	1	1	1	1	1	1	1	1	2	1	1	1	1	1	1	2	1	1	1	1	1	1	1	1	1	1	1	1	1	1	1	1	1	1	1
75	1200	998	980	964	957	956	953	909	888	878	875	866	851	840	818	817	812	811	809	804	800	789	784	778	768	762	761	754	736	704	697	679	674	659	650	638	623	616	615	610	609	593	579	567	559	546	531	530	529	513	503	493	490	484	469	431	410	393	378	345	326	321	311	284	283	280	273	272	268	263	258	236	229	224	215	207	1	1	1	1	1	1	1	1	1	3	2	1	1	1	1	1	1	1	1	1	1	1	1	1	1	1	1	1	1	1	1	1	1	1	1	2	1	1	1	1	1	1	1	1	1	1	1	1	1	1	1	1	1	1	1	1	1	1	2	1	1	1	1	1	1	1	1	1	1	1	1	1	1	1	1
78	1200	991	990	978	977	971	970	927	921	920	917	908	900	888	885	883	858	854	845	840	831	826	799	798	786	779	778	776	773	770	765	752	734	721	712	704	697	686	674	672	666	662	655	610	588	571	563	560	551	531	497	480	477	473	470	452	442	440	438	434	427	419	415	405	397	367	362	352	340	335	317	276	274	268	258	243	223	207	201	1	1	1	1	1	1	1	1	1	1	1	1	1	1	1	1	1	1	1	1	1	1	1	1	1	1	1	1	1	1	1	2	1	1	1	1	1	1	1	1	1	1	1	1	1	1	1	1	1	1	1	1	1	1	1	1	1	1	1	1	1	1	1	1	1	1	1	1	1	1	1	1	1	1	1	2	1	1
