10
75	1500	998	997	984	972	970	957	954	952	940	937	930	928	924	916	915	903	902	900	894	877	876	865	864	862	860	859	855	846	832	829	828	827	814	806	792	789	786	783	782	775	769	762	757	753	742	739	738	724	719	714	695	690	683	676	672	669	654	628	622	618	611	597	590	589	583	579	573	572	541	533	526	521	520	510	506	1	1	1	1	1	1	1	1	1	1	1	1	1	2	1	1	1	1	1	1	1	1	1	1	1	1	1	1	1	1	1	1	1	1	1	1	1	1	1	1	1	1	1	1	1	1	1	1	1	1	1	1	2	1	2	1	1	1	1	2	1	1	1	1	1	1	1	1	1	1	1	1	2	1	1
75	1500	998	997	992	988	980	960	959	948	946	942	933	930	924	900	879	877	873	866	861	857	853	850	848	847	838	835	833	831	816	810	809	799	783	781	779	777	761	748	739	737	734	724	718	716	709	707	703	699	693	690	688	684	667	663	657	656	655	650	646	627	602	599	594	591	578	573	568	563	537	527	523	521	519	514	503	1	1	1	1	1	1	1	2	1	1	1	1	1	1	1	1	1	1	1	1	1	1	1	1	1	2	1	1	1	1	1	1	1	1	2	1	1	2	1	1	1	1	1	1	1	1	1	1	1	1	1	1	1	1	1	1	1	1	1	1	1	1	1	1	1	1	2	1	1	1	1	1	1	1	1
78	1500	999	997	996	995	993	986	983	975	968	938	937	933	923	914	896	892	886	878	873	871	860	858	850	833	824	819	815	812	811	810	807	799	791	776	774	768	750	742	737	731	723	720	713	711	698	696	694	693	689	687	683	680	679	657	653	638	624	618	611	605	597	595	594	586	585	580	569	566	562	561	553	544	526	517	512	511	510	506	1	1	1	1	1	1	1	1	1	1	1	1	2	1	1	1	1	1	1	1	1	1	1	1	1	1	1	1	1	1	1	1	1	1	1	1	1	1	1	1	1	1	1	1	1	1	1	1	1	1	1	1	1	1	1	1	1	1	1	1	1	1	1	1	1	1	1	1	1	1	1	2	1	1	1	1	1	1
73	1500	974	972	967	964	962	956	950	948	947	944	937	932	931	930	921	910	907	906	904	882	879	870	866	852	840	834	831	828	825	813	811	808	806	792	788	783	773	770	769	748	744	741	716	703	700	698	697	691	684	676	672	644	628	619	614	605	580	579	574	569	565	562	559	556	552	546	544	537	529	525	522	510	504	1	1	1	1	1	1	1	1	1	1	1	1	1	1	1	1	1	1	1	1	1	1	1	1	1	1	2	1	1	1	2	1	1	1	1	1	1	3	1	2	1	1	1	1	1	1	1	1	1	1	1	1	1	1	1	1	1	1	1	1	1	2	1	1	1	1	1	1	2	1	1	1	1
75	1500	999	992	987	985	983	981	975	971	965	964	962	958	957	948	945	926	923	921	917	915	911	906	901	899	896	891	873	862	860	854	826	823	821	819	805	800	797	793	789	788	779	762	761	753	740	737	733	728	718	705	699	698	692	690	675	652	641	640	630	619	616	614	612	597	586	577	576	571	570	539	535	533	532	521	503	2	1	1	1	1	1	1	1	1	1	1	1	1	1	1	1	1	1	2	1	1	1	1	1	1	1	1	1	1	1	1	1	1	1	1	1	2	1	2	1	2	1	1	1	1	1	1	1	1	1	1	1	1	1	1	1	1	1	1	1	1	1	1	1	1	1	1	1	1	1	1	1	1	1	1
73	1500	991	979	973	964	963	960	957	956	955	945	937	936	934	933	929	927	917	908	903	898	884	879	869	867	843	842	838	824	818	810	808	783	780	770	757	753	752	747	734	729	727	721	715	709	690	689	676	671	660	659	657	646	643	638	637	636	632	624	594	587	583	572	571	560	549	535	534	527	512	511	507	506	500	1	1	1	1	1	1	1	2	1	1	1	1	1	1	1	1	1	1	1	1	1	1	1	1	1	1	1	1	1	1	1	1	1	1	1	2	1	2	1	1	1	1	1	1	1	2	1	2	1	1	1	1	1	1	1	1	1	1	1	1	2	1	1	1	1	1	1	1	1	1	2	1	1
72	1500	994	990	977	976	949	948	943	934	931	922	921	920	919	917	902	887	886	873	864	862	861	856	854	843	842	836	832	831	823	821	815	811	798	776	762	751	747	746	731	712	705	702	701	699	698	688	685	682	675	664	661	653	651	650	641	639	632	628	619	616	591	589	585	578	576	565	557	542	532	528	514	512	1	1	2	1	2	1	1	2	1	1	1	1	1	1	1	1	1	1	1	1	1	1	2	1	1	1	1	1	1	1	1	1	1	1	1	1	1	1	1	1	1	1	1	1	1	1	1	1	1	1	2	1	1	1	1	1	1	1	1	1	1	1	1	1	1	1	2	1	1	3	1	1
73	1500	987	983	980	978	968	966	964	942	934	931	918	913	912	909	907	893	874	873	872	864	851	850	840	839	838	837	829	826	817	809	796	792	789	773	765	754	748	740	731	728	727	713	709	706	705	695	692	682	671	668	665	658	652	644	641	637	633	600	594	577	576	570	568	561	553	548	537	535	532	514	511	509	504	1	1	1	1	1	1	1	1	1	2	1	1	1	1	2	1	1	1	1	2	1	1	1	1	1	1	1	1	1	1	1	1	1	1	1	1	1	1	2	1	1	1	1	1	1	1	1	1	1	1	2	1	1	1	1	1	1	1	1	1	1	1	1	1	2	1	1	1	1	1	1	1	2
74	1500	977	967	965	961	953	945	930	924	923	922	899	898	895	892	890	882	877	875	864	855	850	847	842	841	831	821	820	819	813	811	804	802	799	792	782	776	775	764	755	745	744	731	716	709	704	699	682	680	672	657	650	649	648	642	640	625	624	621	605	598	590	581	580	579	572	560	558	543	542	538	530	525	524	508	1	1	1	1	1	2	1	1	1	1	1	1	1	1	1	1	1	2	1	1	1	1	1	1	1	1	1	1	2	1	1	1	1	1	2	1	1	1	1	1	1	1	1	1	1	1	1	1	1	1	1	1	1	1	1	1	1	2	1	1	1	1	2	1	1	1	1	1	1	1	1	1	1	1
75	1500	989	959	955	951	949	948	943	940	939	938	932	929	922	910	906	900	897	896	894	891	890	880	875	871	856	851	840	830	820	819	818	816	809	792	787	786	782	771	761	758	756	755	751	746	729	718	717	708	701	694	684	677	675	674	671	665	660	640	623	622	615	578	571	569	563	558	549	544	538	536	528	521	513	504	502	1	1	1	1	1	1	1	1	1	1	1	1	1	1	1	1	1	2	1	1	1	1	1	2	1	1	1	1	1	1	2	1	1	1	1	1	1	1	1	1	1	1	1	1	1	1	1	2	1	1	1	1	1	1	1	1	1	1	1	1	1	1	1	1	1	1	1	1	1	2	1	1	1	1	1
