10
73	1200	998	983	979	976	958	949	938	937	930	928	927	926	925	906	905	899	898	885	874	872	868	866	864	857	853	852	851	832	827	812	811	809	803	801	799	785	774	759	757	756	754	746	740	739	738	731	729	724	712	693	678	673	672	667	655	633	628	627	623	608	605	601	598	596	593	590	585	577	556	544	538	533	532	1	1	1	1	1	1	1	1	1	1	1	1	1	1	1	1	1	1	1	1	1	1	1	1	3	1	1	1	2	1	1	1	1	1	2	1	1	1	1	1	1	1	1	1	2	1	1	1	1	1	1	1	1	1	1	1	1	1	1	1	2	1	1	1	1	1	1	1	2	1	1	1	1
71	1200	996	994	982	981	978	965	963	961	959	954	945	943	941	929	925	923	920	915	909	889	851	850	849	841	836	821	814	813	812	810	803	802	792	789	787	775	764	753	746	745	731	712	707	698	695	690	683	676	672	662	652	642	631	607	600	589	588	587	578	577	563	560	556	549	547	545	544	542	541	523	518	1	2	1	1	2	1	1	2	1	2	1	1	1	1	1	1	1	2	1	1	1	1	1	1	1	1	1	1	1	1	1	1	1	1	1	1	1	1	1	1	1	1	1	1	1	1	2	1	1	1	1	1	1	1	1	1	1	1	1	1	2	1	1	1	1	1	3	1	1	1	1
71	1200	994	986	955	946	939	938	936	932	928	924	917	914	913	908	903	901	898	887	870	861	858	857	851	850	843	834	831	811	782	756	751	748	736	730	728	718	710	698	697	695	685	677	675	673	669	666	662	660	652	632	621	616	609	605	604	603	597	586	585	583	582	562	558	552	537	532	527	525	516	515	507	1	1	1	1	1	1	1	1	1	1	1	1	1	1	1	1	1	1	2	2	1	2	1	1	1	1	1	1	1	1	1	1	1	1	1	2	1	1	1	1	1	1	1	2	2	1	2	1	2	1	1	1	1	1	1	1	2	1	1	1	1	1	1	1	1	1	1	1	1	1	1
75	1200	999	976	968	967	961	956	953	948	944	935	923	920	916	913	905	901	898	896	887	884	883	879	867	866	855	853	836	830	821	779	771	757	750	745	741	740	736	730	725	715	713	703	702	700	679	672	669	666	662	661	658	655	651	650	640	637	634	631	626	624	603	601	597	588	576	571	557	553	548	525	522	516	515	503	500	1	1	2	1	1	1	1	1	1	1	1	1	1	2	1	1	1	1	1	1	1	1	2	1	1	2	1	1	1	1	1	1	1	2	1	1	1	1	1	1	1	1	1	1	1	1	1	1	1	1	1	1	1	1	1	1	1	1	1	1	1	1	1	1	1	1	1	1	1	1	1	1	1	1	1
73	1200	991	987	981	979	975	974	972	963	960	954	950	941	915	901	899	885	876	855	854	839	830	820	815	810	794	793	789	786	782	774	765	758	750	748	731	726	722	721	720	719	717	709	695	694	688	684	682	681	670	665	648	639	623	618	614	608	603	601	597	585	582	577	571	561	553	550	540	536	516	513	512	505	504	1	1	1	1	1	1	2	1	1	1	1	1	1	1	1	1	1	1	2	1	2	1	1	1	1	1	1	1	1	1	1	1	1	1	1	1	1	1	1	1	1	1	1	1	1	1	1	1	1	1	1	1	1	1	1	1	1	1	1	2	1	2	1	1	2	1	1	1	1	1	2	1	1
76	1200	999	989	981	979	972	958	950	945	940	932	925	919	910	901	894	893	891	855	854	847	845	830	822	820	805	792	790	785	784	780	779	770	763	760	759	752	751	750	738	732	731	728	711	710	704	703	685	668	653	651	650	640	636	635	628	626	620	617	611	595	590	589	584	572	568	567	550	549	542	527	524	521	517	511	509	505	1	1	1	1	1	1	1	1	1	1	1	1	2	1	1	1	1	1	1	1	1	1	1	1	2	1	1	1	1	1	1	1	1	1	1	1	1	1	1	1	1	1	1	1	1	1	1	1	2	1	1	1	1	1	1	1	1	1	1	2	1	1	1	1	1	1	1	1	1	1	1	1	1	1	1	1
73	1200	996	986	985	983	974	971	970	962	960	958	955	941	935	928	924	920	919	915	913	910	901	900	875	871	870	864	859	858	855	850	846	841	839	837	782	776	772	747	730	712	709	704	686	683	665	650	648	647	643	640	632	620	613	612	607	604	599	588	581	579	578	571	566	555	554	536	534	531	529	523	516	512	502	1	1	1	1	1	1	1	2	1	1	1	1	1	1	1	1	1	2	1	1	2	1	1	1	1	1	1	1	1	1	1	1	1	2	1	1	1	1	1	1	1	1	2	1	1	1	1	1	1	1	1	1	1	1	1	1	1	1	1	1	2	1	2	1	1	1	1	1	1	1	1	1	1
72	1200	999	991	986	985	972	969	966	958	942	929	928	912	910	906	894	891	879	869	859	854	845	844	842	825	822	815	805	803	798	788	786	782	779	778	777	769	764	749	748	744	737	735	723	715	708	707	704	694	693	690	689	687	680	671	666	661	659	655	647	642	629	607	605	604	603	577	572	570	564	525	518	515	1	1	1	1	1	1	1	1	1	1	1	1	2	1	1	1	1	1	1	1	1	1	1	1	1	1	1	1	1	2	1	2	1	1	1	2	1	1	2	1	1	1	1	1	1	1	1	1	1	1	1	1	1	1	1	2	2	1	2	1	1	1	1	1	1	1	1	1	1	1	1	1
75	1200	998	997	985	981	975	969	955	953	946	945	937	936	931	929	928	921	920	903	902	898	895	894	892	889	877	863	856	855	854	844	840	836	834	833	829	825	823	812	785	782	777	775	774	758	739	704	691	687	685	682	678	671	663	662	658	656	634	624	619	613	608	606	605	600	599	563	555	554	539	537	534	533	515	508	503	1	1	1	1	1	1	1	1	1	1	1	1	1	1	1	1	1	1	1	1	1	2	1	1	1	1	1	1	1	1	1	1	1	1	1	1	1	1	1	1	1	1	1	1	1	1	1	2	1	1	1	1	1	1	1	1	1	2	1	1	1	1	1	1	1	2	1	1	1	1	1	1	1	1	2
72	1200	993	987	985	971	970	963	957	955	954	946	931	927	920	909	896	890	882	873	865	849	821	820	816	804	796	785	779	756	753	747	743	739	731	726	723	700	699	698	696	684	678	674	667	666	655	649	643	642	635	629	621	618	607	593	591	588	587	583	581	577	568	567	563	555	551	549	546	537	536	525	509	505	1	1	1	2	1	1	1	1	1	1	2	1	1	1	1	1	1	1	1	1	1	1	1	2	2	1	1	1	1	1	1	1	1	1	1	1	1	2	1	1	1	1	1	1	1	1	1	1	3	1	1	1	1	1	1	1	1	1	1	1	1	1	1	1	1	1	1	1	1	1	1	2
