10
74	1500	996	991	989	976	969	943	925	879	866	853	847	843	826	825	817	802	793	791	775	758	757	751	739	721	720	715	709	705	702	693	681	678	673	645	637	634	617	596	572	563	557	536	529	502	499	489	487	480	476	468	464	462	450	440	416	410	404	403	401	389	365	354	327	323	321	313	307	302	248	246	241	225	206	200	1	1	1	1	1	1	1	1	1	1	1	1	1	1	1	1	1	1	1	1	1	1	2	1	1	1	1	1	1	1	1	1	1	1	1	1	2	1	1	1	1	1	1	1	1	1	1	1	2	1	1	1	1	1	1	1	1	1	1	1	1	1	2	1	1	1	1	1	3	1	1	1	1	1
73	1500	999	953	932	929	903	902	873	871	863	841	805	804	802	801	783	779	774	746	741	737	723	699	652	642	620	619	616	612	603	601	599	597	590	580	545	538	535	523	520	511	490	481	477	474	467	464	443	428	421	419	417	414	405	389	362	346	342	328	321	307	297	288	287	284	282	281	269	261	260	237	235	213	212	1	1	2	1	1	1	1	1	1	1	1	1	1	1	1	1	2	1	1	2	1	1	1	1	1	1	1	1	1	1	1	2	1	1	1	1	1	1	1	1	1	2	1	1	1	1	1	1	1	1	1	1	1	1	1	1	1	2	1	1	1	1	1	1	1	1	2	1	1	1	1	1	1
79	1500	998	982	978	976	974	969	958	949	931	918	903	891	882	880	814	803	801	800	795	788	785	783	778	772	740	732	718	715	708	704	702	700	697	686	684	673	651	639	634	624	612	611	608	603	562	552	543	541	537	504	484	475	471	467	457	446	444	441	437	412	409	404	362	361	353	346	324	313	312	309	308	302	296	286	274	258	244	222	206	1	1	1	1	1	1	1	1	1	1	1	1	1	1	1	1	1	1	1	1	1	1	1	1	1	1	1	1	1	1	1	1	1	1	1	1	1	1	1	1	1	1	1	1	1	1	1	1	1	1	1	1	1	1	1	1	1	1	1	1	1	1	1	1	1	1	1	2	1	1	1	1	1	1	1	1	1	1	1
74	1500	999	997	981	976	945	941	939	933	927	921	899	885	883	880	859	858	853	849	830	818	813	803	791	764	743	731	728	722	713	711	702	689	650	642	633	621	605	592	587	565	533	530	495	476	472	441	438	422	416	388	384	383	372	370	369	361	357	355	344	338	323	320	287	284	275	274	267	238	234	233	228	221	218	200	1	1	1	1	1	1	1	1	1	1	1	1	1	1	1	2	1	1	1	1	1	1	1	1	1	1	1	1	1	2	1	1	1	1	1	1	1	1	1	1	1	1	1	2	1	1	2	1	1	1	1	1	1	1	1	1	1	1	1	1	1	1	1	1	2	1	1	1	1	2	1	1	1	1
76	1500	997	996	980	977	962	926	925	916	906	901	894	867	850	828	814	807	800	774	773	768	764	759	757	748	733	718	714	711	695	682	673	647	641	623	619	614	606	603	601	600	596	590	583	545	543	536	515	510	500	498	481	477	471	470	468	455	438	427	413	412	383	380	372	352	318	315	300	291	287	286	266	263	261	223	213	204	1	1	1	2	1	1	1	1	1	1	1	1	1	1	1	1	1	1	1	1	1	1	1	1	1	1	1	1	1	1	1	1	1	1	1	1	1	1	1	1	1	1	1	1	2	1	1	1	1	1	2	1	1	1	1	1	1	1	1	1	1	1	1	1	1	1	1	1	1	2	1	1	1	1	1	1
75	1500	988	951	945	933	915	902	897	891	875	871	849	847	844	834	793	792	787	785	784	737	735	709	708	702	698	693	687	665	648	646	644	631	625	618	615	609	607	577	562	549	541	539	531	511	501	496	489	483	480	479	466	463	461	449	444	418	415	375	367	365	358	346	331	318	308	296	292	291	288	265	258	253	247	245	204	1	1	1	1	1	1	1	1	1	1	1	1	1	1	1	1	2	1	2	1	1	2	1	2	1	1	1	1	1	1	2	1	1	1	1	1	1	1	1	1	1	1	1	1	1	1	1	1	1	1	1	1	1	1	1	1	1	1	1	1	1	1	1	1	1	1	1	1	1	1	1	1	1	1	1
75	1500	999	996	985	982	967	931	924	916	906	903	899	897	896	892	884	881	859	843	838	823	816	811	810	807	798	792	785	780	773	764	756	745	740	715	712	694	684	668	655	648	622	621	610	589	567	565	530	529	511	509	458	456	448	446	430	407	396	389	382	377	375	362	348	344	341	321	317	311	303	284	271	250	221	213	208	1	1	1	1	1	1	1	1	1	1	1	1	1	1	1	1	1	1	1	1	1	1	1	1	1	1	1	1	1	1	2	1	1	1	1	1	2	1	1	2	1	1	1	1	1	1	1	1	1	1	1	1	1	1	1	1	1	1	1	1	1	1	1	2	1	2	1	1	1	1	1	1	1	1	1
75	1500	993	992	982	951	929	927	918	915	900	899	896	895	894	893	881	870	848	840	835	827	803	790	775	772	766	757	755	742	740	737	670	660	641	631	617	610	599	598	583	577	547	545	544	520	516	483	479	465	458	454	451	441	436	416	412	383	361	357	356	352	326	323	321	301	295	290	288	283	282	270	252	235	230	226	210	1	1	1	1	1	1	1	1	1	1	2	2	1	1	1	1	1	1	1	1	1	1	1	1	1	1	1	1	1	1	1	1	1	1	1	1	1	1	1	2	1	1	1	1	1	1	1	1	1	1	1	1	1	1	1	1	1	2	1	1	1	1	2	1	1	1	1	1	1	1	1	1	1	1	1
78	1500	988	982	972	969	963	945	938	923	922	918	899	893	876	875	871	868	852	848	846	821	798	789	770	756	749	748	745	744	717	703	688	671	665	662	657	641	631	626	618	615	613	612	601	577	574	568	545	542	536	531	512	503	467	439	423	416	414	413	391	385	381	380	374	361	354	345	321	302	285	284	283	275	267	264	260	250	215	212	2	1	1	1	1	1	1	1	1	1	1	1	1	1	1	1	1	1	1	1	1	1	1	1	1	1	1	1	1	1	1	1	1	1	1	1	1	1	1	1	1	1	1	1	1	1	1	1	1	1	1	1	1	1	1	1	1	1	1	1	2	1	1	1	1	1	1	1	1	1	1	1	1	1	1	1	1	1
75	1500	998	965	930	927	923	922	921	909	883	882	878	875	865	856	847	846	841	819	804	803	791	772	771	757	732	720	714	700	688	639	624	622	615	612	608	604	601	588	581	570	563	560	543	541	525	515	513	511	510	508	500	497	432	429	425	422	406	402	397	372	362	360	341	319	318	308	303	269	267	251	237	229	228	224	211	1	1	1	1	1	1	1	1	1	1	1	1	1	1	1	1	1	1	1	1	1	1	1	1	1	1	1	1	1	1	1	1	2	1	1	1	1	2	1	1	1	1	1	2	1	1	1	1	1	2	1	1	1	1	1	1	1	1	1	1	1	1	1	1	1	1	1	2	1	1	1	1	1	1	1
