10
76	1000	995	994	986	971	966	963	949	948	931	919	910	896	890	850	809	778	777	763	758	728	723	716	715	694	683	680	673	671	670	661	657	646	632	591	587	565	553	537	526	525	517	516	515	490	489	484	475	472	468	460	459	450	447	442	415	398	383	359	353	352	350	339	328	326	304	302	300	291	280	277	274	272	271	259	258	200	1	1	1	1	1	1	1	1	2	1	1	1	1	1	2	1	1	1	1	1	1	1	1	1	1	1	1	2	1	1	1	1	1	1	1	1	1	1	2	1	1	1	1	1	1	1	1	1	1	1	1	1	1	1	1	1	1	1	1	1	1	1	1	1	1	1	1	1	1	1	1	1	1	1	1	1
79	1000	999	994	986	976	962	960	933	915	909	864	849	844	842	830	818	811	802	791	785	770	757	756	745	695	676	666	650	633	618	593	576	562	560	552	550	547	533	532	525	524	514	513	501	484	479	465	440	439	426	418	414	412	409	404	400	382	375	374	372	351	340	336	333	330	329	327	317	316	309	306	297	292	272	269	266	255	229	221	204	1	1	1	1	1	1	1	1	1	1	1	2	1	1	1	1	1	1	1	1	1	1	1	1	1	1	1	1	1	1	1	1	1	1	1	1	1	1	1	1	1	1	1	1	1	1	1	1	1	1	1	1	1	1	1	1	1	1	1	1	1	1	1	1	1	1	1	1	1	1	1	1	1	1	1	1	1	1	1
78	1000	987	986	978	962	959	955	952	949	939	934	929	928	924	915	906	904	894	882	861	859	854	846	837	833	810	800	785	777	769	762	749	726	709	696	650	647	645	630	615	614	608	596	595	591	590	580	564	542	534	527	513	504	498	497	491	477	475	458	437	428	419	393	379	366	365	344	343	339	337	319	314	309	298	285	274	272	261	202	1	1	1	1	1	1	1	1	1	1	1	1	1	1	1	1	1	1	1	1	1	1	1	1	1	1	1	1	1	1	1	2	1	1	1	1	1	1	1	1	1	1	1	1	1	1	1	1	1	1	2	1	1	1	1	1	1	1	1	1	1	1	1	1	1	1	1	1	1	1	1	1	1	1	1	1	1	1
77	1000	995	985	982	969	954	947	936	926	880	879	878	860	850	844	836	834	833	826	820	816	815	813	797	795	791	786	782	769	697	691	687	686	681	673	668	646	645	643	637	625	610	604	600	564	541	539	533	508	507	503	489	486	469	461	457	456	453	450	402	399	391	389	368	350	336	313	290	266	262	261	259	258	245	243	241	219	201	1	1	1	1	1	1	1	1	1	1	1	1	1	1	1	1	1	1	1	1	1	1	1	1	1	1	1	1	1	1	1	1	1	1	1	1	1	1	1	1	1	3	2	1	1	1	1	1	1	1	1	1	1	1	1	1	1	1	1	1	1	1	1	1	1	1	1	1	1	1	1	1	1	1	1	1	1
73	1000	995	993	991	987	972	952	943	922	903	899	876	868	865	837	821	815	798	793	763	746	724	718	712	704	684	683	675	672	643	639	603	594	593	590	586	551	545	534	522	488	482	477	475	464	457	442	437	436	435	429	427	419	417	415	401	372	366	355	350	340	339	334	331	317	315	298	294	263	262	256	239	222	206	1	1	1	1	1	2	1	1	1	1	1	1	1	1	1	1	1	1	1	1	1	2	1	1	2	1	1	1	1	1	1	1	1	1	1	1	1	1	1	2	1	1	1	1	1	1	2	1	1	1	2	1	1	1	1	1	1	1	1	1	1	1	1	1	2	1	1	1	1	1	1	1	1
76	1000	998	995	983	982	974	949	936	934	933	921	913	902	893	886	874	872	859	858	848	843	808	779	760	758	757	753	735	734	733	727	725	720	716	692	690	681	680	647	639	637	634	629	627	615	555	546	527	503	498	494	489	479	468	461	454	451	442	436	426	410	389	386	381	372	366	364	347	345	328	317	314	303	271	264	240	225	1	1	1	1	1	1	1	1	1	1	2	1	1	1	1	1	1	1	1	1	1	1	1	1	1	1	1	1	2	1	1	1	1	1	1	1	1	1	1	1	1	1	1	1	1	1	1	1	2	1	1	1	1	2	1	1	1	1	1	1	1	1	1	1	1	1	1	1	1	1	1	1	1	1	1	1
73	1000	974	973	971	970	959	925	839	834	828	817	781	771	751	741	727	720	719	718	705	698	697	686	679	670	668	665	656	649	640	636	633	628	624	620	618	616	614	605	601	600	595	594	591	559	547	538	530	526	517	506	499	474	472	469	446	440	438	433	427	421	381	376	352	341	303	280	278	261	250	235	229	227	204	2	1	1	1	1	1	1	1	1	1	1	1	1	1	1	1	1	1	1	2	1	1	1	1	2	1	1	1	2	1	1	1	1	1	1	1	2	1	1	1	1	1	1	1	1	1	1	2	1	1	1	1	1	1	1	1	1	1	1	1	1	1	1	1	1	1	1	1	1	1	2	1	1
77	1000	993	987	984	976	975	964	961	936	911	873	868	861	860	854	839	833	830	802	800	792	774	764	762	736	721	711	687	686	681	678	676	667	652	650	649	634	632	615	610	585	565	529	511	504	493	469	462	437	436	425	423	417	413	410	407	392	372	355	352	344	338	335	313	305	288	283	267	263	257	247	246	244	231	228	219	211	204	1	1	1	1	1	2	1	1	1	1	1	1	1	1	1	1	1	1	1	1	1	1	1	2	1	1	1	1	1	1	1	1	1	1	1	1	1	1	1	1	1	1	1	1	1	1	1	1	1	1	1	1	1	1	1	1	1	1	1	1	1	1	1	1	1	1	1	1	1	1	1	2	1	1	1	1	1
74	1000	996	988	947	920	919	903	890	889	888	853	844	841	839	838	836	826	824	823	811	797	791	782	776	748	723	721	718	710	700	699	693	652	649	647	641	639	634	632	624	579	574	568	564	558	557	550	549	537	530	526	522	514	513	509	506	476	474	456	436	419	418	358	344	342	326	301	289	288	236	231	228	221	211	203	1	1	1	1	1	1	1	1	1	1	1	1	1	1	1	1	2	1	1	1	1	1	1	1	1	1	2	1	1	1	1	1	2	1	1	1	1	1	1	1	1	1	1	1	1	1	1	1	1	1	1	1	1	1	2	1	1	1	1	1	1	2	1	1	1	1	1	1	1	2	1	1	1	1
78	1000	988	987	984	977	960	958	957	938	934	916	881	874	862	852	849	848	847	843	841	825	818	811	806	775	770	755	750	747	743	735	709	697	691	672	669	668	657	644	638	634	631	626	622	616	613	572	563	559	543	522	510	500	499	491	490	488	469	452	424	409	386	381	370	354	307	306	280	275	266	263	262	257	256	253	243	236	231	221	1	1	1	1	1	1	1	1	1	1	1	1	1	1	1	1	1	1	1	1	1	1	1	1	1	1	1	1	1	1	1	1	1	1	1	1	2	1	1	1	1	1	1	1	1	1	1	1	1	1	1	1	1	1	1	1	1	1	1	1	1	1	1	1	1	1	2	1	1	1	1	1	1	1	1	1	1	1
