10
77	1500	993	979	976	943	942	935	918	902	865	848	824	807	788	769	753	740	739	730	721	684	676	665	653	632	631	627	610	595	591	583	556	520	496	490	473	441	430	413	411	406	385	384	379	369	368	326	318	310	296	295	289	279	275	267	252	241	224	216	210	208	202	199	172	169	162	155	96	81	65	60	43	35	30	23	16	4	2	1	1	1	1	1	1	1	1	1	1	1	1	1	1	1	1	1	1	1	1	1	1	1	1	1	1	1	1	1	1	2	1	1	1	1	1	1	1	1	1	1	2	2	1	1	1	1	1	1	1	1	1	1	1	1	1	1	1	1	1	1	1	1	1	1	1	1	1	1	1	1	1	1	1	1	1	1
80	1500	987	984	980	977	958	957	939	936	929	927	902	885	878	867	858	848	837	828	822	812	804	796	786	783	754	722	713	704	693	677	660	632	615	594	575	561	548	546	511	510	508	452	448	445	417	399	393	384	377	367	346	344	342	335	334	325	318	315	260	241	240	237	236	232	223	209	177	174	173	158	157	152	135	108	99	93	83	79	64	51	1	1	1	1	1	1	1	1	1	1	1	1	1	1	1	1	1	1	1	1	1	1	1	1	1	1	1	1	1	1	1	1	1	1	1	1	1	1	1	1	1	1	1	1	1	1	1	1	1	1	1	1	1	1	1	1	1	1	1	1	1	1	1	1	1	1	1	1	1	1	1	1	1	1	1	1	1	1	1	1
77	1500	978	977	973	965	955	952	946	944	868	863	853	824	754	734	718	714	712	710	704	699	667	659	645	644	634	592	581	573	568	560	527	523	494	480	470	457	441	435	426	410	403	389	373	362	354	352	339	325	291	285	283	277	262	244	241	237	199	189	187	180	162	158	153	146	139	110	92	82	52	32	23	19	14	11	8	5	1	1	1	1	1	1	1	1	1	1	1	1	1	2	1	1	1	1	1	1	1	1	1	1	1	1	1	1	1	1	1	1	1	1	1	1	1	1	1	1	1	1	1	1	1	2	1	1	1	1	1	1	1	1	1	1	1	1	1	1	1	1	1	1	1	1	1	1	1	1	1	1	1	2	1	1	1	1
78	1500	977	969	967	935	934	933	902	899	892	884	882	874	871	839	816	814	794	791	772	762	736	718	712	707	699	660	658	657	652	633	620	618	594	581	553	549	548	546	544	520	481	458	442	441	436	406	391	386	383	377	368	366	339	338	321	264	255	217	209	201	199	192	184	165	163	162	156	122	121	119	91	82	77	67	44	41	35	24	1	1	1	1	1	1	1	1	1	1	1	1	1	1	1	1	1	1	2	1	1	1	1	1	1	1	1	1	1	1	1	1	1	1	1	1	1	1	1	1	1	1	1	1	1	1	1	1	1	1	1	1	1	1	1	1	1	1	1	1	1	1	1	1	1	1	1	1	1	1	1	1	1	1	1	2	1	1
76	1500	990	985	978	975	971	970	933	925	894	893	865	860	826	824	804	790	776	768	767	746	745	734	716	715	710	697	668	650	622	620	612	601	600	583	579	544	538	522	502	501	498	493	486	485	459	449	448	446	442	428	427	412	375	373	371	351	332	331	329	226	203	187	172	148	141	139	127	125	117	105	98	94	63	40	24	14	1	1	1	1	1	1	1	1	1	1	1	1	1	1	1	1	1	1	1	1	1	1	1	1	1	1	1	1	1	1	1	1	1	1	1	1	1	1	2	1	1	1	1	1	1	1	1	2	1	1	1	1	1	1	1	1	1	1	1	1	2	1	1	1	1	1	1	1	1	1	2	1	1	1	1	1
76	1500	953	931	926	920	910	876	863	858	849	829	822	778	771	766	750	738	734	724	703	688	669	662	660	635	626	620	619	581	567	560	558	532	530	508	504	500	495	483	468	457	454	443	415	396	392	351	343	339	336	332	311	306	296	293	280	266	262	260	241	234	206	181	168	152	129	95	90	77	75	70	43	42	29	22	19	4	1	1	1	1	1	1	1	1	2	1	1	1	1	1	1	1	1	1	1	1	1	1	1	1	2	1	1	1	1	1	1	1	1	1	1	1	1	1	1	1	1	1	1	1	1	1	1	1	1	1	1	1	1	1	2	1	1	1	1	2	1	1	1	1	1	1	1	1	1	1	1	1	1	1	1	1
75	1500	989	983	977	969	965	960	951	936	928	903	892	872	871	854	823	820	790	783	779	774	773	743	718	707	701	699	684	681	649	644	641	618	601	586	554	522	496	462	455	446	443	423	411	400	391	371	369	368	351	350	336	318	280	267	255	254	220	214	203	198	196	167	166	156	145	119	97	92	83	79	67	36	29	8	7	1	1	1	1	1	1	1	1	1	1	1	1	1	1	1	2	1	1	1	1	1	1	1	1	2	1	1	1	1	1	1	1	1	1	1	1	1	1	1	1	1	1	1	1	1	1	1	1	1	1	1	1	1	1	1	1	1	2	1	1	2	1	1	1	1	1	1	1	1	1	1	2	1	1	1
78	1500	991	987	976	942	936	921	871	852	848	841	834	822	821	816	808	803	796	792	789	752	735	711	673	665	629	628	619	618	601	588	575	549	548	539	510	497	492	489	478	477	449	433	430	425	403	396	380	371	369	361	352	351	329	320	311	291	286	283	272	221	206	200	197	187	182	173	171	140	134	132	105	96	82	72	69	55	48	38	1	1	1	1	1	1	1	1	1	1	1	1	1	1	1	1	1	1	1	1	1	1	1	1	1	1	1	1	1	1	1	1	1	1	1	1	1	1	1	1	1	1	1	1	1	1	1	1	1	1	1	1	1	1	1	1	1	1	1	1	1	1	1	1	1	1	1	1	1	2	1	1	2	1	1	1	1	1
78	1500	991	967	964	949	943	939	933	928	906	897	888	880	842	836	776	770	759	739	733	732	729	700	689	686	665	652	636	625	594	581	570	557	527	525	502	494	473	461	447	429	413	412	405	394	374	363	358	354	351	348	335	330	326	320	319	309	294	258	254	245	236	225	221	207	200	166	162	152	136	133	128	113	73	70	66	53	6	4	1	1	1	1	1	1	1	1	1	1	1	1	1	1	1	1	1	1	1	1	1	1	1	1	1	1	1	1	1	1	1	1	1	1	1	1	1	1	1	1	1	1	1	1	1	1	1	1	1	1	1	1	1	1	1	1	1	1	1	1	1	1	1	1	1	2	1	1	1	1	1	1	1	1	1	1	2	1
76	1500	997	992	926	913	909	907	904	898	890	872	868	836	819	816	793	778	748	739	722	711	705	700	693	658	627	624	623	611	582	579	545	536	533	509	508	497	494	493	487	465	409	405	379	378	363	354	340	321	306	294	286	269	255	249	231	211	203	152	146	145	140	136	132	129	122	116	110	107	62	50	47	44	25	20	19	5	1	1	1	1	1	1	1	1	1	1	1	1	1	1	2	1	1	1	2	1	1	2	1	1	1	1	1	1	1	1	1	1	1	1	1	1	1	1	1	1	1	1	1	1	1	1	1	1	2	1	1	1	1	1	1	1	1	1	1	1	1	1	1	1	1	1	1	1	1	1	1	1	1	1	1	1
