10
74	1000	995	984	979	972	971	968	966	957	954	949	936	933	928	927	922	914	913	911	910	909	908	879	865	857	853	838	824	821	815	807	803	783	782	774	773	771	764	745	735	729	715	709	705	688	669	655	631	629	625	624	623	612	603	598	594	591	590	581	580	579	576	575	574	569	567	565	555	548	540	531	515	514	510	500	1	1	1	2	1	1	1	1	1	1	1	1	1	1	1	1	2	1	1	1	1	1	1	1	1	1	1	1	1	1	1	1	1	1	1	2	1	1	1	1	2	1	1	1	2	1	1	1	1	1	1	1	1	1	1	1	2	1	1	1	1	1	1	1	1	1	1	1	1	1	1	1	1	1
74	1000	982	976	968	963	962	958	957	952	942	941	926	922	921	907	905	901	900	898	895	892	891	865	863	845	844	843	824	820	815	811	810	802	801	796	795	794	789	787	782	778	771	756	753	749	731	729	728	724	723	689	678	677	664	662	658	649	644	632	626	624	622	573	563	560	557	553	544	531	526	524	519	517	503	502	1	1	1	1	1	1	1	1	2	1	1	1	1	1	1	1	1	1	1	1	1	1	1	1	1	1	1	1	1	1	1	1	1	1	2	1	1	1	1	1	1	1	1	1	1	1	1	1	1	1	2	1	1	2	2	1	2	1	1	1	1	1	1	1	1	1	1	1	1	1	1	1	1	1
75	1000	985	979	971	970	945	943	928	927	924	902	895	894	888	886	881	875	869	867	851	844	840	835	826	817	813	810	809	797	793	786	776	767	763	754	753	748	747	741	738	734	729	723	720	712	709	700	697	691	690	683	676	667	658	657	643	639	634	618	613	612	611	604	602	599	589	588	587	586	575	565	564	554	539	508	501	1	1	1	1	1	1	1	1	1	2	1	1	1	1	1	1	2	1	1	2	1	1	1	1	1	1	1	1	1	1	1	1	1	1	2	1	1	1	1	1	1	1	1	1	1	1	1	1	1	1	1	2	1	1	1	1	1	1	1	1	1	1	1	1	1	1	1	1	1	1	1	1	1	1	1
74	1000	969	963	957	932	930	923	922	920	909	894	893	890	885	883	864	856	839	833	832	830	824	800	799	798	793	784	780	768	760	754	738	735	731	730	727	719	706	705	681	679	676	647	643	636	630	628	627	624	623	619	616	615	606	602	597	596	594	592	591	590	583	573	572	566	545	537	522	521	519	512	510	508	501	500	1	1	1	1	1	1	1	2	1	1	1	1	1	1	1	1	1	1	1	1	2	1	1	1	1	1	1	1	2	2	1	1	1	1	1	1	1	1	1	1	1	1	1	1	1	1	1	1	1	1	1	1	1	2	1	1	1	1	1	1	1	2	1	1	1	1	1	1	1	1	1	1	1	1
75	1000	998	993	990	974	967	954	949	948	939	935	931	930	906	896	894	883	880	869	867	865	864	863	857	835	826	823	799	794	792	787	783	774	773	772	771	768	767	760	747	736	728	704	696	689	684	683	680	671	669	657	655	652	649	639	638	633	628	622	608	597	595	588	586	585	578	565	558	549	534	533	532	528	524	518	506	1	1	1	1	1	1	1	3	1	1	1	1	1	1	2	1	1	1	1	1	1	1	1	1	1	1	1	1	1	1	1	1	1	1	1	1	1	1	1	1	1	1	1	1	1	1	1	1	1	1	1	1	1	1	1	1	1	2	1	1	1	1	1	1	1	1	1	1	2	1	1	1	1	1	1
72	1000	990	989	978	972	946	943	940	937	927	923	915	904	896	895	894	893	888	870	859	851	849	841	836	832	824	823	820	813	807	804	798	795	777	774	772	761	756	753	737	735	724	717	716	707	701	688	670	665	651	646	643	640	634	632	630	623	616	609	603	589	580	572	551	546	537	530	529	523	519	516	512	509	1	1	1	1	1	1	2	1	1	1	1	1	1	2	1	1	2	1	2	1	1	1	1	1	1	1	1	1	1	1	1	1	2	1	1	1	1	1	1	1	1	1	1	1	1	1	1	1	1	1	1	1	1	1	1	2	1	1	1	1	1	1	2	2	1	1	1	1	1	1	1	1
76	1000	997	991	983	981	971	959	943	937	933	930	923	919	914	907	904	899	897	895	887	857	849	844	836	833	829	820	802	796	794	791	788	778	776	762	761	757	743	742	741	738	734	729	726	721	720	715	714	713	704	690	688	684	678	676	669	653	648	647	632	625	611	606	598	591	588	581	580	578	554	546	542	538	533	532	528	513	1	1	1	1	1	1	1	1	1	1	1	1	1	1	1	1	1	1	1	1	1	1	2	1	1	1	1	1	1	1	1	1	1	2	1	1	1	1	1	1	1	1	1	1	1	1	1	1	1	1	1	1	1	1	1	1	1	1	1	1	1	1	1	1	1	1	1	1	1	1	1	1	1	1	1	3
75	1000	998	982	980	979	974	963	950	949	942	938	934	928	917	909	896	892	890	880	861	856	855	853	838	826	825	822	811	809	787	778	776	773	761	757	754	737	736	731	729	728	721	720	704	703	698	692	690	686	672	669	666	653	649	643	642	610	608	598	593	592	588	582	570	567	554	553	552	544	543	537	536	532	515	512	508	1	1	1	1	1	1	1	1	1	1	1	1	1	2	2	1	1	1	2	1	1	1	1	1	1	1	1	1	1	1	1	1	1	1	1	1	1	1	1	1	1	1	1	1	1	1	2	1	1	1	1	1	1	1	1	1	1	1	1	1	1	1	1	1	1	1	1	1	1	1	1	1	1	1	2
76	1000	995	993	990	989	988	978	971	959	956	954	953	950	945	936	932	919	901	894	889	877	874	872	871	864	855	842	838	834	824	816	813	810	809	800	798	791	782	781	778	752	741	735	728	727	725	709	706	696	694	680	675	674	666	664	660	658	655	652	650	616	600	597	587	577	575	565	555	551	544	542	537	528	527	516	513	508	1	1	1	1	1	1	1	1	1	1	1	1	1	1	1	1	1	1	1	1	1	1	1	1	1	1	1	2	1	1	1	1	1	1	1	1	1	1	2	1	1	1	1	1	1	1	1	1	1	1	1	1	1	1	1	1	1	1	1	1	1	1	1	2	1	1	1	2	1	1	1	1	1	1	1	1
77	1000	999	985	983	976	974	965	964	963	960	955	945	937	935	914	905	898	896	885	884	881	880	878	875	868	865	843	840	839	836	832	821	819	817	779	767	766	763	758	755	753	752	746	743	737	735	731	726	716	712	701	700	693	684	681	677	666	661	660	659	657	651	649	625	621	613	612	607	600	594	567	538	534	529	525	511	510	503	1	1	1	1	1	1	1	1	1	1	2	1	2	1	1	1	1	1	1	1	1	1	1	1	1	1	1	1	1	1	1	1	2	1	1	1	1	1	1	1	1	1	1	1	1	1	1	1	1	1	1	1	1	1	1	1	1	1	1	1	1	1	1	1	1	1	1	1	1	1	1	1	1	1	1	1	1
