10
76	1000	973	960	953	952	936	924	920	900	874	818	802	794	752	737	736	729	723	704	693	669	660	648	646	644	643	628	624	609	593	592	591	584	581	577	568	543	525	514	513	506	480	479	469	454	450	442	437	435	433	427	418	404	331	326	313	308	306	294	265	256	248	218	188	174	172	153	150	132	109	103	92	91	80	61	51	19	2	1	1	1	1	1	1	1	1	2	1	1	1	1	1	1	1	1	1	1	1	2	1	1	1	1	1	1	1	1	1	1	2	1	1	1	1	1	1	1	1	1	1	1	1	1	1	1	1	1	1	1	1	1	1	1	1	1	1	1	1	1	1	1	1	1	1	1	1	1	1	1	1	1	1	1
78	1000	994	985	973	967	961	953	951	933	925	924	905	859	832	827	806	802	773	770	767	762	758	736	733	724	723	675	653	650	644	618	604	603	590	563	556	555	542	538	534	525	521	520	502	483	476	438	421	410	402	389	385	365	328	326	322	312	286	272	268	265	240	190	183	174	170	162	159	152	136	134	125	122	115	103	67	44	22	18	1	1	1	1	1	1	1	1	1	1	1	1	1	1	1	1	1	1	1	1	1	1	1	1	1	1	1	1	1	1	1	1	1	2	1	1	1	1	1	1	1	1	1	1	1	1	1	2	1	1	1	1	1	1	1	1	1	1	1	1	1	1	1	1	1	1	1	1	1	1	1	1	1	1	1	1	1	1
73	1000	971	968	965	959	939	936	920	847	843	835	823	807	802	769	763	761	751	738	724	665	657	637	632	615	605	603	592	585	578	538	529	489	478	459	456	451	445	440	435	408	406	382	375	360	351	334	329	311	281	280	274	270	267	208	204	199	198	186	180	139	137	134	129	120	108	89	87	78	40	28	27	24	22	1	2	1	1	1	2	1	1	1	2	2	1	1	1	1	1	1	1	1	1	1	1	1	1	1	1	1	1	2	1	1	1	1	1	1	1	1	1	1	1	1	1	2	1	2	1	1	1	1	1	1	1	1	1	1	1	1	1	1	1	1	1	1	1	1	1	1	1	1	1	1	1	1
77	1000	949	945	939	933	925	896	894	891	889	878	859	858	848	834	833	820	805	799	751	750	736	732	686	661	638	634	607	576	562	560	558	546	517	505	481	476	464	457	455	451	448	439	419	418	405	393	384	363	353	348	346	340	307	296	271	262	243	236	232	229	209	203	193	176	168	156	147	138	99	76	72	68	54	53	43	22	7	1	1	1	1	1	1	1	1	1	1	1	1	1	1	1	1	2	1	1	1	1	1	1	1	1	1	1	1	1	1	1	1	1	1	1	1	1	1	1	1	1	1	1	1	1	1	1	1	1	1	1	1	1	1	1	2	1	1	1	1	1	1	1	1	1	1	1	1	1	1	2	1	1	1	1	1	1
78	1000	991	979	958	951	918	889	885	882	879	875	846	839	838	833	817	811	810	808	793	787	768	763	759	756	751	748	724	720	711	686	683	675	674	673	651	645	633	611	605	596	593	561	558	532	524	522	520	506	483	481	446	445	441	399	378	371	334	314	299	282	270	257	245	234	223	213	185	123	119	112	102	71	68	53	42	35	20	8	1	1	1	1	1	1	1	1	1	1	1	1	1	1	1	1	1	1	1	1	1	1	1	1	1	1	1	1	1	1	1	1	1	1	1	1	1	1	1	1	1	1	1	1	1	1	1	1	2	1	1	1	1	1	1	1	1	1	1	1	1	1	1	1	1	1	1	1	1	1	1	1	1	1	1	2	1	1
79	1000	990	975	971	951	949	916	904	883	848	840	838	836	835	822	819	800	771	770	768	749	748	743	741	740	737	709	699	685	652	627	617	611	609	596	592	549	541	532	528	519	501	495	485	472	470	463	452	449	412	393	392	387	374	371	351	337	316	310	296	287	276	264	253	242	238	236	233	222	170	106	101	97	67	53	51	43	41	8	3	1	1	1	1	1	1	1	1	1	1	1	1	1	1	1	1	1	1	1	1	1	1	1	1	2	1	1	1	1	1	1	1	1	1	1	1	1	1	1	1	1	1	1	1	1	1	1	1	1	1	1	1	1	1	1	1	1	1	1	1	1	1	1	1	1	1	1	1	1	1	1	1	1	1	1	1	1	1	1
76	1000	988	985	984	951	945	939	919	917	911	893	885	872	871	857	834	821	807	793	787	759	753	743	707	673	661	658	647	644	641	628	625	619	614	608	592	590	584	570	557	550	539	523	521	494	485	478	476	469	412	393	389	383	382	378	362	340	337	321	316	312	310	301	297	269	234	215	197	196	186	174	160	142	141	73	72	69	1	1	1	1	1	1	1	1	1	1	1	1	1	1	1	1	1	1	1	1	1	1	1	1	1	1	1	1	1	1	1	1	1	1	1	1	1	1	1	3	1	1	1	2	2	1	1	1	1	1	1	1	1	1	1	1	1	1	1	1	1	1	1	1	1	1	1	1	1	1	1	1	1	1	1	1
79	1000	984	971	967	941	940	935	933	932	920	917	909	892	850	839	811	804	803	774	773	771	758	741	732	725	715	712	700	678	677	673	672	669	640	638	633	586	583	579	573	569	567	562	558	553	542	518	507	505	492	479	456	453	436	433	429	419	349	327	324	316	314	298	294	260	249	207	204	195	163	138	96	88	70	44	38	22	13	11	10	1	1	1	1	1	1	1	1	1	1	1	1	1	1	1	1	1	1	1	1	1	1	1	1	1	1	1	1	1	1	1	1	1	1	1	1	1	1	1	1	1	1	1	1	1	1	1	1	1	1	1	1	1	1	1	1	1	1	1	1	1	1	1	1	1	1	2	1	1	1	1	1	1	1	1	1	1	1	1
79	1000	999	985	965	962	929	905	894	890	872	852	845	843	824	815	812	807	780	768	755	744	718	695	693	652	639	635	615	607	604	594	588	577	571	569	565	558	549	544	540	534	520	515	508	493	486	484	469	447	433	372	351	350	306	303	293	283	251	247	223	218	190	182	176	168	163	157	156	150	136	105	101	95	75	74	68	52	51	20	12	1	1	1	1	1	1	1	1	1	1	1	1	1	1	1	1	1	1	1	1	1	1	1	1	1	1	1	1	1	1	1	1	1	1	1	1	1	1	1	1	2	1	1	1	1	1	1	1	1	1	1	1	1	1	1	1	1	1	1	1	1	1	1	1	1	1	1	1	1	1	1	1	1	1	1	1	1	1	1
78	1000	974	972	969	968	957	945	922	888	885	864	839	835	826	816	810	804	773	769	758	738	713	695	693	689	673	671	650	648	642	617	554	547	520	519	518	509	504	450	440	433	429	410	367	350	348	347	344	342	326	324	301	286	282	273	272	266	234	211	206	200	194	182	144	141	124	123	101	96	92	81	77	72	67	54	52	16	4	1	1	1	1	1	1	2	1	1	1	1	1	1	1	1	1	1	1	1	1	1	1	1	1	1	1	1	2	1	1	1	1	1	1	1	1	1	1	1	1	1	1	1	1	1	1	1	1	1	1	1	1	1	1	1	1	1	1	1	1	1	1	1	1	1	1	1	1	1	1	1	1	1	1	1	1	1	1	1
