10
74	2000	997	984	979	972	952	942	925	922	918	917	912	902	893	892	884	875	872	858	847	839	836	835	831	821	819	815	804	803	792	790	789	777	766	764	758	756	753	750	749	748	747	733	728	726	712	709	707	699	695	693	672	665	657	650	647	644	633	632	629	622	620	605	598	582	579	569	568	564	550	524	522	512	511	503	1	1	2	1	1	1	1	1	1	2	1	1	1	1	1	1	1	1	1	1	1	1	1	1	1	1	1	1	1	1	1	1	2	1	1	1	1	1	1	1	1	1	1	1	1	2	1	1	1	1	1	1	1	1	1	1	2	1	1	1	1	1	1	1	1	1	2	1	1	1	1	1	1	1
74	2000	988	986	984	966	964	953	952	951	950	949	946	941	933	925	920	917	910	897	861	860	859	855	849	834	833	832	828	823	814	808	805	795	773	769	767	734	719	708	694	681	680	676	666	662	661	642	641	637	630	625	624	614	609	608	607	597	584	582	577	573	571	554	547	543	542	539	538	533	530	526	525	521	514	513	1	1	1	1	1	1	1	1	1	1	1	1	1	1	1	1	1	1	1	1	1	2	2	2	1	1	1	1	1	1	1	1	1	1	1	1	1	1	1	1	2	1	1	1	1	1	1	2	1	1	1	1	2	1	1	1	1	1	1	1	1	1	1	1	1	1	1	1	1	1	1	1	1	1
70	2000	996	995	993	992	990	979	976	969	960	952	945	942	923	919	911	909	884	882	876	868	863	860	829	826	816	814	810	802	796	791	774	763	747	741	732	728	727	725	724	714	713	711	704	687	682	678	677	643	637	635	628	624	623	613	610	605	597	591	590	588	587	580	560	558	542	535	525	523	508	500	1	1	1	1	2	1	1	1	1	2	2	1	1	1	1	1	1	1	1	1	1	1	1	1	2	1	1	1	1	1	1	1	1	1	1	1	2	1	1	1	1	1	1	1	1	1	1	1	2	2	1	1	1	1	1	2	1	1	1	2	1	1	1	1	2	1	1	1	1	1
74	2000	997	989	986	977	973	972	963	952	947	945	944	925	918	915	914	901	900	896	877	874	863	858	851	847	834	820	814	798	797	777	765	756	751	750	741	736	735	731	728	725	713	707	703	699	695	693	689	669	668	666	663	652	651	650	642	639	633	626	625	614	605	588	578	577	572	569	568	567	565	560	555	534	521	513	1	1	1	1	1	1	1	1	1	1	1	1	1	1	1	1	1	2	1	1	1	1	1	1	1	1	1	1	1	1	1	1	1	1	1	1	1	1	1	1	2	1	1	1	1	1	1	1	1	1	2	1	1	1	1	2	1	1	1	1	1	1	1	1	1	1	3	1	1	1	1	1	1	1
73	2000	996	993	980	970	957	942	937	925	916	912	908	907	906	897	881	871	868	867	866	860	855	847	846	844	809	808	806	788	786	784	781	779	775	758	753	746	738	729	723	721	713	707	705	703	682	681	677	673	671	658	653	650	647	642	641	627	622	611	609	583	576	574	564	559	543	540	538	537	529	526	525	513	508	1	1	1	1	1	1	1	2	2	1	1	1	1	1	1	1	1	1	1	1	1	1	1	1	1	1	2	1	1	1	1	1	1	1	1	1	1	1	1	1	1	1	1	1	1	1	1	1	1	2	1	1	2	1	2	2	1	1	1	1	1	1	1	1	1	1	1	1	1	1	1	1	1
73	2000	999	996	985	981	979	976	957	951	949	933	928	915	910	900	896	887	876	875	874	863	862	854	852	851	821	817	803	802	785	782	773	769	764	757	750	745	742	740	736	730	726	718	715	697	681	679	676	668	664	661	660	657	651	645	639	636	631	623	622	613	612	609	572	568	551	550	545	536	533	531	519	513	510	1	1	1	1	1	2	2	1	1	1	1	1	2	1	1	1	1	1	1	1	1	2	1	1	1	1	1	1	1	1	1	1	1	1	1	1	1	2	1	1	1	1	1	1	2	1	1	1	1	1	1	1	1	1	1	1	1	1	1	1	1	1	1	1	1	2	1	1	1	1	1	1	1
75	2000	988	983	978	972	971	969	966	946	944	942	941	925	918	915	914	911	893	887	884	880	876	873	868	866	865	863	860	846	840	828	826	819	807	802	796	795	781	774	766	756	755	754	747	733	732	723	717	715	710	704	702	696	695	646	644	641	640	633	628	622	609	595	591	589	579	572	569	566	565	564	562	545	536	516	506	1	1	1	1	1	1	1	1	1	1	1	1	1	1	2	1	1	1	1	1	1	1	2	1	1	1	2	1	1	1	1	1	2	1	1	1	1	1	1	1	1	1	2	1	1	1	1	1	1	1	1	1	1	1	1	1	1	1	1	1	1	1	1	1	1	1	1	1	1	1	1	1	1	1	1
74	2000	994	983	971	970	966	962	948	943	939	938	934	933	929	926	925	911	910	909	906	903	898	894	891	870	867	857	855	828	813	807	806	796	794	791	790	776	774	770	768	758	756	743	741	738	734	711	703	700	694	669	668	657	643	639	623	608	607	600	599	597	587	584	583	569	568	567	561	557	549	546	540	530	523	514	1	2	1	1	1	1	1	1	1	1	1	1	1	1	1	1	1	1	1	1	2	1	1	1	1	1	1	1	1	2	1	2	2	1	1	1	1	1	1	1	1	1	1	1	1	1	1	1	1	1	1	1	1	1	1	1	1	1	1	1	1	1	1	1	1	1	2	1	1	1	1	1	1	1
71	2000	990	980	979	964	953	946	915	910	898	886	874	868	860	857	849	840	835	825	824	823	816	813	812	804	788	787	782	775	770	768	767	760	759	757	754	753	744	741	739	738	730	710	702	685	682	662	661	655	653	650	638	632	631	622	614	611	610	600	597	591	590	585	580	565	563	561	556	541	530	520	504	1	1	1	1	1	1	1	1	1	1	1	1	1	2	1	3	1	1	1	1	1	2	2	1	1	1	1	1	1	1	1	1	2	1	1	1	1	1	1	1	1	2	1	1	1	1	1	1	1	1	1	1	1	1	1	1	1	1	1	1	1	1	1	1	1	1	1	2	1	1	2
74	2000	978	968	967	965	962	957	940	936	930	929	923	916	915	901	896	894	891	876	874	866	855	850	815	803	793	792	790	783	769	759	756	754	752	745	743	727	724	705	702	687	686	681	678	675	674	670	666	664	660	659	657	650	644	636	626	622	619	604	602	601	573	569	561	560	555	553	547	543	542	539	537	523	517	516	1	1	1	1	1	1	1	1	1	3	1	1	1	2	1	1	1	1	1	1	1	1	1	1	1	1	1	1	1	1	1	1	1	1	1	1	1	1	1	1	1	2	1	1	1	1	1	1	2	1	1	1	1	2	1	1	1	1	1	1	1	1	1	1	1	1	1	1	1	1	1	1	1	1
