10
76	2000	993	974	967	959	923	914	901	886	856	845	844	832	825	812	791	785	783	774	760	746	735	728	724	720	712	710	698	695	678	660	655	638	615	613	605	595	558	553	550	544	540	521	518	502	501	484	465	455	444	443	436	418	414	405	400	396	370	366	356	353	351	343	337	332	324	285	282	266	244	243	233	228	225	208	204	202	1	1	1	1	1	1	1	1	1	1	1	1	1	2	1	1	1	1	1	2	1	2	1	1	1	1	1	1	1	1	1	1	1	1	1	1	1	1	1	1	1	1	1	1	1	1	1	1	1	1	1	1	1	1	2	1	1	1	1	1	1	1	1	1	1	1	1	1	1	1	1	1	1	1	1	1
79	2000	990	985	975	969	968	965	958	955	952	936	921	912	868	867	856	855	827	802	798	789	783	773	768	755	743	740	737	732	700	699	694	677	649	642	638	631	598	593	586	574	569	553	549	541	539	538	530	529	502	493	473	469	468	465	453	422	419	415	403	398	379	370	369	351	345	339	322	321	318	317	270	257	250	245	242	240	220	219	203	1	1	1	1	1	1	1	1	1	1	1	1	1	1	1	1	1	1	1	1	2	1	1	1	1	1	1	1	1	1	1	1	1	1	1	1	1	1	1	1	1	1	1	1	1	1	1	1	1	1	1	1	1	1	1	1	1	1	1	1	1	1	1	1	1	1	1	1	1	1	1	1	1	1	1	1	1	1	1
80	2000	990	986	980	977	967	964	963	953	948	944	915	914	904	903	895	892	890	885	866	833	828	811	810	806	802	797	786	738	735	718	701	692	690	685	684	683	682	679	676	669	655	652	640	633	625	621	620	613	605	602	600	584	561	559	552	541	500	492	487	473	460	436	435	429	428	405	402	397	349	341	326	283	280	278	266	236	230	227	214	208	1	1	1	1	1	1	1	1	1	1	1	1	1	1	1	1	1	1	1	1	1	1	1	1	1	1	1	1	1	1	1	1	1	1	1	1	1	1	1	1	1	1	1	1	1	1	1	1	1	1	1	1	1	1	1	1	1	1	1	1	1	1	1	1	1	1	1	1	1	1	1	1	1	1	1	1	1	1	1	1
76	2000	997	981	979	976	957	950	938	936	932	928	924	922	912	905	898	896	886	862	856	851	843	838	782	779	758	757	755	751	749	737	724	720	703	699	694	673	672	671	662	655	652	623	621	619	607	602	595	560	542	530	524	519	512	498	479	461	431	399	382	367	366	361	334	321	304	285	282	276	269	252	233	221	220	214	212	210	1	1	1	1	1	2	1	1	1	1	1	1	1	1	1	1	1	1	1	1	1	1	1	1	1	1	2	1	1	1	1	1	1	1	1	2	1	1	1	1	1	1	1	1	1	1	1	1	1	1	1	1	1	1	1	1	1	1	1	1	1	1	1	1	1	1	1	1	1	1	1	1	1	2	1	1
78	2000	993	964	960	951	944	936	928	915	908	897	894	891	872	856	828	813	797	796	776	775	766	765	746	743	736	723	707	705	703	691	677	676	675	672	667	665	660	642	605	601	586	576	566	532	531	523	488	485	473	463	452	428	414	407	394	368	365	344	342	338	336	335	319	305	295	287	265	263	260	254	244	237	227	226	222	218	208	206	1	1	1	1	1	1	1	1	1	1	2	1	1	1	1	1	1	1	1	1	1	1	1	1	1	1	1	1	1	1	1	1	1	1	1	1	1	1	1	1	1	1	1	1	1	1	1	1	1	1	1	1	1	1	1	1	1	1	1	2	1	1	1	1	1	1	1	1	1	1	1	1	1	1	1	1	1	1
76	2000	999	973	968	957	945	937	934	925	919	918	896	882	862	850	841	833	825	821	820	818	803	776	760	752	746	742	737	731	725	711	704	702	696	695	669	664	662	656	652	625	624	582	554	536	528	504	495	493	486	477	468	467	464	449	440	431	409	400	395	390	388	371	325	313	297	266	264	255	253	239	237	233	229	211	210	203	1	1	1	1	1	1	1	1	1	1	1	1	1	1	1	1	1	1	1	1	1	1	1	1	1	1	1	1	1	1	1	1	1	1	1	1	2	1	1	1	1	1	1	2	1	1	1	1	1	1	1	1	1	1	1	1	1	1	1	1	1	1	1	1	2	1	1	1	1	1	1	1	1	1	2	1
75	2000	984	973	956	928	918	917	890	885	884	859	800	788	782	772	770	765	761	759	749	748	747	743	741	735	734	728	727	697	695	693	666	645	626	623	601	597	593	588	582	581	564	559	543	535	522	503	502	470	460	458	444	441	438	437	421	403	401	399	394	392	383	340	339	332	327	309	301	291	254	231	219	218	213	206	205	1	1	1	1	2	1	1	1	1	1	1	2	1	2	1	1	1	1	1	1	1	1	1	1	1	1	1	1	1	1	1	1	1	1	1	1	1	1	1	1	1	1	1	1	1	1	1	1	1	1	1	1	1	1	1	1	1	1	1	1	1	1	1	1	1	2	1	2	1	1	1	1	1	1	1
74	2000	996	975	960	941	939	936	925	917	904	901	900	894	892	854	844	836	831	829	809	799	796	787	777	775	768	762	761	755	752	739	728	726	722	709	705	703	664	651	644	640	608	595	586	570	564	558	545	537	527	519	504	492	472	465	450	428	424	420	416	414	412	377	351	345	342	313	312	311	309	271	268	252	243	230	1	1	1	1	1	1	1	1	1	1	1	1	1	1	1	1	1	1	1	1	1	1	1	1	1	1	1	1	2	1	2	1	1	1	1	1	1	1	1	2	1	1	1	1	1	1	1	1	1	1	1	1	2	1	1	1	1	1	1	1	1	1	2	1	1	1	1	2	1	1	1	1	1	1
71	2000	986	981	973	971	970	949	937	912	908	894	880	875	867	849	830	816	797	789	770	768	761	725	716	711	707	696	693	690	670	638	623	617	614	613	603	599	577	556	553	520	471	461	454	452	444	439	430	429	423	419	404	402	400	396	394	390	386	373	331	329	290	288	265	262	258	253	241	240	226	209	202	1	1	2	1	1	1	1	1	1	1	1	1	1	1	1	2	1	1	2	1	1	2	2	1	1	1	1	1	1	1	1	1	1	1	1	1	1	1	1	1	1	2	1	1	1	1	1	1	1	2	1	1	1	1	2	1	1	1	1	1	1	1	1	2	1	1	1	1	1	1	1
74	2000	998	990	967	966	965	957	953	947	933	908	894	876	872	869	856	849	848	838	831	830	823	818	770	767	757	754	728	724	714	711	710	703	690	678	652	641	639	625	586	582	580	559	554	542	535	526	491	490	486	472	468	449	438	426	419	395	382	364	363	343	315	314	304	295	280	279	274	267	264	259	241	227	224	202	1	1	1	1	1	1	2	2	1	1	1	2	2	1	1	1	1	1	1	1	1	1	1	2	1	1	1	1	1	1	1	1	1	1	1	1	1	1	1	1	1	1	1	1	1	1	1	1	1	1	1	1	1	1	1	1	1	2	1	1	1	1	1	1	1	1	1	1	1	1	1	1	1	1
