10
79	2000	998	993	967	952	932	927	909	908	901	883	870	840	830	823	818	795	793	788	769	765	752	747	731	722	692	677	663	658	642	583	580	558	554	539	537	503	491	488	467	460	435	431	419	413	409	405	388	378	373	368	343	310	308	305	302	288	287	278	271	228	225	223	214	210	198	193	172	159	141	133	127	117	109	88	85	80	59	51	4	1	1	1	1	1	1	1	1	1	1	1	1	1	1	1	1	1	1	1	1	1	1	1	1	1	1	1	1	1	1	1	2	1	1	1	1	1	1	1	1	1	1	1	1	1	1	1	1	1	1	1	1	1	1	1	1	1	1	1	1	1	1	1	1	1	1	1	1	1	1	1	1	1	1	1	1	1	1	1
78	2000	988	983	973	936	912	911	899	891	878	874	869	865	863	861	842	834	833	827	823	798	792	781	756	749	727	699	693	686	678	663	658	656	638	631	628	587	580	577	575	538	531	525	511	506	453	425	415	401	391	361	343	336	333	322	309	298	286	262	250	245	239	228	226	211	194	173	160	139	126	114	105	101	88	76	73	42	40	3	1	1	1	1	1	1	1	1	1	1	1	1	1	1	1	1	1	1	1	1	1	1	1	1	1	1	1	1	1	1	1	1	1	1	1	1	1	1	1	1	1	1	1	1	1	1	1	1	1	1	1	1	1	1	1	1	1	1	1	1	1	1	1	1	1	1	2	2	1	1	1	1	1	1	1	1	1	1
78	2000	983	970	942	937	875	864	861	851	821	811	792	787	784	782	772	763	761	744	736	733	712	706	695	691	670	664	661	650	615	604	597	587	573	525	519	512	504	500	498	480	479	466	442	432	419	404	393	373	364	360	355	342	329	324	304	289	255	249	242	224	217	206	178	173	151	145	137	129	111	108	105	100	79	59	20	6	4	3	1	1	1	1	1	1	1	1	1	1	1	1	1	1	1	1	1	1	1	1	1	1	2	1	1	1	1	1	1	1	1	2	1	1	1	1	1	1	1	1	1	1	1	1	1	1	1	1	1	1	1	1	1	1	1	1	1	1	1	1	1	1	1	1	1	1	1	1	1	1	1	1	1	1	1	1	1	1
78	2000	994	977	950	933	912	903	902	899	894	892	880	879	851	834	817	808	796	789	760	738	727	726	723	677	674	665	645	628	626	610	602	588	583	564	543	530	526	523	505	485	481	476	452	434	403	387	385	373	370	357	353	349	338	322	320	299	237	223	206	203	183	173	172	161	151	129	126	125	95	83	77	72	48	29	28	26	10	5	1	1	1	2	1	1	1	1	1	1	1	1	1	1	1	1	1	1	1	1	1	2	1	1	1	1	1	1	1	1	1	1	1	1	1	1	1	1	1	1	1	1	1	1	1	1	1	1	1	1	1	1	1	1	1	1	1	1	1	1	1	1	1	1	1	1	1	1	1	1	1	1	1	1	1	1	1	1
77	2000	989	971	968	952	945	922	912	911	899	894	893	881	851	829	825	811	796	788	783	782	777	775	703	675	673	662	655	640	632	630	600	592	585	579	569	556	534	526	519	518	516	515	482	459	457	431	427	417	415	394	390	377	351	340	331	329	322	318	300	282	251	247	241	238	207	188	187	171	151	128	109	105	77	68	45	37	35	1	1	1	1	1	1	1	1	1	1	1	1	1	1	1	1	1	1	1	1	1	1	1	1	1	1	1	1	1	2	1	1	1	1	1	1	1	1	1	1	1	1	1	1	1	1	1	1	1	1	1	2	1	1	1	1	1	1	1	1	1	1	1	1	1	1	1	2	1	1	1	1	1	1	1	1	1
76	2000	988	985	963	941	922	915	909	867	840	824	798	774	770	756	743	741	735	730	717	705	687	683	676	627	610	604	591	584	577	574	571	564	558	546	522	512	507	483	467	463	462	459	454	443	435	429	417	402	376	366	355	322	302	294	281	264	244	233	231	228	226	216	209	192	189	182	164	99	95	87	76	65	43	40	18	12	1	1	1	1	1	1	1	1	2	1	1	1	1	1	1	1	1	1	1	1	1	1	1	1	1	1	1	1	1	1	1	1	1	2	1	1	1	1	1	1	1	1	1	1	1	1	1	1	2	1	1	1	1	1	1	1	1	1	1	1	1	1	1	1	1	2	1	1	1	1	1	1	1	1	1	1
75	2000	988	976	947	940	909	881	872	857	847	840	836	812	801	793	757	755	751	708	684	666	654	640	635	612	598	592	589	571	561	552	543	535	532	507	501	495	481	476	472	447	434	430	371	365	349	326	305	301	297	296	282	281	279	276	237	201	200	198	194	182	157	130	129	119	118	116	110	87	77	75	55	36	31	22	21	1	1	1	1	1	1	1	1	1	1	1	1	1	1	2	1	1	1	1	2	1	1	1	1	1	1	1	1	1	1	1	1	1	1	1	1	1	1	1	1	2	1	1	1	1	1	1	1	1	1	1	1	1	1	1	1	1	2	2	1	1	1	1	1	1	1	1	1	1	1	1	1	1	1	1
77	2000	999	995	990	979	972	955	930	927	925	923	911	890	878	873	826	808	799	791	779	775	730	722	713	686	676	674	662	651	648	646	594	584	563	557	548	534	525	521	503	500	472	459	453	441	426	390	387	357	350	335	333	330	317	306	303	289	285	266	259	247	215	206	201	156	150	149	148	135	105	92	74	55	39	33	19	18	13	1	1	2	1	1	1	1	1	1	1	1	1	1	1	1	1	1	1	1	1	1	1	1	1	1	1	1	1	1	1	1	1	1	1	1	1	1	1	1	1	1	1	1	1	1	1	1	1	1	1	1	1	1	1	1	1	1	1	1	1	1	1	1	2	1	1	1	1	1	1	1	1	1	1	2	1	1
76	2000	979	975	969	966	965	953	930	917	900	880	879	863	853	836	833	818	801	799	782	775	772	763	749	723	705	698	672	663	657	649	640	635	611	593	585	579	571	559	535	521	502	487	471	458	414	393	383	343	330	328	295	293	261	252	248	244	236	231	179	175	146	134	106	103	88	83	82	75	71	59	42	37	28	21	13	12	1	1	1	1	1	1	1	1	1	1	1	1	1	1	1	1	1	1	1	1	1	1	1	1	1	2	1	1	1	1	1	1	1	1	2	1	1	1	1	1	1	1	1	1	1	1	1	1	1	1	1	1	1	1	1	1	1	1	1	1	1	1	1	1	1	1	1	1	1	1	1	1	1	2	1	2
74	2000	978	975	973	929	904	898	868	860	858	850	845	826	798	794	789	788	786	740	714	708	689	684	664	628	627	603	574	564	551	549	542	530	515	494	491	482	442	432	431	426	423	372	369	357	327	322	320	300	286	265	258	232	228	222	221	215	198	179	174	170	160	158	155	145	144	139	120	109	88	74	68	64	55	35	1	1	1	2	2	1	1	1	1	1	1	1	1	1	1	1	1	1	1	1	1	1	1	1	1	1	1	1	1	1	2	1	1	2	1	2	1	1	1	1	1	1	1	1	1	1	1	1	1	1	1	1	1	1	1	1	1	1	1	1	1	1	1	1	2	1	1	1	1	1	1	1	1	1
