10
78	3000	997	988	982	962	945	910	908	872	859	842	809	804	801	782	777	774	772	766	763	752	738	737	707	690	677	676	671	660	650	640	625	619	603	602	594	591	565	560	539	510	482	467	457	436	434	421	420	394	341	336	291	289	286	275	242	239	235	223	211	206	195	194	187	179	135	125	117	111	94	89	82	79	77	65	44	16	14	6	1	1	1	1	1	1	1	1	1	1	1	1	1	1	1	1	1	1	1	1	1	1	1	1	1	1	1	1	1	1	1	1	1	2	1	1	1	1	1	1	1	1	1	1	1	1	1	1	1	1	1	1	1	1	1	1	1	1	1	1	1	1	1	1	1	1	1	2	1	1	1	1	1	1	1	1	1	1
76	3000	993	943	939	938	935	912	891	888	882	879	866	861	828	819	789	770	764	745	738	736	685	682	661	632	628	624	622	619	617	606	602	596	591	575	573	571	566	555	549	526	523	506	487	482	425	419	413	406	402	376	360	347	346	333	318	287	263	245	235	214	195	193	178	166	119	117	115	113	82	53	34	32	25	24	9	6	1	1	1	1	1	1	1	2	1	1	1	1	1	1	2	1	1	1	1	1	1	1	1	1	1	1	1	1	1	2	1	1	1	1	1	1	1	1	1	1	1	1	1	1	1	1	1	1	1	2	1	1	1	1	1	1	1	1	1	1	1	1	1	1	1	1	1	1	1	1	1	1	1	1	1	1
74	3000	997	993	984	967	964	950	946	927	900	889	882	861	834	802	797	793	780	765	725	722	719	715	697	690	670	644	627	619	608	587	533	531	509	496	480	468	459	407	399	395	378	374	357	353	344	341	302	299	298	245	219	210	195	186	181	177	158	142	122	121	119	106	102	100	92	87	80	71	68	61	55	28	13	6	1	1	1	1	1	1	2	1	1	1	1	1	1	1	1	1	1	1	1	1	1	2	1	1	1	1	1	1	1	1	2	1	1	1	1	1	1	1	1	1	1	1	1	1	1	1	2	1	1	1	1	1	1	1	1	1	1	2	1	1	1	1	1	1	1	1	2	1	1	1	1	1	1	1
78	3000	979	973	953	920	911	907	902	897	889	873	871	837	797	790	781	764	745	713	711	707	703	672	667	658	657	626	589	582	579	568	557	550	543	538	522	512	490	484	474	473	462	437	435	412	394	386	378	374	366	334	308	277	270	266	264	259	252	207	192	189	156	152	148	144	143	137	115	114	87	79	67	62	52	30	23	21	13	11	1	1	1	1	1	1	1	1	1	1	1	1	1	1	1	1	1	1	1	1	1	1	1	1	1	1	1	1	1	1	1	1	1	1	1	1	1	1	1	1	1	1	1	1	1	1	1	1	1	2	1	1	1	1	1	1	1	1	1	1	1	1	2	1	1	1	1	1	1	1	1	1	1	1	1	1	1	1
75	3000	996	987	979	973	964	956	938	930	920	910	905	889	884	876	870	839	833	824	823	807	784	752	740	734	732	729	678	664	630	627	595	593	556	533	531	510	481	473	462	429	425	423	409	405	376	371	363	345	336	329	313	304	285	282	273	246	244	217	216	215	196	190	187	185	163	155	148	136	125	120	99	86	40	30	20	1	2	1	1	1	1	1	1	1	1	2	1	1	1	1	1	1	1	1	1	1	1	1	1	1	1	1	1	1	1	1	1	1	1	1	1	1	1	1	2	1	1	1	1	1	1	1	1	1	1	1	1	1	1	1	2	1	1	1	1	1	1	1	1	1	1	1	1	2	1	1	1	1	1	1
79	3000	994	988	979	973	968	939	938	914	908	897	849	840	834	830	829	817	811	787	776	775	725	707	706	700	682	680	656	649	639	636	632	626	618	608	596	562	552	501	494	489	487	440	426	418	416	397	355	353	347	340	339	308	295	274	271	247	244	242	235	215	214	199	179	173	153	149	146	122	118	110	109	100	99	81	49	42	40	5	3	1	1	1	1	1	1	1	1	1	1	1	1	1	1	1	1	1	1	1	1	1	1	1	1	1	1	1	1	1	1	1	1	1	1	1	1	1	1	1	1	1	1	1	1	1	1	2	1	1	1	1	1	1	1	1	1	1	1	1	1	1	1	1	1	1	1	1	1	1	1	1	1	1	1	1	1	1	1	1
74	3000	997	981	974	955	944	936	880	878	874	821	813	803	802	798	759	748	731	699	680	670	645	642	624	595	590	579	571	554	553	547	544	540	537	524	522	507	503	497	496	491	469	462	457	390	375	362	361	360	353	352	343	322	321	315	303	288	281	245	237	231	214	202	188	173	156	155	149	123	105	95	92	48	19	2	1	1	1	1	1	1	2	1	1	1	1	1	1	1	1	1	1	1	1	1	1	1	1	1	1	1	1	1	2	1	1	1	1	1	1	1	1	1	1	1	1	2	1	1	1	1	1	1	2	1	1	1	1	1	1	1	1	1	2	1	1	1	1	1	1	1	1	1	1	1	2	1	1	1
76	3000	957	947	922	919	904	902	893	890	888	886	882	871	863	843	839	820	794	748	739	736	729	714	709	684	664	661	659	637	629	622	618	610	600	554	524	511	508	501	490	489	480	458	449	425	404	398	395	394	390	346	317	313	302	301	266	262	255	240	231	207	202	183	175	172	167	150	138	137	124	115	104	61	42	34	25	4	1	1	1	1	2	1	1	1	1	1	1	1	1	1	1	1	1	1	1	1	2	1	1	1	1	1	1	1	1	1	1	1	2	1	1	1	1	1	1	1	1	1	1	1	1	1	1	1	1	2	1	1	1	1	1	1	1	1	1	1	1	1	1	1	1	1	1	1	1	1	1	1	1	1	1	1
76	3000	987	967	959	935	925	907	898	889	872	854	829	810	782	780	776	772	755	732	727	720	717	716	697	690	686	668	644	617	614	604	600	582	576	561	547	545	541	488	475	474	468	452	386	385	358	356	352	333	329	321	304	295	271	237	230	226	181	167	162	159	148	128	124	123	118	102	84	74	49	47	34	33	27	23	11	4	1	1	1	2	1	1	1	1	1	1	1	1	2	1	1	2	1	1	1	1	1	1	1	1	1	1	1	1	1	1	1	1	1	1	1	1	1	2	1	1	1	1	1	1	1	1	1	1	1	1	1	1	1	1	1	1	1	1	1	1	1	1	1	1	1	1	1	1	1	1	1	1	1	1	1	1
72	3000	985	970	968	960	942	940	934	931	924	903	898	864	802	798	793	781	750	742	726	723	720	714	712	699	690	672	650	633	624	614	606	568	558	550	512	496	495	492	473	463	458	428	411	409	407	369	357	328	324	322	297	293	276	275	270	266	245	243	228	223	216	206	193	192	124	118	100	76	71	55	25	18	2	1	1	1	1	1	1	1	1	1	1	1	1	1	1	1	1	1	1	1	1	1	1	1	1	1	1	1	2	1	1	1	1	2	2	1	1	1	2	1	2	1	1	1	1	1	1	1	1	1	1	1	1	1	1	1	1	1	1	1	1	2	1	1	1	1	1	1	1	1	2	1
