10
75	3000	986	979	971	970	954	938	931	902	894	876	872	857	855	852	848	837	830	825	812	803	791	758	752	734	731	701	690	686	680	669	666	662	642	632	629	627	626	614	608	595	591	577	571	558	556	535	520	516	499	495	487	479	469	431	424	420	408	385	378	375	372	365	359	340	336	333	321	320	314	303	300	294	287	245	228	1	1	1	1	1	2	1	1	1	1	1	1	1	1	1	3	1	1	1	1	1	1	1	1	1	1	1	1	1	1	1	1	1	1	1	1	1	1	1	1	1	1	1	1	1	1	1	1	1	1	1	1	1	1	1	1	1	1	1	1	2	1	1	1	1	1	2	1	1	1	1	1	1	1	1
72	3000	995	985	984	978	965	958	952	939	937	935	917	915	913	905	894	893	882	881	861	846	833	810	804	786	785	781	778	773	735	728	716	698	685	679	670	666	656	625	616	583	570	548	530	529	519	509	496	469	456	454	451	448	436	435	431	416	400	381	380	370	363	352	349	344	342	287	243	223	204	202	201	200	1	1	1	1	1	1	1	1	1	1	1	1	1	1	1	1	1	1	1	1	1	1	1	1	2	1	1	1	1	1	1	2	2	1	2	1	1	1	1	2	1	1	2	1	1	1	1	1	1	1	1	1	1	1	1	2	1	1	1	1	1	1	1	1	1	1	1	2	1	1	1	1
77	3000	997	984	981	965	959	955	938	933	932	917	912	902	893	889	874	862	855	852	851	834	822	814	802	777	765	753	740	734	715	710	698	695	670	661	654	632	618	613	605	600	596	593	590	583	574	560	518	510	499	473	469	450	440	408	406	401	399	389	381	371	359	357	352	345	333	330	329	314	307	298	281	280	259	251	242	234	214	2	1	1	1	1	1	1	1	1	1	1	1	1	1	1	1	1	1	1	1	1	1	1	1	1	1	1	1	1	2	1	1	1	1	1	1	1	1	1	1	1	1	1	1	1	1	1	1	1	1	1	1	1	1	1	1	1	1	1	1	1	1	1	1	1	1	1	1	2	1	1	1	1	1	1	1	1
77	3000	999	994	981	980	975	965	961	942	938	937	918	909	896	893	884	880	861	858	851	818	808	807	799	790	789	767	755	741	715	713	705	689	682	674	669	668	659	611	608	607	583	568	548	537	506	496	481	480	476	461	457	450	441	432	431	418	396	384	379	368	367	352	335	334	327	323	321	301	292	283	277	263	231	228	209	207	204	1	1	1	1	1	1	1	1	1	1	1	1	1	1	1	2	1	1	1	2	1	1	1	1	1	1	1	1	1	1	1	1	1	1	1	1	1	1	1	1	1	1	1	1	1	1	1	1	1	1	1	1	1	1	1	1	1	1	1	1	1	1	2	1	1	1	1	1	1	1	1	1	1	1	1	1	1
78	3000	998	987	981	966	961	958	933	928	918	916	909	891	885	884	875	867	853	849	841	837	833	832	816	796	794	793	785	775	765	756	750	748	736	731	726	718	707	698	687	664	640	639	631	629	596	594	585	552	551	538	512	504	490	487	479	456	454	448	427	413	411	380	378	365	360	358	350	349	346	338	325	306	303	281	253	252	224	209	1	1	1	1	1	1	1	1	1	1	1	1	1	1	1	1	1	1	1	1	1	1	1	1	1	1	1	1	1	1	1	1	1	1	1	1	1	1	1	1	1	1	1	1	1	1	1	1	1	1	2	1	1	1	1	1	1	1	1	1	2	1	1	1	1	1	1	1	1	1	1	1	1	1	1	1	1	1
72	3000	999	957	949	922	907	904	901	889	888	872	871	850	841	778	777	768	763	755	750	745	732	730	727	717	709	690	683	674	668	645	630	629	625	609	598	595	559	557	553	545	519	518	505	496	494	472	471	466	461	416	414	412	409	407	386	385	382	373	366	322	313	309	297	277	276	272	257	252	229	225	216	207	2	1	1	1	1	3	1	2	1	1	1	1	2	1	1	1	1	1	2	1	1	1	1	1	1	1	1	1	1	1	2	1	1	1	1	1	2	1	1	1	1	1	1	1	1	1	1	1	1	1	1	1	1	1	1	1	1	1	1	1	1	1	1	1	1	1	1	1	1	1	1	1
76	3000	998	990	972	945	935	928	915	899	893	876	871	865	841	814	813	803	798	795	791	790	783	781	779	764	759	755	734	733	718	716	712	693	690	689	681	664	652	648	644	643	637	619	560	559	558	549	540	531	516	515	505	472	460	454	415	408	399	398	375	369	356	349	315	312	299	298	288	276	266	252	249	240	234	228	217	215	1	1	1	1	1	1	1	1	1	1	1	1	2	1	1	1	2	1	1	2	1	1	1	1	1	1	1	1	1	1	1	1	1	1	1	1	1	1	1	1	1	1	1	1	1	1	1	1	1	1	2	1	1	1	1	1	1	1	1	1	1	1	1	1	1	1	1	1	1	1	1	1	1	1	1	1
74	3000	995	983	968	942	929	927	925	895	891	873	861	850	826	818	804	797	785	783	762	718	685	681	677	671	669	662	651	646	645	641	637	634	615	612	588	585	573	571	564	552	547	542	525	510	500	494	492	491	490	483	478	466	452	445	440	410	409	403	396	391	371	334	319	304	301	294	288	274	270	267	261	257	215	202	1	1	1	1	1	1	1	1	1	1	1	1	1	1	1	1	1	1	1	1	1	1	1	2	1	1	1	1	1	1	1	2	1	1	2	1	1	1	1	1	1	1	1	1	2	1	1	1	1	1	1	1	1	1	1	1	1	1	1	2	1	1	1	1	1	1	1	2	1	1	1	1	1	1
79	3000	995	988	969	937	895	888	862	853	850	848	802	800	791	786	776	773	770	764	763	762	756	744	724	723	705	701	693	691	647	632	629	625	621	581	559	555	548	541	537	532	525	518	493	474	458	457	453	437	410	406	385	383	382	380	375	373	360	353	331	324	317	310	301	300	299	295	289	283	277	274	262	261	258	251	245	234	215	210	201	1	1	1	1	1	1	1	1	1	1	1	1	1	1	1	1	1	1	1	1	1	1	1	1	1	2	1	1	1	1	1	1	1	1	1	1	1	1	1	1	1	1	1	1	1	1	1	1	1	1	1	1	1	1	1	1	1	1	1	1	1	1	1	1	1	1	1	1	1	1	1	1	1	1	1	1	1	1	1
76	3000	998	996	982	979	963	962	951	947	941	939	925	921	920	919	900	872	871	868	864	859	845	839	835	820	816	811	805	791	780	755	733	689	679	661	655	633	620	618	610	598	595	592	585	581	577	573	571	550	546	545	543	523	492	484	482	478	476	468	466	454	439	437	406	404	403	397	369	349	344	318	316	289	280	264	236	221	1	1	1	1	1	1	1	1	1	1	1	1	1	1	1	1	1	1	2	1	1	1	1	1	1	1	1	1	1	1	1	1	1	1	1	1	1	1	1	2	1	1	1	1	1	1	1	1	2	1	1	1	1	1	1	1	2	1	1	1	1	1	1	1	1	1	1	1	1	1	1	1	1	1	1	1
