10
76	3000	982	972	959	957	954	953	952	946	928	923	913	895	883	879	873	866	864	858	856	844	839	818	813	810	807	797	796	783	782	776	765	759	753	752	745	740	738	737	727	720	713	706	700	694	689	684	682	681	668	666	655	653	648	643	637	632	624	619	601	594	592	587	584	579	578	575	566	562	559	558	547	535	532	518	506	500	1	1	1	1	1	1	1	1	1	1	1	1	1	1	1	1	1	1	1	1	1	1	1	1	1	1	1	1	1	1	1	1	2	1	1	1	1	1	1	1	1	2	1	1	1	1	1	1	1	1	1	1	1	1	1	1	1	1	1	1	1	1	1	1	1	1	2	1	1	1	1	1	2	1	1	1
69	3000	997	993	982	981	977	968	962	961	960	951	947	939	937	913	912	894	891	888	887	878	875	869	868	866	863	862	860	851	835	827	811	783	780	776	767	757	756	753	745	736	732	728	692	691	686	666	665	661	652	645	644	636	615	602	598	593	591	587	583	573	562	553	551	541	538	527	525	523	504	3	1	1	2	1	1	1	2	1	1	1	1	1	1	1	1	1	1	1	1	1	1	1	1	1	1	1	1	1	1	2	1	1	1	1	2	1	1	1	1	2	1	1	1	1	1	1	1	1	1	2	1	2	1	1	1	2	1	1	2	1	1	1	1	1	1	1	1	1
75	3000	997	996	994	991	964	960	958	957	953	949	941	921	920	917	916	914	907	902	896	891	887	886	884	882	880	874	873	866	864	861	853	852	841	840	838	836	835	830	814	802	789	784	766	763	757	751	748	719	717	715	708	705	702	690	689	684	680	663	644	626	623	615	611	606	603	588	568	553	540	529	528	515	514	504	501	1	1	1	1	1	1	1	1	1	1	1	1	1	1	1	1	1	1	1	1	1	1	1	1	1	1	1	1	1	1	1	1	1	1	1	2	1	1	1	1	1	1	1	1	1	1	1	1	1	1	1	1	1	1	1	1	1	2	1	2	1	1	1	1	1	1	1	1	2	2	1	1	1	1	1
75	3000	997	992	984	983	981	978	974	967	965	947	944	941	940	934	923	918	914	909	892	883	875	857	851	847	842	839	838	835	826	812	805	789	785	780	777	776	775	774	772	770	757	751	742	740	733	714	702	699	698	696	690	669	654	648	646	628	623	615	608	605	601	599	598	597	596	594	590	556	548	528	526	518	515	512	502	1	1	1	1	1	1	1	1	1	1	1	1	1	1	1	1	1	2	1	1	1	2	1	1	1	1	1	1	1	1	1	1	1	1	1	1	1	1	2	1	1	1	1	1	1	1	1	1	1	1	1	1	1	1	1	1	1	1	2	1	1	1	1	1	1	1	1	1	1	1	1	1	1	2	1
74	3000	999	995	980	977	975	969	958	956	949	939	934	927	921	920	904	893	890	888	887	885	875	859	856	853	846	834	833	822	817	808	807	805	796	787	783	769	767	748	739	718	713	686	679	675	672	666	665	662	659	655	653	652	649	646	629	619	616	614	613	592	588	586	585	580	568	564	561	554	550	543	539	533	529	510	1	1	1	1	2	1	1	1	1	1	1	1	1	1	1	1	1	1	1	1	1	1	1	1	1	1	1	1	1	1	1	1	1	1	1	1	1	1	1	1	1	1	1	1	1	2	2	1	1	1	1	1	1	1	1	1	2	1	1	1	1	2	1	1	1	1	1	1	1	1	1	1	1	2
74	3000	996	982	973	972	956	955	948	944	942	941	921	910	908	903	894	892	888	881	873	866	857	856	852	849	835	823	814	808	802	782	760	757	755	752	745	741	734	733	731	727	721	720	716	714	711	700	692	677	674	659	658	655	654	643	642	641	637	624	620	615	614	607	583	580	578	575	573	564	555	525	523	520	518	510	1	1	1	1	1	1	1	1	2	1	1	1	1	2	1	1	1	1	1	1	1	1	1	1	1	1	1	1	1	1	2	1	1	1	1	1	1	1	1	1	1	1	1	2	2	1	1	1	1	1	1	1	1	1	1	1	1	1	1	1	1	1	1	1	1	1	1	1	1	1	2	1	1	1
79	3000	998	993	990	982	981	971	968	960	959	955	951	941	939	935	933	923	907	893	888	886	880	871	868	864	859	848	841	824	817	811	810	809	795	791	781	779	775	771	767	761	760	748	746	736	730	715	714	708	693	691	680	677	676	672	669	666	654	643	639	636	628	626	617	614	611	604	602	596	582	571	567	554	553	551	549	537	512	510	504	1	1	1	1	1	1	1	1	1	1	1	1	1	1	1	1	1	1	1	1	1	1	1	1	1	1	1	1	1	1	1	1	1	1	1	1	1	2	1	1	1	1	1	1	1	1	1	1	1	1	1	1	1	1	1	1	1	1	1	1	1	1	1	1	1	1	1	1	1	1	1	1	1	1	1	1	1	1	1
76	3000	998	991	976	967	962	961	960	959	949	948	946	938	931	924	920	912	908	898	893	866	862	854	850	847	846	844	841	835	819	805	794	791	790	770	767	757	738	735	727	724	714	705	703	700	699	696	691	690	688	678	677	674	665	664	657	643	637	631	627	622	620	611	609	593	589	580	563	558	553	539	531	523	514	504	503	502	1	1	1	1	1	1	1	1	1	1	1	1	1	1	1	1	1	3	1	1	1	1	1	1	1	1	1	1	1	1	1	2	1	1	1	1	1	1	1	1	1	1	1	1	1	1	1	1	1	1	1	1	1	1	1	1	1	1	1	1	1	1	1	1	1	1	1	1	1	1	1	2	1	1	1	1
71	3000	994	983	968	964	961	959	957	917	907	905	901	894	891	882	856	852	833	819	817	807	804	798	792	789	788	782	779	778	774	773	772	758	757	755	751	742	741	733	732	707	697	687	686	685	678	677	676	673	666	661	647	643	640	631	618	614	603	592	587	584	581	580	574	569	561	544	531	529	525	502	500	1	1	1	1	1	1	1	1	1	1	1	1	1	1	1	1	1	1	2	1	1	1	3	1	1	1	1	2	1	2	1	1	1	1	1	1	2	1	1	1	1	1	1	1	1	1	1	1	1	1	3	1	1	1	1	1	1	1	1	1	1	1	1	1	1	1	1	2	1	1	1
71	3000	995	984	973	971	965	956	943	935	932	926	921	917	914	913	911	905	900	898	891	867	852	840	838	827	817	803	796	793	779	759	745	742	737	736	718	716	711	708	699	698	683	679	677	672	671	656	654	648	637	629	617	614	613	594	587	586	581	573	559	553	548	545	544	537	534	532	520	517	516	512	502	1	1	2	1	2	1	1	1	1	1	1	1	1	2	1	2	1	1	1	1	1	1	1	1	1	1	1	1	1	1	1	1	1	1	1	3	1	1	1	1	1	1	1	1	1	1	1	2	1	1	1	1	1	1	1	1	1	1	1	1	1	1	2	1	1	1	1	1	2	1	1
