10
75	4000	999	996	993	989	988	987	985	981	977	976	968	961	942	936	934	922	919	913	910	905	901	894	890	876	873	851	850	848	847	832	824	811	810	806	804	775	773	770	769	754	750	744	741	728	716	712	703	696	685	679	672	666	665	654	650	647	646	637	636	626	620	617	608	603	601	595	590	585	569	563	560	547	538	520	505	1	1	1	1	2	1	2	1	1	1	1	1	2	1	1	1	1	1	1	1	1	1	1	1	2	1	1	1	1	1	1	1	1	1	1	1	1	2	1	1	1	1	1	1	1	1	1	1	1	1	1	1	1	1	1	1	1	1	1	1	1	1	1	1	1	1	1	1	1	1	1	1	1	1	1
74	4000	987	985	976	975	969	967	962	960	947	943	938	927	921	920	912	911	905	900	894	872	865	862	857	845	842	839	833	819	801	786	776	769	742	711	710	705	701	685	681	679	675	673	668	667	664	663	662	655	654	649	648	644	641	637	631	629	623	621	613	612	608	605	604	602	586	573	558	543	539	528	522	516	508	506	1	1	1	1	1	2	2	1	2	1	1	1	1	1	1	1	1	1	1	1	1	1	1	1	1	1	2	1	1	1	1	1	1	1	1	1	1	1	1	1	1	1	1	1	1	1	1	1	1	1	1	1	1	1	1	1	1	2	1	1	1	1	1	1	1	1	1	2	1	1	1	1	1	1
73	4000	998	986	982	979	967	958	953	949	946	938	936	934	932	912	898	894	891	889	888	885	880	866	855	847	835	811	806	784	783	779	778	776	775	774	765	763	752	750	747	742	740	739	727	725	719	718	716	712	701	700	689	669	668	663	658	644	632	627	615	612	607	594	589	588	586	584	582	556	550	540	521	516	514	2	1	1	1	1	1	1	1	2	1	1	1	1	1	1	1	1	1	1	1	1	1	1	1	1	1	1	2	1	1	1	1	1	1	1	2	1	1	2	1	1	1	1	1	1	1	1	1	1	1	1	1	1	1	1	1	1	1	1	1	1	1	1	1	1	1	1	1	2	2	1	1	1
75	4000	999	997	996	989	987	975	968	965	962	931	920	917	915	902	896	876	874	867	865	863	855	841	840	839	834	815	812	811	810	805	804	786	785	784	783	779	777	767	759	758	744	729	728	717	715	714	706	702	698	686	683	682	662	659	655	650	643	641	635	633	625	618	614	606	602	600	599	581	565	563	562	561	553	535	519	1	1	1	1	1	2	1	1	1	1	1	1	1	2	1	1	1	1	1	1	1	1	1	1	1	1	1	1	1	1	1	1	1	1	2	1	1	1	1	1	1	1	1	1	1	1	1	1	1	1	1	1	1	1	2	1	2	1	1	1	1	1	1	1	1	1	1	1	1	1	1	1	1	1	1
72	4000	994	987	984	981	973	971	963	960	944	943	927	911	898	831	828	821	818	815	808	797	786	785	761	759	751	749	744	743	741	734	718	716	712	707	689	686	683	681	677	672	670	667	652	644	638	635	633	624	619	617	615	611	609	604	595	588	586	585	575	567	566	565	560	559	542	539	532	531	530	529	514	513	1	1	1	1	1	1	1	1	1	1	1	1	1	1	1	2	1	1	1	1	1	1	1	1	1	1	1	2	1	1	1	1	1	1	1	1	1	1	2	1	1	1	1	1	1	1	1	2	2	2	1	1	2	1	1	1	1	1	1	1	1	1	1	1	1	1	1	1	1	1	1	2
74	4000	996	991	990	985	983	981	969	967	950	944	938	917	914	902	900	897	896	893	888	882	878	873	872	871	869	868	860	854	848	840	831	828	825	807	801	798	797	795	794	785	775	767	755	742	734	719	715	708	704	697	696	682	664	658	655	650	629	616	614	588	587	586	577	573	567	562	560	559	556	547	541	522	512	503	1	1	1	1	1	1	1	1	1	1	1	1	1	1	1	1	1	1	1	1	1	2	1	1	1	1	1	1	1	1	1	1	1	1	1	1	1	1	3	1	1	1	1	1	1	1	1	1	1	1	1	1	1	1	1	1	1	1	1	1	1	1	1	1	1	1	1	1	2	2	1	1	2	1
73	4000	995	988	977	975	970	954	949	937	934	933	919	912	910	909	908	905	903	896	890	884	883	862	861	859	843	837	836	828	825	822	818	815	811	804	783	780	765	764	753	751	749	741	737	730	714	712	710	697	696	692	689	676	667	661	657	654	640	638	636	635	632	611	607	601	600	594	578	562	539	518	516	508	507	1	1	1	1	1	1	1	2	1	1	1	2	1	1	1	1	1	1	1	1	1	1	1	1	1	1	1	1	1	2	1	1	1	1	2	1	1	1	1	1	1	1	1	1	1	1	1	1	1	1	1	1	1	1	1	1	1	2	1	1	1	1	2	1	1	1	1	1	1	2	1	1	1
75	4000	989	987	986	983	980	976	972	971	961	949	925	919	917	916	911	909	907	895	884	882	867	854	825	816	815	807	806	804	801	793	791	782	770	750	734	733	732	731	728	726	715	711	709	707	705	704	700	696	694	693	674	669	667	666	653	647	641	639	628	613	611	596	593	592	587	584	583	580	566	560	549	547	536	532	524	1	1	2	1	1	1	1	1	1	1	1	1	1	1	1	1	1	1	1	1	1	1	1	1	1	1	1	1	1	1	3	1	1	1	1	1	1	1	1	1	2	1	1	1	1	1	1	1	1	1	1	1	1	1	1	1	1	1	1	1	1	1	1	1	1	1	1	2	1	1	1	1	1	1	1
74	4000	995	993	985	960	956	955	948	933	931	927	925	906	902	896	894	888	887	874	873	863	855	846	844	839	837	819	817	803	796	789	787	763	739	735	733	728	720	718	715	712	710	695	691	687	685	670	660	653	648	640	639	638	634	633	629	627	621	611	597	568	566	564	562	554	540	538	534	530	519	517	515	512	508	502	1	1	1	1	1	1	1	1	1	1	2	1	1	1	1	2	1	1	1	1	1	1	1	1	2	1	1	1	2	1	1	1	1	1	1	1	1	2	1	1	1	1	1	1	1	1	1	1	1	1	1	1	1	1	1	1	1	1	1	1	1	1	1	1	1	1	1	1	1	1	1	1	1	2
73	4000	997	996	994	976	971	968	948	946	939	938	935	932	918	908	906	893	879	858	825	822	819	810	809	798	794	787	774	771	767	750	737	731	726	717	713	712	705	703	701	690	681	678	673	668	665	662	660	656	655	649	644	639	638	637	634	631	623	622	615	612	609	595	593	576	574	570	552	542	537	522	517	508	501	1	1	1	1	2	1	1	1	1	1	1	1	2	1	1	1	1	1	1	1	1	1	1	2	1	1	1	1	3	1	1	1	1	1	1	1	1	1	1	1	1	1	2	1	1	1	1	1	1	1	1	1	2	1	1	1	1	1	1	1	1	1	1	1	1	1	1	1	1	1	1	1	1
