10
77	4000	994	977	973	971	968	963	957	949	948	946	942	910	893	876	856	854	852	840	831	815	800	787	783	778	774	760	758	743	731	726	725	716	711	698	697	690	689	678	669	661	656	645	634	617	607	602	589	586	579	571	548	534	524	504	486	477	473	463	438	433	412	408	405	398	387	384	372	364	341	324	301	300	295	276	263	262	219	1	1	1	1	1	1	1	1	1	1	1	1	1	1	1	1	1	1	1	1	1	1	1	1	1	1	1	1	1	1	1	1	1	1	1	1	1	1	1	1	1	1	1	1	1	1	1	1	1	1	1	1	1	1	2	2	1	1	1	1	1	2	1	1	1	1	1	1	1	1	1	1	1	1	1	1	1
76	4000	996	971	967	964	960	956	954	921	904	903	882	880	871	859	857	840	824	823	821	782	781	774	743	739	734	730	719	716	711	708	699	694	665	657	641	635	590	584	582	574	566	540	528	509	506	501	500	498	489	472	462	461	455	435	433	427	422	416	412	411	383	380	377	359	354	351	332	331	330	326	325	322	312	280	273	256	1	1	1	1	1	1	1	1	1	1	1	1	1	1	1	1	1	1	1	1	1	1	1	1	1	1	1	1	1	1	1	1	1	1	1	2	1	1	1	1	1	1	1	1	1	1	1	1	2	1	1	1	1	1	2	1	1	1	1	1	1	1	1	1	1	1	1	1	1	1	2	1	1	1	1	1
74	4000	999	996	983	974	966	963	940	936	932	903	899	897	886	883	875	872	857	855	840	835	812	793	787	779	761	748	746	745	740	729	708	705	699	698	676	664	645	641	637	603	577	570	536	524	520	514	499	479	475	470	458	443	436	420	390	389	385	380	366	362	338	336	325	324	300	261	260	256	250	248	241	234	209	207	1	1	1	1	1	2	1	1	1	2	1	1	1	1	1	1	1	1	1	1	1	2	1	1	1	1	1	1	1	1	1	1	1	1	1	1	1	2	1	1	1	1	1	1	1	1	1	1	1	1	1	1	1	1	1	1	1	1	1	1	1	1	2	1	1	1	1	2	1	1	1	1	1	1
76	4000	995	994	966	962	950	947	925	920	910	907	882	854	822	816	811	804	795	794	787	785	775	749	737	705	703	697	690	686	668	633	599	596	589	584	570	569	560	559	551	545	541	538	524	505	504	485	473	461	444	431	426	425	417	400	388	386	370	364	361	358	346	344	341	334	317	316	314	313	289	283	259	253	222	212	205	201	1	1	1	1	2	1	1	1	1	1	1	1	1	1	1	1	2	2	1	1	1	1	1	1	1	1	1	1	1	1	1	1	1	1	2	1	1	1	1	1	1	1	1	1	1	1	1	1	1	1	1	1	1	1	1	1	1	1	1	1	1	1	1	1	1	1	1	1	1	1	1	1	1	1	1	1
71	4000	993	992	990	966	965	964	953	947	936	919	912	909	881	851	849	828	824	810	780	777	771	770	699	698	689	662	651	649	647	645	643	635	627	609	607	592	588	577	570	567	565	543	532	531	529	524	521	518	506	491	489	477	474	469	466	458	457	453	385	380	376	367	365	350	342	310	292	290	273	261	255	1	1	1	2	1	1	1	1	1	1	1	1	1	1	1	1	1	1	1	1	1	1	1	1	1	1	2	1	1	1	1	2	1	1	1	1	2	1	1	1	1	1	1	1	1	1	1	1	1	2	2	1	1	1	1	1	1	1	1	1	1	1	1	2	2	1	1	1	1	1	2
77	4000	999	993	990	979	975	961	960	957	954	937	906	905	901	896	886	858	850	841	837	826	823	799	783	749	716	703	698	686	681	678	671	666	657	652	633	632	626	616	614	611	599	598	592	583	571	569	547	546	544	535	534	526	506	500	481	458	437	415	401	398	393	390	379	370	358	330	306	304	301	300	295	292	270	266	249	230	203	1	1	1	1	1	1	1	1	2	1	1	1	1	1	1	1	1	1	1	1	1	1	1	1	1	1	1	1	1	1	1	1	1	1	1	1	1	1	1	1	1	1	1	1	1	1	2	1	1	1	1	1	1	1	1	1	1	2	1	1	1	1	1	1	1	1	1	1	1	1	1	1	1	1	1	1	1
76	4000	997	989	984	980	968	962	959	942	939	935	934	918	908	900	883	877	870	869	862	859	858	854	844	843	826	823	820	812	808	807	779	751	747	726	720	710	709	707	699	661	654	650	638	619	585	582	539	522	517	488	486	470	468	463	458	450	449	430	424	411	400	392	381	375	372	366	359	347	342	327	314	295	264	247	217	214	1	1	1	1	1	1	1	1	1	1	2	1	1	1	1	1	1	1	1	1	1	1	1	1	1	1	1	1	1	1	1	1	1	1	1	1	2	1	1	1	1	1	1	2	1	1	1	1	1	1	1	1	1	1	1	1	1	1	1	1	1	1	1	1	2	1	1	1	1	1	1	1	1	1	1	1
78	4000	997	983	972	970	951	942	929	928	925	924	919	902	895	883	880	876	872	850	830	829	826	817	797	796	774	766	762	761	755	753	750	744	742	695	678	663	657	654	653	633	625	615	612	611	610	593	591	581	570	542	479	465	463	460	440	424	414	400	396	392	387	381	374	367	364	359	346	345	335	329	320	316	315	311	286	269	221	210	1	1	1	1	1	1	1	1	1	1	1	1	1	1	1	1	1	1	1	1	1	1	1	1	1	2	1	1	2	1	1	1	1	1	1	1	1	1	1	1	1	1	1	1	1	1	1	1	1	1	1	1	1	1	1	1	1	1	1	1	1	1	1	1	1	1	1	1	1	1	1	1	1	1	1	1	1	1
74	4000	997	974	964	951	924	919	913	902	891	835	833	831	818	799	798	796	794	762	759	757	733	728	722	713	697	692	688	681	677	675	673	669	661	657	636	635	624	619	614	599	598	568	567	563	554	546	495	494	492	488	486	484	482	480	472	459	437	429	418	381	378	357	350	349	335	333	325	321	310	279	277	257	233	217	1	1	1	1	1	1	1	1	1	2	1	1	1	1	2	1	1	1	1	1	1	1	1	1	1	1	1	1	2	1	1	1	1	1	1	1	2	2	1	1	1	1	1	1	1	1	1	1	1	1	1	1	1	1	1	1	1	2	1	1	1	1	1	1	1	1	1	1	1	1	1	1	1	1
79	4000	976	975	972	963	960	947	941	938	934	929	924	923	894	887	882	861	854	850	836	821	818	811	807	802	771	763	750	727	717	707	684	678	648	627	590	584	577	573	570	561	560	553	550	543	538	527	524	509	507	503	431	427	421	402	398	396	393	387	356	353	343	336	326	324	323	317	310	304	289	284	282	269	245	240	236	233	227	218	211	1	1	1	1	1	1	1	1	1	1	1	1	1	1	1	1	1	1	1	1	1	1	1	1	1	2	1	1	1	1	1	1	1	1	1	1	1	1	1	1	1	1	1	1	1	1	1	1	1	1	1	1	1	1	1	1	1	1	1	1	1	1	1	1	1	1	1	1	1	1	1	1	1	1	1	1	1	1	1
