10
74	4000	990	987	952	935	888	876	873	869	822	821	791	790	785	771	770	755	744	730	728	689	684	681	679	655	653	643	641	636	600	599	549	543	540	537	526	490	488	466	435	402	401	386	379	377	365	355	346	341	324	322	319	272	267	250	234	231	212	201	169	164	161	153	113	106	103	101	96	94	75	57	48	24	19	3	1	1	1	1	1	1	1	1	1	1	1	1	1	1	2	1	1	1	1	1	1	1	1	1	1	1	1	2	1	1	1	1	1	1	1	1	2	1	1	1	1	1	1	1	1	1	1	1	1	1	1	1	1	1	1	1	1	1	1	1	1	1	1	1	2	1	1	1	3	1	1	1	1	1
80	4000	999	982	974	941	936	927	909	876	867	856	851	845	834	818	817	816	809	801	792	774	763	762	745	721	703	691	689	674	646	642	637	624	623	615	603	579	559	508	484	482	481	474	473	466	458	453	417	380	354	337	335	333	315	310	308	297	276	273	269	255	230	220	216	201	192	173	160	149	147	137	136	99	98	91	61	56	54	33	17	7	1	1	1	1	1	1	1	1	1	1	1	1	1	1	1	1	1	1	1	1	1	1	1	1	1	1	1	1	1	1	1	1	1	1	1	1	1	1	1	1	1	1	1	1	1	1	1	1	1	1	1	1	1	1	1	1	1	1	1	1	1	1	1	1	1	1	1	1	1	1	1	1	1	1	1	1	1	1	1	1
77	4000	999	996	968	950	934	923	920	919	916	913	858	848	835	825	805	799	784	768	755	753	751	750	744	742	714	713	697	689	685	683	677	627	608	603	599	581	580	531	528	523	496	472	446	438	423	416	396	387	373	370	368	366	334	323	294	264	253	237	236	229	224	223	221	207	195	167	165	160	149	146	129	121	111	105	90	55	48	1	1	1	1	1	1	1	1	1	1	1	1	1	1	1	1	1	1	1	1	1	2	1	1	1	1	1	1	1	1	1	1	1	1	1	1	1	1	1	1	1	1	1	1	1	1	1	1	1	1	1	1	1	2	1	1	1	1	1	1	1	1	1	1	1	1	1	1	1	2	1	1	1	1	1	1	1
77	4000	980	978	972	970	957	948	947	935	921	911	894	893	879	877	872	853	845	840	839	831	818	816	814	812	803	794	791	784	780	777	753	751	734	703	672	671	659	658	644	615	606	585	580	576	517	425	406	384	378	375	363	354	351	343	340	333	330	293	277	253	241	221	189	188	186	163	155	145	143	122	119	89	64	60	58	51	18	1	1	1	1	1	1	1	1	1	1	1	1	1	1	1	1	1	1	1	1	1	2	1	1	1	1	1	1	1	1	1	1	1	2	1	2	1	1	1	1	1	1	1	1	1	1	1	1	1	1	1	1	1	1	1	1	1	1	1	1	1	1	1	1	1	1	1	1	1	1	1	1	1	1	1	1	1
77	4000	990	983	940	935	928	911	908	907	838	832	817	809	807	800	763	739	733	717	716	687	653	650	645	635	629	622	614	602	599	592	589	575	567	537	530	511	487	477	468	451	438	436	394	371	366	354	305	302	294	278	273	268	262	254	243	236	228	225	208	197	187	181	179	173	163	156	148	125	113	111	110	85	47	46	25	23	1	1	1	1	1	1	1	1	1	1	1	1	1	1	1	1	1	1	1	1	1	1	1	1	1	2	1	1	1	1	1	1	1	1	1	1	1	1	1	1	1	1	1	1	1	1	1	1	1	1	1	1	1	1	1	1	1	1	1	1	1	1	1	1	1	1	1	3	1	1	1	1	1	1	1	1	1	1
76	4000	972	962	936	934	927	911	906	903	893	887	871	850	847	840	831	823	813	811	788	779	777	771	767	764	763	740	732	728	707	697	691	683	652	625	610	598	589	579	573	562	552	551	549	547	541	511	478	476	475	465	428	416	389	378	377	358	352	348	321	316	313	259	246	243	205	200	175	173	146	115	85	74	34	21	18	1	1	1	1	1	1	1	1	1	1	1	1	1	2	1	1	1	1	1	1	1	1	1	1	1	1	1	1	1	1	1	1	1	1	1	1	1	1	1	1	1	1	1	1	1	1	1	1	1	1	1	1	1	1	1	1	1	1	2	1	1	1	1	1	1	1	2	1	1	1	1	1	1	1	1	2	1
78	4000	999	997	996	977	957	949	946	942	932	929	913	871	870	866	862	857	807	799	793	788	786	773	766	765	750	745	694	653	641	599	583	582	579	569	554	516	510	505	504	499	485	480	468	457	452	445	440	436	412	383	366	338	326	317	313	297	290	282	279	258	243	235	224	209	196	168	146	141	135	128	104	75	50	37	34	27	19	5	1	1	1	1	1	1	1	1	1	1	1	1	1	1	1	1	1	1	1	2	1	1	1	1	1	1	1	1	1	1	1	1	1	1	1	1	1	1	1	1	1	1	1	1	1	1	1	1	1	1	1	1	1	1	1	2	1	1	1	1	1	1	1	1	1	1	1	1	1	1	1	1	1	1	1	1	1	1
78	4000	995	987	981	965	940	926	920	892	854	851	847	846	844	806	789	784	740	734	729	707	699	697	667	614	602	592	581	580	579	573	569	566	560	523	512	496	484	479	437	402	397	388	384	372	370	368	362	358	338	331	283	253	250	243	239	227	207	198	194	191	182	176	174	151	146	136	135	130	121	111	106	90	77	64	62	48	34	17	1	1	1	1	1	1	1	1	1	1	1	1	1	2	1	1	1	1	1	1	1	1	1	1	1	1	1	1	1	1	2	1	1	1	1	1	1	1	1	1	1	1	1	1	1	1	1	1	1	1	1	1	1	1	1	1	1	1	1	1	1	1	1	1	1	1	1	1	1	1	1	1	1	1	1	1	1	1
74	4000	997	975	971	969	956	947	922	917	909	872	852	831	827	809	804	795	705	703	681	678	672	648	646	639	623	620	619	614	592	585	563	551	548	546	530	492	491	471	442	421	414	413	409	405	391	357	337	332	318	315	306	304	276	265	235	233	203	193	188	175	169	155	142	138	134	126	113	111	82	56	37	28	26	14	1	1	1	1	1	1	1	1	1	1	1	1	2	1	1	1	1	1	2	1	1	1	1	1	1	1	1	1	1	1	1	1	1	2	1	1	1	1	2	1	1	1	1	1	1	2	1	1	1	1	1	1	1	1	1	1	1	1	1	1	1	1	1	1	1	1	2	1	1	1	1	1	1	1
76	4000	993	983	951	940	938	931	925	923	902	880	868	835	824	796	790	753	752	719	718	712	702	701	691	666	651	577	549	543	541	512	503	476	440	439	423	399	396	394	393	392	376	375	370	365	362	350	329	326	305	303	278	274	230	229	216	198	195	190	186	175	167	165	136	131	123	107	102	99	55	51	45	40	35	30	26	7	1	1	1	1	1	1	1	1	1	2	1	1	1	1	1	1	1	1	1	1	1	1	1	1	1	1	1	1	1	1	1	1	1	1	1	1	1	1	1	2	1	1	2	1	1	1	1	1	1	1	1	1	1	1	1	1	1	1	2	1	1	1	1	1	1	1	1	1	1	1	1	1	1	1	1	1
