10
78	5000	993	958	950	938	910	880	872	869	864	842	832	823	815	796	789	776	768	761	753	743	741	713	710	681	639	636	624	611	583	561	549	547	546	543	519	500	498	489	483	474	463	446	441	417	398	374	343	340	330	328	322	305	298	266	262	247	240	225	214	200	196	189	147	137	130	122	100	95	93	71	61	57	34	30	28	26	21	12	1	1	1	1	1	1	1	1	1	1	1	1	1	1	1	1	1	1	1	1	1	1	1	1	1	1	1	1	1	1	1	1	1	1	1	1	1	1	1	1	1	1	1	1	1	1	1	1	1	1	2	1	2	1	1	1	1	1	1	1	1	1	1	1	1	1	1	1	1	1	1	1	1	1	1	1	1	1
77	5000	995	994	991	987	986	982	973	971	966	948	920	896	885	870	861	857	833	831	823	813	806	770	764	746	745	737	725	716	711	706	703	695	694	675	612	606	601	589	587	581	540	527	440	406	381	361	359	349	330	322	319	282	262	242	225	212	207	204	201	198	197	195	194	171	134	120	110	101	86	72	65	63	54	49	45	25	20	1	1	1	1	1	2	1	1	1	1	1	1	1	1	1	1	1	1	1	1	1	1	1	1	1	1	1	1	1	1	1	1	1	1	1	1	1	1	1	1	1	1	1	1	1	1	1	1	1	1	1	1	2	1	1	1	1	1	1	1	1	1	1	1	1	1	1	1	2	1	1	1	1	1	1	1	1
77	5000	991	988	977	969	965	956	927	914	899	879	863	860	843	838	833	829	807	806	788	784	773	766	765	745	708	684	659	612	603	596	593	566	530	528	515	489	488	487	470	465	457	447	444	435	432	384	377	321	317	316	304	300	298	290	287	275	269	260	257	250	247	240	218	194	182	165	144	126	117	113	72	63	62	58	42	40	11	1	1	1	1	1	1	1	1	1	2	1	1	1	1	1	1	1	1	1	1	1	1	1	1	1	1	1	1	1	1	1	1	1	1	1	1	1	1	1	1	1	1	1	1	1	1	1	1	2	1	1	1	1	1	1	1	2	1	1	1	1	1	1	1	1	1	1	1	1	1	1	1	1	1	1	1	1
79	5000	985	969	925	924	890	881	860	839	831	816	807	798	797	768	766	765	764	758	712	709	707	704	703	674	657	656	647	642	637	620	610	596	589	583	582	579	576	569	558	521	489	486	470	466	464	461	387	385	381	380	370	353	346	319	318	317	313	303	265	256	232	225	212	206	195	172	164	141	136	110	104	89	78	67	51	39	20	18	12	1	1	1	1	1	1	1	1	1	1	1	1	1	1	1	1	1	1	1	1	2	1	1	1	1	1	1	1	1	1	1	1	1	1	1	1	1	1	1	1	1	1	1	1	1	1	1	1	1	1	1	1	1	1	1	1	1	1	1	1	1	1	1	1	1	1	1	1	1	1	1	1	1	1	1	1	1	1	1
75	5000	992	980	949	927	903	899	887	883	855	854	850	844	823	792	790	778	772	767	735	730	681	673	665	650	646	629	625	619	612	605	601	592	588	551	539	521	515	512	506	502	495	492	484	471	443	397	386	328	315	312	284	276	267	262	254	246	193	189	186	183	177	168	153	147	129	123	105	101	92	72	62	53	41	30	16	1	1	1	1	1	2	1	1	1	1	1	1	1	1	1	2	1	1	1	1	1	1	1	1	1	1	1	1	1	1	1	1	1	1	1	1	1	1	1	2	1	1	1	1	1	1	1	2	1	1	1	1	1	1	1	1	2	1	1	1	1	1	1	1	1	1	1	1	1	1	1	1	1	1	1
76	5000	990	988	984	970	968	964	955	951	949	932	924	922	907	905	904	875	869	865	862	808	807	799	797	795	789	775	772	737	736	734	715	711	709	701	685	636	632	612	598	593	584	554	540	517	503	502	482	448	418	404	393	358	322	321	313	311	301	289	271	263	259	246	238	221	211	185	154	128	123	115	85	71	61	45	18	13	1	1	1	1	1	1	1	1	1	1	1	1	1	1	1	1	1	1	1	1	1	1	1	1	1	1	1	1	1	1	1	1	2	1	1	1	1	1	1	1	2	1	1	1	1	1	1	1	1	1	1	1	1	1	1	1	1	1	1	1	1	1	1	2	1	1	1	1	1	1	1	1	2	1	1	1
76	5000	998	963	948	947	915	910	904	901	897	894	887	872	868	862	854	843	829	828	818	801	788	773	772	766	752	750	745	729	699	698	678	676	669	632	616	603	601	592	582	577	576	561	554	552	548	546	543	536	528	496	489	462	451	440	432	420	418	417	393	390	375	368	358	353	325	316	295	231	221	215	172	93	80	35	18	10	1	1	1	1	1	1	1	1	1	1	2	1	1	1	1	1	1	2	1	1	1	1	1	1	1	1	1	1	1	1	1	1	1	1	1	1	1	1	1	1	1	1	1	1	1	1	1	1	1	1	1	1	1	1	1	1	1	1	1	1	1	1	2	1	1	1	1	1	1	1	1	1	1	2	1	1
78	5000	998	995	984	982	964	957	949	922	886	838	820	819	790	770	765	716	710	707	693	692	646	634	604	593	590	589	573	569	567	565	560	554	550	542	540	533	532	528	527	512	497	466	465	461	459	440	434	423	417	414	413	394	380	362	358	355	344	340	333	331	321	284	278	268	228	212	189	126	115	103	95	70	66	52	42	39	32	21	1	1	1	1	1	1	1	1	1	1	1	1	1	1	1	1	1	1	1	1	1	1	1	1	1	1	1	1	1	1	1	1	1	1	1	1	1	1	2	1	1	1	1	1	1	1	1	1	1	1	1	2	1	1	1	1	1	1	1	1	1	1	1	1	1	1	1	1	1	1	1	1	1	1	1	1	1	1
77	5000	992	985	973	972	964	958	953	948	943	933	928	917	909	897	861	856	824	777	765	764	743	737	736	729	714	710	702	697	682	674	653	649	638	629	546	529	517	516	500	488	458	441	429	416	396	385	373	361	341	338	323	299	291	287	260	246	245	243	242	236	235	234	220	211	205	193	183	149	133	120	116	110	94	38	25	22	8	1	1	1	1	1	1	2	1	1	1	1	1	1	1	1	1	1	1	1	1	1	1	1	1	1	1	1	1	1	1	1	1	1	1	1	1	1	1	1	1	1	1	1	1	1	1	1	1	1	1	2	1	1	1	1	1	1	1	1	1	1	1	1	1	1	1	1	1	2	1	1	1	1	1	1	1	1
77	5000	954	935	929	917	916	911	903	890	887	876	850	839	833	831	821	804	796	793	792	788	767	759	758	755	753	736	715	712	709	687	649	628	561	550	547	543	539	536	499	492	468	458	448	389	383	378	370	365	357	338	310	299	289	276	261	248	242	231	216	210	204	166	163	151	149	147	123	110	100	90	89	88	82	75	74	42	40	1	1	1	1	1	1	1	1	1	1	1	1	1	1	1	1	1	1	1	1	1	1	2	1	1	2	1	1	1	1	1	1	1	1	1	1	1	1	1	1	1	1	1	1	1	1	1	1	1	1	1	1	1	1	1	1	1	1	1	1	1	1	1	1	1	1	1	1	1	1	1	2	1	1	1	1	1
