10
74	5000	998	996	968	956	947	944	939	937	933	913	912	903	898	884	876	851	849	843	826	798	765	762	740	705	695	673	661	638	637	636	634	628	614	609	603	600	588	568	556	542	530	528	507	491	488	482	464	462	454	453	440	435	411	410	403	382	366	357	349	346	341	330	322	303	298	289	288	271	267	266	264	237	231	200	1	1	1	1	1	1	1	2	1	1	1	1	1	1	1	1	1	1	1	2	1	1	1	1	1	1	1	1	1	1	1	1	3	1	1	1	1	1	1	1	1	1	1	1	1	1	2	1	1	1	1	1	1	1	1	1	1	1	1	1	1	1	1	1	1	1	1	1	1	1	1	1	2	1
74	5000	970	964	962	961	945	937	926	916	913	911	904	903	898	894	884	878	875	869	851	843	836	835	834	831	816	783	773	725	699	689	686	677	641	618	613	612	592	560	547	543	541	539	527	516	509	488	474	470	469	455	453	448	444	424	415	413	373	369	364	361	358	346	335	332	322	312	286	280	238	236	229	223	204	201	1	1	1	1	1	1	2	1	1	2	1	1	1	1	1	1	1	1	1	1	1	1	1	1	2	1	1	1	1	1	1	1	2	1	1	1	1	1	1	1	1	1	1	1	1	1	1	1	1	1	1	1	1	1	1	1	1	1	1	1	1	1	1	1	2	1	1	1	1	1	1	1	2	1
72	5000	992	990	976	961	945	918	903	889	886	875	861	858	855	852	851	845	798	783	779	776	769	758	754	750	743	739	738	723	705	700	699	680	670	665	638	618	577	569	561	556	545	528	525	518	516	514	500	494	489	481	478	472	459	458	448	432	415	401	377	362	359	348	343	342	317	281	260	255	227	223	216	214	1	1	1	1	1	1	1	1	1	1	1	2	2	1	1	1	1	2	1	1	1	2	1	1	2	1	1	1	1	1	1	1	1	1	1	1	1	1	1	1	1	1	1	1	1	1	1	1	1	1	1	1	2	1	1	2	1	1	1	1	1	1	2	1	1	1	1	1	1	1	1	1
78	5000	998	996	972	942	940	917	885	878	877	875	872	871	867	838	836	835	825	824	810	798	794	793	768	764	757	747	745	723	721	695	688	679	617	613	609	586	583	576	572	536	529	523	517	515	500	464	450	449	438	424	391	387	383	381	373	366	350	349	319	313	301	295	293	290	288	285	284	263	260	259	254	253	248	247	240	223	215	202	1	1	1	1	1	1	1	1	1	1	1	1	1	1	1	1	1	1	1	1	1	1	1	2	1	1	1	1	1	1	1	1	1	1	1	1	1	1	1	1	1	1	1	1	1	1	1	1	1	1	1	1	1	1	1	1	1	1	1	2	1	1	1	1	1	1	1	1	1	1	1	1	1	1	1	1	1	1
76	5000	994	963	942	924	907	890	872	867	858	855	844	834	833	822	812	809	804	800	788	781	771	751	745	743	728	721	708	705	696	695	687	674	665	653	645	627	601	573	509	508	494	492	488	484	480	470	469	463	462	446	439	407	403	402	397	388	384	379	373	350	332	326	325	315	314	307	301	290	271	270	262	260	249	229	222	220	1	1	1	1	1	1	1	2	1	1	1	1	1	1	1	1	1	1	1	1	1	1	1	1	1	1	1	1	1	1	1	1	1	1	1	1	1	2	1	1	1	1	1	1	1	1	1	1	1	1	1	1	1	1	1	1	1	1	1	1	1	2	1	2	1	1	1	1	1	1	1	1	1	1	1	1
77	5000	994	985	982	975	965	961	953	927	923	918	914	910	908	896	881	860	803	801	800	793	761	753	752	744	731	707	704	666	639	631	621	618	609	608	590	577	570	563	557	548	531	529	510	496	492	488	485	483	470	465	459	442	436	426	416	397	388	383	379	374	339	323	309	305	303	301	288	277	269	256	251	242	241	234	233	206	202	1	1	1	1	1	1	1	1	1	1	1	1	1	2	1	1	1	1	1	1	1	1	1	1	1	1	1	1	1	1	1	1	1	1	1	1	1	1	1	1	1	1	2	1	1	1	1	1	1	1	1	1	1	1	1	1	1	1	1	1	1	1	1	1	1	1	1	1	2	1	1	1	1	1	1	1	1
75	5000	998	990	985	977	957	947	903	901	894	862	861	855	835	824	822	811	784	778	774	773	741	737	733	726	702	701	700	689	682	636	627	624	611	610	598	595	594	592	584	575	573	565	549	542	535	527	522	514	513	496	493	484	481	457	447	439	406	400	398	395	387	358	356	354	308	302	299	290	285	262	259	246	224	223	212	1	1	1	1	1	1	1	1	1	1	1	1	1	1	1	1	1	1	1	1	1	1	1	1	1	1	1	1	1	1	1	1	1	1	1	1	1	1	1	1	2	1	1	1	1	1	1	1	1	1	2	1	1	1	1	2	1	1	1	1	1	1	1	1	2	1	1	1	1	1	1	1	2	1	1
75	5000	991	980	977	972	959	944	910	909	905	895	884	852	845	838	825	823	809	808	805	796	792	761	753	720	719	709	705	700	682	649	628	616	600	588	568	549	530	525	503	499	491	482	476	475	474	437	436	415	403	388	387	379	373	367	349	348	343	338	335	318	308	299	293	284	279	269	268	261	253	247	233	223	221	212	210	1	1	1	1	1	1	1	1	1	1	1	1	1	1	1	1	1	2	1	1	1	1	1	1	1	1	1	1	1	1	2	1	1	1	1	1	1	2	1	1	1	1	1	1	1	1	1	1	2	1	1	1	1	1	1	1	1	1	1	1	1	1	2	1	1	1	1	1	1	1	1	1	1	1	1
75	5000	985	984	972	969	967	954	953	949	947	901	899	883	858	854	847	831	804	795	783	772	766	754	746	744	710	707	691	687	682	671	667	660	622	620	602	601	584	563	560	551	548	546	544	540	532	526	517	504	493	491	489	460	448	399	382	360	359	357	356	351	342	333	327	326	310	309	300	293	285	282	272	262	255	243	221	1	1	1	1	1	1	1	2	1	1	1	1	1	1	1	1	1	2	1	1	1	1	1	1	1	1	1	1	1	1	1	1	1	1	1	1	1	2	1	1	1	1	1	1	1	1	1	1	1	1	2	1	1	1	1	1	2	1	1	1	1	1	1	1	1	1	1	1	1	1	1	1	1	1	1
76	5000	984	977	975	948	919	912	909	905	902	882	879	871	846	840	837	835	819	808	800	789	786	785	774	760	749	738	730	724	711	707	683	653	648	647	644	624	619	597	592	586	571	566	555	520	509	508	502	495	471	468	464	451	440	438	422	407	389	369	352	334	332	325	322	319	302	295	293	292	291	290	287	283	267	255	236	229	1	1	1	1	1	2	1	1	1	1	1	1	1	1	1	1	2	1	1	1	1	1	1	1	1	1	1	1	1	1	1	1	1	1	1	1	2	1	1	1	1	1	1	2	1	1	1	1	1	1	1	1	1	1	1	1	1	1	1	1	1	1	1	1	1	1	1	1	1	1	1	1	1	1	1	1
