10
74	5000	977	975	968	960	955	948	941	934	922	918	907	897	869	864	849	848	842	841	838	829	823	816	814	799	789	787	786	778	772	766	758	757	755	749	745	735	734	724	720	717	699	693	692	691	679	676	663	661	649	648	646	643	640	637	629	625	622	609	607	606	602	595	589	588	584	580	569	555	550	546	545	543	531	501	1	1	1	1	1	1	1	1	1	1	1	1	1	1	1	2	1	1	1	1	1	1	1	1	1	1	1	1	2	1	1	1	1	1	1	1	1	1	1	1	1	1	1	1	1	2	1	1	1	1	2	1	1	1	1	2	1	1	1	1	1	1	1	1	1	1	1	1	1	1	1	2	1	1
74	5000	990	985	979	977	976	973	971	968	967	964	947	934	931	927	925	919	916	911	897	896	884	877	873	866	864	853	851	848	846	835	825	814	811	805	796	794	786	775	774	773	766	763	758	748	746	743	741	740	708	703	702	696	691	687	678	677	676	669	668	649	635	629	627	620	619	617	613	595	585	573	547	511	510	502	1	1	1	1	1	1	1	1	2	1	2	1	1	1	1	1	1	1	1	1	1	1	1	1	1	1	2	1	1	1	1	1	1	1	1	3	1	1	1	1	1	1	1	1	1	1	1	1	1	1	1	1	1	1	1	1	1	1	1	1	1	1	1	1	1	1	2	1	1	1	1	1	1	1
75	5000	999	991	986	979	975	967	966	965	948	946	931	915	908	903	882	873	868	866	863	850	848	841	838	832	829	824	820	818	797	777	776	763	749	745	741	737	729	721	717	715	712	703	695	677	666	651	650	647	646	644	638	635	633	628	624	623	614	609	606	600	591	581	580	577	568	567	563	560	543	540	539	537	532	520	503	1	1	1	1	1	1	1	1	1	1	1	1	1	1	1	1	1	1	1	1	1	1	1	1	1	1	1	1	1	1	1	1	1	1	1	1	1	1	1	3	1	1	1	1	1	2	1	1	1	1	2	1	1	1	1	1	1	1	1	1	1	1	1	1	1	1	2	1	1	1	1	1	1	1	1
73	5000	999	993	981	977	974	973	971	969	964	963	944	937	928	917	912	901	887	882	860	850	842	841	838	833	819	812	809	803	800	782	781	775	773	763	760	750	745	741	726	719	715	714	704	689	685	680	679	676	668	656	652	640	620	610	603	593	576	575	556	554	552	551	547	545	541	538	531	528	526	524	523	512	504	1	1	2	1	1	1	1	1	1	1	1	1	1	1	1	1	2	1	1	1	1	1	1	1	1	1	1	1	1	3	1	1	1	1	1	1	1	1	1	1	1	1	1	1	1	1	3	1	1	1	1	2	1	1	1	1	1	1	1	1	1	1	1	1	1	1	1	1	1	1	1	1	1
74	5000	998	981	980	964	959	948	912	904	897	873	870	867	855	852	835	832	815	814	812	805	804	792	790	786	782	781	780	772	759	756	754	751	746	743	735	732	727	726	725	724	722	707	703	700	687	682	681	659	655	644	639	636	635	633	625	622	618	615	612	609	599	590	584	581	580	576	554	538	534	532	531	527	508	501	1	1	1	1	1	1	1	1	2	1	1	1	1	1	1	1	2	1	1	1	1	1	1	2	1	1	2	1	1	1	1	1	1	1	1	1	1	1	1	2	1	1	1	1	1	1	1	1	1	1	1	1	1	1	1	1	1	2	1	1	1	1	1	1	1	1	1	1	1	1	1	1	1	1
73	5000	996	975	967	965	961	960	956	942	941	940	922	915	913	908	907	900	893	883	881	870	858	856	851	839	837	826	820	818	809	807	790	788	787	769	758	751	749	748	745	739	737	722	708	703	702	686	681	667	666	665	656	653	647	646	645	635	624	605	597	591	587	573	569	564	552	547	529	527	518	513	507	506	501	1	1	1	1	1	1	1	1	1	1	1	1	1	1	1	1	1	1	3	1	1	1	1	1	1	1	1	1	3	1	1	1	1	1	1	1	1	1	1	1	1	1	2	1	1	1	1	1	1	1	1	1	1	2	1	2	1	1	1	1	1	1	1	1	1	1	1	1	1	1	1	1	1
75	5000	986	968	962	945	940	937	932	929	922	915	903	890	888	883	880	869	864	862	860	855	842	841	840	839	836	817	808	799	794	793	792	781	779	774	762	758	756	754	737	736	726	725	724	722	716	713	711	710	701	696	692	689	674	670	668	637	636	632	623	618	613	602	595	593	579	578	574	558	555	549	542	539	526	522	505	1	1	1	1	1	1	1	1	1	1	1	1	2	1	1	1	1	1	1	1	1	1	1	1	1	1	1	1	1	1	1	1	1	1	1	1	1	1	1	1	1	1	1	1	1	1	1	1	1	1	2	1	1	1	1	1	2	1	1	1	1	1	2	1	1	1	1	1	1	1	1	1	1	2	1
73	5000	994	986	981	972	966	958	954	944	931	928	918	913	912	903	902	888	886	884	883	880	875	864	861	854	837	836	834	824	823	821	812	811	784	782	780	778	773	770	764	763	762	760	759	747	735	729	727	725	721	720	718	717	712	707	700	698	671	658	648	629	624	623	617	603	587	583	567	546	535	528	526	517	500	2	1	1	1	2	1	1	1	1	1	1	1	1	1	1	1	1	1	1	1	1	1	1	1	1	1	1	1	3	1	1	1	1	1	1	1	1	1	1	1	1	1	1	1	1	1	1	1	1	1	1	1	2	1	1	2	1	1	1	1	1	1	1	1	1	1	1	1	1	2	1	1	1
75	5000	993	977	945	941	940	938	928	927	925	922	915	914	905	902	884	869	868	863	860	853	852	846	838	821	817	812	810	796	789	778	773	767	762	754	748	747	746	744	742	741	740	736	728	726	688	686	684	679	673	645	641	633	630	627	624	613	611	609	603	601	599	582	581	580	577	570	562	559	547	534	525	523	519	513	508	1	2	1	1	1	1	1	1	1	1	1	1	1	1	1	1	1	1	1	1	1	2	1	1	1	1	1	1	1	1	1	1	1	1	1	1	1	1	1	1	2	1	1	1	1	1	1	1	1	1	1	1	1	2	1	1	1	1	1	1	1	2	1	1	1	1	1	1	1	1	1	1	1	1	1
77	5000	990	987	982	979	978	963	960	924	922	917	910	906	902	901	899	893	891	885	872	869	866	863	859	854	852	848	845	840	836	829	798	793	780	772	761	758	741	737	735	726	718	716	707	700	692	686	683	676	661	657	654	652	641	633	630	626	624	622	621	615	603	602	594	591	590	588	558	555	550	541	539	527	519	515	514	509	500	1	1	1	1	1	1	1	1	1	1	1	1	1	1	1	1	1	1	1	1	1	1	1	1	1	1	1	1	1	1	1	1	1	1	1	1	1	2	1	1	1	1	1	2	1	1	1	1	1	1	1	1	1	1	1	1	1	1	1	1	1	1	1	1	1	1	1	1	2	1	1	1	1	1	1	1	1
