10
68	100	97	96	95	94	93	91	88	87	86	85	84	83	82	81	80	79	78	76	75	71	69	68	67	66	64	61	60	59	57	54	53	51	49	48	47	46	44	43	42	40	38	33	32	31	30	29	27	26	25	24	23	22	20	17	15	14	13	12	11	10	8	7	6	5	4	3	2	1	1	2	1	1	2	1	2	2	1	1	2	1	3	2	1	1	1	1	1	1	2	2	1	1	1	2	1	2	2	2	1	2	1	2	2	1	1	1	1	3	1	2	2	2	1	1	1	2	1	1	1	2	2	1	1	2	1	3	1	1	3	1	1	1	1	2	1	2
63	100	99	97	94	93	92	88	87	86	84	83	82	81	80	79	78	76	75	73	72	71	70	69	65	62	59	58	57	53	52	51	50	48	47	44	43	40	39	38	37	35	34	33	32	31	28	26	25	24	22	21	20	18	14	13	12	11	10	9	6	5	4	2	1	2	2	1	1	1	2	1	1	1	1	1	2	1	1	2	2	2	2	1	2	3	1	1	1	1	1	1	1	2	3	2	2	1	1	1	2	2	3	3	2	2	2	1	2	1	1	1	1	2	2	1	1	3	1	1	3	2	1	3	1	1	3	1
65	100	99	98	97	96	95	94	93	92	91	89	88	84	83	82	81	80	78	77	74	73	72	70	69	68	67	65	62	60	59	57	55	51	50	48	44	42	41	40	39	38	37	34	33	31	30	28	26	24	22	19	18	17	16	15	14	13	12	11	10	9	7	6	5	3	2	2	1	1	1	1	1	1	2	1	1	2	1	1	2	1	2	1	1	2	2	2	1	2	1	1	1	2	1	1	2	1	1	2	1	1	2	2	1	2	2	2	1	2	3	2	2	3	2	2	1	3	1	2	1	1	2	1	1	1	1	1	2	1	2	4
68	100	98	97	96	95	94	93	92	91	90	88	87	86	84	83	82	76	74	71	70	69	68	66	64	63	62	61	60	59	58	57	56	55	54	53	52	50	49	47	46	45	44	41	38	37	34	33	31	30	28	27	26	24	23	22	21	20	18	17	15	14	13	12	10	9	6	5	4	3	2	1	1	1	1	1	1	1	1	1	2	2	1	1	1	3	2	2	2	1	1	1	2	1	1	1	1	2	4	2	1	2	1	2	1	1	1	2	1	1	3	1	1	1	3	1	2	1	2	1	3	2	1	2	2	1	1	1	1	1	1	2	1	2	2	1	1	2
66	100	99	96	94	92	91	90	89	88	87	86	85	83	82	80	78	77	76	75	74	71	69	68	66	65	64	63	62	59	57	56	55	54	53	52	51	49	48	47	46	43	42	40	36	35	34	32	30	29	28	27	26	25	23	20	19	18	16	15	13	12	9	8	6	5	2	1	3	1	1	1	1	1	3	1	2	1	1	3	1	1	2	2	3	1	1	1	1	2	1	2	2	2	1	1	1	2	2	1	2	3	1	2	1	1	1	1	1	2	1	1	2	2	1	1	1	1	1	1	3	1	2	1	1	1	1	1	2	4	1	2	2	2
63	100	99	98	97	95	92	90	89	86	85	83	82	81	79	78	77	76	75	74	73	72	71	70	69	68	67	66	62	61	60	59	58	57	56	54	52	50	49	48	46	45	44	43	41	38	37	36	34	32	31	29	18	17	16	15	14	13	11	9	8	7	3	2	1	1	3	1	1	1	2	1	1	1	2	2	1	2	2	1	1	1	1	1	2	2	2	1	2	2	4	4	1	1	1	1	1	1	1	1	3	2	1	2	1	1	2	1	1	1	2	1	2	1	1	3	4	2	2	3	1	2	1	1	1	1	3	1
63	100	96	95	93	92	90	85	82	81	79	78	77	76	75	71	69	67	66	65	64	63	62	61	60	59	57	56	55	54	53	52	51	50	49	48	47	46	45	43	42	41	40	38	35	34	33	31	28	25	24	23	21	18	15	14	13	12	11	10	9	8	4	2	1	1	2	2	1	1	1	1	1	1	1	2	1	2	2	1	1	2	2	1	2	2	1	3	1	1	2	1	1	2	1	2	3	3	1	1	2	2	1	2	1	1	1	1	1	1	2	1	5	3	1	2	1	3	1	1	1	1	1	3	1	2	2	3
62	100	99	98	97	96	95	92	88	84	83	81	79	77	74	73	72	71	67	65	64	63	62	61	59	58	57	56	55	53	52	50	49	48	47	46	44	43	40	39	38	37	36	35	33	31	26	25	23	22	21	20	19	18	16	12	11	9	8	7	6	4	3	2	1	2	3	1	1	4	2	1	1	1	1	1	1	2	2	1	4	3	2	1	2	1	1	2	1	1	1	1	1	1	1	1	2	2	2	1	1	2	1	1	2	1	3	1	2	2	2	2	2	1	3	1	1	2	1	1	4	1	3	2	1	1
64	100	97	96	95	94	92	91	89	88	87	84	83	82	81	80	76	75	74	73	72	71	69	66	65	64	63	61	59	58	57	56	55	53	51	50	49	48	47	45	42	41	39	38	35	34	32	31	30	28	25	21	20	19	17	16	15	14	12	11	9	8	7	5	4	3	1	2	1	2	2	1	1	3	1	1	2	4	1	1	2	2	1	1	1	1	2	2	3	1	2	1	1	1	1	2	1	1	1	3	1	2	1	2	1	1	1	3	2	3	1	2	1	1	3	2	2	2	1	2	2	1	1	2	1	1	2	1	1	1
67	100	99	97	96	93	92	90	88	87	86	84	83	82	81	80	79	78	77	75	73	70	69	68	67	66	65	64	62	60	59	58	57	56	54	53	52	48	47	46	45	44	42	41	38	37	35	34	33	31	30	28	27	23	21	19	17	15	14	13	11	9	8	7	5	4	3	2	1	1	1	1	1	1	1	1	2	2	1	1	2	2	1	1	1	2	1	1	3	2	2	2	1	1	2	1	2	2	1	1	2	1	1	1	2	1	1	1	1	1	2	1	5	2	1	2	1	1	2	1	2	2	1	3	1	2	1	1	2	2	1	2	1	1	1	3
