10
46	150	99	98	97	96	94	93	92	90	89	88	87	86	85	84	83	82	81	80	79	78	77	76	75	74	73	72	71	70	69	66	65	64	63	62	61	60	59	58	57	56	55	54	53	52	51	50	3	2	3	1	1	2	1	3	3	1	3	5	2	2	3	5	1	3	1	4	1	1	1	4	2	1	2	2	3	1	2	1	1	1	1	2	3	2	1	5	2	3	1	2	2	4
42	150	99	98	97	95	93	92	91	90	89	88	87	86	85	84	83	82	80	79	78	77	76	73	72	71	70	69	68	67	65	64	63	62	61	60	59	58	57	55	54	53	52	51	6	3	4	2	4	1	5	3	3	1	1	4	3	1	1	2	3	2	3	1	1	2	2	2	1	4	1	2	2	5	1	2	3	4	2	3	2	1	4	1	1	1
47	150	99	98	96	95	94	93	92	90	89	88	87	86	85	84	83	82	81	80	79	78	77	76	75	74	73	72	71	70	69	68	67	66	65	64	63	62	61	60	59	58	57	56	55	54	53	52	51	3	2	1	1	2	3	2	2	2	2	1	1	2	1	1	1	1	3	2	2	4	1	4	1	3	3	2	2	2	4	3	2	4	3	4	1	1	2	4	2	2	3	1	1	3	2	1
45	150	99	98	97	96	95	94	93	92	91	90	89	88	87	86	85	84	83	82	81	80	79	78	77	75	73	72	70	69	68	67	66	64	63	62	61	59	58	57	56	55	54	53	52	51	50	1	3	3	2	3	2	1	3	1	4	3	1	4	1	1	3	3	1	3	4	2	2	1	3	3	2	2	1	2	2	3	2	2	1	2	2	2	2	1	1	7	1	3	1	3
41	150	96	94	93	92	91	90	89	88	87	86	85	84	83	82	81	80	79	78	77	76	75	74	73	72	70	69	66	65	64	63	62	61	60	59	58	57	56	55	54	53	51	2	2	1	4	5	1	1	2	2	3	1	1	1	2	2	5	3	1	2	6	3	2	3	3	5	1	1	2	2	4	5	2	4	2	4	2	1	3	2	1	1
44	150	99	98	97	95	94	93	92	91	90	89	87	86	85	84	83	82	81	79	78	77	76	75	74	73	72	71	70	69	68	67	66	65	63	62	61	59	58	57	56	54	53	52	51	50	3	1	3	2	5	1	1	2	1	2	3	2	1	5	3	1	3	1	4	2	2	2	3	1	2	1	3	1	4	3	1	2	1	4	3	2	5	2	3	2	4	1	1	1
43	150	99	98	97	96	94	93	92	90	89	87	86	85	84	83	81	80	79	78	77	76	75	74	73	72	71	68	67	66	65	64	63	62	61	60	59	58	57	56	55	53	52	51	50	3	1	3	4	3	2	3	2	3	1	3	1	3	2	1	2	2	1	2	1	2	4	2	2	2	4	2	3	2	1	1	2	2	3	3	2	2	1	6	2	2	3	4
42	150	99	97	96	94	93	92	91	90	89	88	87	86	85	84	83	82	81	80	78	77	75	74	73	70	69	68	67	66	65	64	63	62	61	60	59	58	57	56	55	54	53	52	2	2	3	2	6	2	2	1	1	2	1	5	6	2	3	1	3	1	1	2	2	7	3	2	1	2	4	4	1	2	1	3	2	3	2	2	2	1	2	4	1	1
43	150	99	98	96	95	94	93	91	90	87	86	85	84	83	82	81	80	79	78	77	76	75	73	72	71	70	69	68	67	66	65	64	63	62	61	60	59	58	57	55	54	52	51	50	2	2	1	1	1	5	3	1	2	2	2	2	1	3	3	1	3	1	6	2	2	7	2	2	3	1	1	2	3	1	1	3	3	4	3	3	3	3	1	1	3	2	2
42	150	99	98	97	96	95	94	93	91	88	87	86	85	84	83	82	81	79	78	77	76	75	74	73	72	71	69	67	66	65	64	63	62	61	60	59	58	57	56	55	54	53	50	4	1	2	2	1	2	2	3	2	5	3	5	1	2	2	3	1	1	2	4	2	1	4	1	4	1	4	4	5	1	5	1	3	2	1	3	1	1	1	3	2	2
