10
58	400	98	97	96	95	94	93	92	90	89	88	87	84	83	82	81	80	79	77	76	75	74	73	72	69	67	66	64	63	62	61	60	56	55	54	53	52	51	50	48	46	44	43	42	40	39	38	36	35	34	32	31	30	29	28	25	24	22	21	2	1	1	1	2	5	1	1	3	2	2	1	2	1	1	1	3	1	1	2	2	1	1	1	1	3	1	2	2	2	3	2	2	1	2	2	2	2	2	3	1	1	2	2	1	2	1	1	1	3	1	1	1	1	4	2	3	1
59	400	99	97	94	93	92	91	90	88	87	84	83	82	80	78	76	75	73	72	70	69	68	67	66	65	64	62	61	60	58	57	56	55	54	53	51	50	49	48	47	46	45	44	43	42	41	40	39	37	36	35	34	33	30	29	28	27	23	22	21	2	1	5	1	1	1	2	1	2	2	2	1	1	2	2	2	1	3	3	1	2	2	2	2	2	1	2	1	1	3	1	3	1	1	1	2	1	1	4	1	1	3	1	2	2	1	3	1	3	1	1	2	1	1	1	3	1	1	1
62	400	99	98	93	91	89	88	87	86	85	84	83	82	80	78	76	75	74	72	71	70	69	68	66	65	63	62	60	59	58	57	56	55	54	53	51	50	49	48	47	46	45	44	43	41	40	39	38	37	36	34	33	32	31	30	29	28	27	26	24	23	21	20	1	1	1	1	1	3	1	1	1	1	1	2	2	1	1	3	2	2	1	1	2	1	2	2	3	1	2	4	2	1	1	3	3	1	1	1	4	1	2	2	1	1	1	6	1	1	2	1	1	3	1	3	1	1	1	1	1	1	1	2	1	1
60	400	99	98	97	96	93	92	91	90	89	88	87	86	85	84	83	82	81	79	77	75	73	72	71	70	69	68	66	65	64	62	61	59	58	57	56	54	53	51	50	49	46	45	44	43	42	41	40	39	38	37	36	35	33	31	30	29	28	27	25	20	2	2	1	4	4	1	1	1	2	1	4	1	2	1	2	2	3	1	1	2	2	1	1	1	1	2	2	1	2	1	1	2	1	1	1	3	1	2	1	1	1	1	1	1	1	1	2	1	1	1	4	1	1	1	1	4	4	2	2	3
51	400	99	96	95	93	91	89	87	86	84	83	81	79	78	77	74	73	72	70	69	68	67	66	64	62	60	58	57	55	53	51	49	48	47	45	44	43	42	38	37	34	33	32	30	29	28	27	26	25	24	21	20	1	1	3	2	1	2	2	1	3	2	2	2	2	1	2	2	1	1	1	2	2	1	2	3	1	1	2	3	1	2	2	3	2	4	1	1	3	4	4	2	1	4	1	3	2	2	1	2	2	2	2
52	400	98	97	95	94	93	91	88	87	85	84	83	82	81	79	78	77	76	74	72	71	70	69	68	66	65	64	62	61	59	58	54	52	51	49	48	47	44	43	39	38	35	34	33	32	31	30	29	26	25	24	21	20	1	4	1	3	2	1	4	1	2	2	1	3	2	2	2	2	5	1	3	2	1	2	4	1	2	3	1	2	2	2	2	1	2	3	1	1	2	1	1	2	1	1	3	1	2	2	1	1	1	2	2	3
58	400	99	98	97	96	95	93	91	90	89	88	87	86	85	84	83	81	80	79	78	77	76	73	72	70	69	68	67	65	64	61	60	59	58	57	56	54	52	51	50	49	48	46	45	43	41	40	39	38	37	34	33	30	29	26	25	22	21	20	2	1	4	1	1	3	1	3	1	1	3	1	1	2	1	1	1	1	3	3	1	2	1	2	1	3	2	2	2	2	1	2	3	1	2	2	1	1	1	1	1	3	3	1	2	1	1	3	2	3	1	1	1	1	4	1	2	1
62	400	99	98	97	95	93	92	90	89	88	87	86	84	83	81	80	78	77	76	75	74	73	71	69	68	67	66	65	64	63	62	61	60	59	58	55	54	53	52	51	50	49	48	46	45	42	40	39	38	36	35	34	32	30	28	27	26	25	24	23	22	21	20	1	1	1	1	2	1	1	2	2	2	1	3	2	1	3	3	2	1	1	4	1	2	1	2	1	2	1	1	2	1	2	2	1	1	1	1	1	1	2	1	1	1	3	2	3	2	2	2	1	1	2	4	1	2	2	2	1	1	1	2	1	1
57	400	98	97	96	95	94	93	92	91	90	89	88	86	83	81	80	79	77	75	74	73	72	71	70	69	68	67	66	65	63	62	61	60	59	58	56	55	54	53	51	49	48	47	44	40	39	37	36	34	33	30	29	27	26	23	22	21	20	1	2	1	4	1	4	1	1	1	2	1	2	4	1	1	1	2	1	1	3	1	3	2	3	1	4	2	2	2	1	2	3	1	1	2	2	3	1	1	1	2	3	4	1	1	1	1	3	2	1	2	1	1	1	1	1	1
60	400	99	98	95	94	93	92	91	89	88	87	85	84	82	81	79	78	76	75	73	72	71	70	67	66	63	61	60	59	58	57	56	55	54	52	51	50	48	47	46	44	43	41	40	39	37	36	35	34	33	32	30	29	28	27	26	25	23	22	21	20	3	2	2	2	1	2	2	1	2	1	1	1	3	1	2	2	1	1	2	2	2	1	1	4	2	1	1	1	2	2	1	1	2	1	1	2	1	2	2	1	1	1	1	1	1	4	1	2	2	4	2	1	2	2	2	1	4	1	1	1
