10
55	300	99	98	96	95	94	93	90	88	87	86	85	84	83	82	80	77	75	74	72	70	68	67	66	65	62	61	60	59	58	56	55	53	52	51	50	49	47	46	45	44	42	40	37	35	34	33	32	30	29	28	27	24	23	21	20	2	1	2	4	1	2	2	1	2	2	2	4	1	1	1	1	1	2	1	1	1	1	2	2	1	1	1	4	1	1	1	2	2	2	1	1	5	4	1	6	2	1	1	2	1	3	2	3	1	2	1	1	2	1	3
57	300	99	98	96	95	94	93	92	90	89	86	80	77	76	75	74	73	70	67	66	65	63	62	61	59	58	57	56	55	54	53	52	50	48	47	46	45	44	43	42	41	40	39	38	37	36	34	32	31	30	29	28	27	26	24	23	22	21	2	1	3	1	2	1	2	2	2	3	4	1	3	2	2	1	1	2	2	1	4	1	2	2	4	1	2	3	1	1	3	1	1	1	1	1	3	1	2	1	2	2	2	1	3	1	1	1	1	1	1	1	3	1	1	2	2
57	300	99	98	97	96	95	94	92	91	90	89	86	85	83	82	81	79	78	76	74	73	72	71	70	67	64	63	62	59	58	57	56	55	53	52	48	47	45	44	43	42	41	40	39	37	36	35	33	31	30	29	28	27	26	24	23	22	20	1	1	2	1	2	1	1	2	1	1	1	1	3	2	1	3	1	1	4	1	3	3	1	2	1	1	3	1	1	3	3	1	1	4	1	1	1	1	1	1	1	3	2	2	1	1	2	5	2	2	3	2	1	2	3	1	2
55	300	99	98	97	96	95	94	93	89	88	85	83	82	81	80	78	77	76	73	72	70	67	65	64	60	59	58	57	56	55	52	51	49	46	45	44	40	39	38	37	36	35	34	33	32	31	30	29	27	26	25	24	23	22	21	20	1	3	2	1	2	2	4	2	2	1	1	2	2	1	2	2	1	3	1	2	3	1	5	2	3	1	2	3	1	1	1	2	2	2	1	1	3	2	1	1	3	1	2	1	1	2	2	1	3	1	1	3	1	2	1
53	300	99	98	97	96	95	92	90	89	86	85	82	81	80	78	77	76	75	74	72	71	70	68	67	66	65	63	62	61	58	56	55	54	52	51	50	48	47	45	40	38	37	36	35	34	33	32	29	28	27	26	25	22	20	3	4	4	2	3	1	1	2	1	1	3	1	2	1	2	2	1	1	2	3	1	2	2	2	1	5	4	1	1	1	2	2	3	2	1	2	2	3	3	3	2	1	2	1	1	1	1	3	1	1	1	1	1
57	300	99	98	96	95	93	92	90	88	86	85	83	82	81	79	78	77	75	74	72	71	70	68	66	65	64	63	62	60	59	55	54	52	51	50	49	48	47	46	45	44	42	40	38	37	36	35	34	33	32	31	30	28	26	24	23	22	20	2	2	1	1	1	1	1	4	3	1	1	2	2	1	3	3	1	1	1	4	1	1	2	1	2	3	1	1	2	1	1	1	2	1	3	4	2	2	1	1	2	2	3	1	1	1	3	1	1	1	2	1	1	4	3	2	2
54	300	98	96	94	90	89	87	86	85	84	83	82	81	80	79	77	76	75	73	71	70	68	64	63	61	60	58	56	55	54	53	51	49	48	47	46	45	44	43	42	41	40	39	36	35	32	31	30	29	28	27	25	24	22	20	2	1	3	1	3	3	1	1	2	2	1	2	1	2	3	2	3	1	1	3	2	1	2	2	2	2	4	1	2	2	2	1	2	1	1	2	3	1	3	4	2	2	2	1	2	2	1	1	1	2	1	1	2	2
59	300	99	98	97	96	95	94	93	91	89	88	87	86	83	81	79	78	77	76	75	74	71	70	69	67	66	65	64	61	60	59	57	55	54	53	52	51	49	48	47	46	45	44	43	42	41	40	39	37	36	35	34	30	29	27	26	23	22	21	20	1	2	2	1	2	1	1	1	1	2	1	1	1	1	3	1	2	2	2	1	1	1	1	2	2	3	1	2	1	3	2	2	3	1	3	3	1	1	1	2	2	1	1	1	4	1	2	1	2	2	2	3	3	1	1	2	1	2	3
55	300	99	97	96	95	94	93	91	90	88	87	84	83	82	81	80	79	78	76	74	73	72	70	69	68	66	65	64	63	62	61	60	58	57	55	53	50	48	47	46	45	42	39	38	37	36	35	34	32	28	27	26	23	22	21	20	1	2	2	1	4	1	1	3	3	1	1	2	1	2	1	1	4	1	2	2	1	1	2	2	1	1	1	1	2	3	2	2	1	1	2	5	2	2	2	1	3	2	2	3	1	3	1	4	1	1	1	2	2	1	2
57	300	99	96	95	92	91	90	89	88	87	86	85	84	83	82	81	80	77	74	73	72	71	70	69	66	65	63	61	60	59	56	55	54	53	52	47	46	45	44	43	39	38	37	36	35	34	33	32	31	30	29	28	27	26	25	24	22	21	1	1	2	3	1	1	1	1	1	3	2	1	1	1	2	1	1	4	5	1	3	2	2	1	2	1	1	1	2	2	1	2	1	2	2	1	2	1	1	2	4	3	2	1	2	1	1	3	2	1	3	1	3	4	1	1	1
