10
64	120	99	98	95	93	92	91	90	89	85	84	83	82	80	79	78	77	76	73	72	71	69	67	64	63	62	61	60	59	58	56	54	52	51	50	48	46	45	44	43	40	37	35	34	32	31	30	29	28	27	26	25	24	23	22	21	19	17	15	11	9	8	7	3	1	1	1	1	3	2	1	1	1	2	1	2	2	1	1	1	2	1	1	1	1	3	1	3	2	3	2	1	1	1	2	1	3	1	3	3	1	1	2	1	1	1	1	1	2	1	1	1	1	3	3	1	2	1	1	2	1	2	1	2	2	2	2	2	1
63	120	99	97	95	92	91	90	88	86	85	84	83	81	80	79	78	76	74	71	69	68	67	65	64	63	61	59	58	57	56	54	53	52	51	46	45	44	41	40	39	38	37	35	28	27	25	23	22	21	18	17	16	15	14	13	12	9	8	6	5	4	3	2	1	2	1	1	3	3	3	1	1	1	1	2	1	2	1	2	2	1	1	1	3	2	2	1	1	2	2	1	1	1	1	1	1	2	2	1	2	1	1	2	1	2	2	2	3	1	1	1	1	1	3	2	1	2	1	1	2	1	2	1	2	2	1	4
64	120	96	95	94	92	91	89	88	86	85	81	79	78	77	76	75	73	72	70	68	66	65	62	58	55	54	53	52	51	49	48	47	46	45	44	43	41	40	39	38	35	34	33	32	31	30	29	28	27	26	24	23	21	20	17	16	15	13	11	10	8	6	5	4	2	4	3	1	4	2	1	2	1	1	1	2	2	1	3	2	1	1	1	1	1	4	2	2	1	1	2	1	1	1	1	1	1	1	1	3	1	2	2	1	1	2	1	1	2	2	1	1	1	2	1	2	1	2	1	1	2	3	1	2	2	1	1	1	1
67	120	98	97	96	95	94	93	92	91	90	89	86	85	83	82	81	80	79	77	74	72	70	69	63	61	60	58	57	55	54	53	52	49	48	47	46	45	44	43	41	39	37	36	32	31	30	29	28	26	25	24	23	21	18	17	16	15	14	13	10	9	7	6	5	4	3	2	1	2	1	1	2	1	1	3	2	1	2	1	2	1	2	1	2	1	2	3	1	1	1	1	1	2	3	1	1	1	1	1	2	4	1	1	1	1	1	1	3	1	1	1	1	1	1	1	1	2	1	4	2	1	1	1	1	1	1	1	3	3	1	2	1	1	2	2
64	120	99	98	96	95	94	93	92	90	88	87	85	84	83	82	78	77	76	74	72	71	70	68	65	64	60	59	58	57	56	53	52	51	50	49	47	46	45	42	41	39	38	37	35	34	33	32	26	25	23	22	21	20	17	15	13	12	11	8	7	6	5	4	3	1	2	1	1	2	3	2	2	1	3	1	1	1	1	1	1	1	1	3	2	2	2	1	1	2	1	1	1	2	1	1	2	1	1	2	3	1	2	2	1	1	2	1	2	2	2	2	1	1	2	1	1	1	1	1	1	1	4	3	3	3	1	1	1	1
60	120	99	97	96	95	91	89	87	86	85	82	81	77	75	73	72	70	68	64	63	62	61	60	59	58	56	54	53	52	51	50	48	45	44	43	42	41	39	37	35	34	32	31	30	29	28	26	23	22	20	16	15	13	10	9	7	6	4	3	2	1	2	1	2	3	3	1	1	2	2	1	1	3	1	1	3	1	2	1	4	2	1	1	1	1	2	3	2	1	1	1	1	1	3	1	1	2	1	1	1	2	1	1	2	1	3	1	4	1	2	1	4	2	1	2	2	1	1	1	1	3
64	120	99	98	97	96	95	92	89	86	85	84	83	82	80	79	78	76	74	71	70	68	66	65	62	60	58	57	56	55	54	53	51	50	48	47	46	44	43	42	40	39	38	37	35	33	30	28	27	26	24	23	21	20	19	17	16	15	14	12	9	7	6	4	2	1	2	4	1	4	1	1	1	1	1	1	1	1	1	1	1	1	1	1	1	1	1	3	1	3	2	2	2	2	2	2	2	2	1	1	2	5	1	1	2	2	1	2	2	1	1	1	2	1	2	1	2	2	1	1	1	1	1	1	1	1	3	1	2	2
65	120	99	96	94	93	92	90	88	87	86	84	83	82	78	75	74	72	71	70	69	68	64	63	62	61	60	59	58	57	56	55	54	53	50	49	48	45	44	43	40	39	38	36	35	33	32	30	29	27	26	25	23	22	21	20	19	18	17	16	15	14	9	6	4	3	2	1	3	1	2	2	3	1	1	1	1	1	1	1	1	2	1	1	3	2	1	2	2	2	1	2	3	1	2	1	1	1	1	1	1	1	9	1	1	1	3	1	1	1	1	1	1	1	1	1	1	1	1	1	1	2	1	1	2	1	1	2	1	2	4	2
68	120	99	98	96	95	93	91	90	89	87	85	84	81	78	77	74	72	70	69	68	65	63	62	61	60	59	58	57	56	54	53	52	51	47	46	45	44	43	42	41	40	38	37	33	32	30	29	27	26	25	24	23	22	21	20	19	18	16	14	13	12	11	10	9	8	6	5	2	1	2	1	1	1	2	2	1	3	1	2	1	1	1	3	1	1	1	3	1	1	1	1	2	2	1	1	1	2	1	2	1	1	1	1	2	1	2	1	1	1	1	1	1	2	1	1	2	1	1	2	3	1	1	2	1	1	1	2	2	3	2	1	3	1	3	2	1	1
57	120	99	98	95	93	90	87	86	83	82	81	80	79	78	73	72	70	69	66	65	63	61	58	54	53	52	50	49	48	47	46	45	43	40	39	38	37	35	33	32	31	28	27	25	21	20	18	17	15	14	13	11	9	8	7	6	5	4	4	1	3	2	2	2	1	2	3	1	2	1	2	2	1	1	2	5	1	1	2	1	2	2	2	1	2	1	3	2	2	2	1	1	2	1	1	2	4	2	1	2	1	3	3	1	1	2	2	2	1	1	1	1	1	1	1
