10
60	100	99	98	96	95	93	92	91	89	88	87	86	85	83	82	81	80	79	78	77	76	75	74	73	72	70	68	67	66	64	63	62	61	60	59	58	54	52	51	50	48	45	44	43	42	41	40	38	37	36	35	33	32	30	29	28	27	26	24	23	22	1	2	2	2	1	1	1	1	1	2	1	1	4	2	1	2	2	2	2	1	1	1	2	2	1	3	1	1	2	2	1	3	1	1	2	3	1	1	1	1	5	1	1	1	3	1	1	2	2	2	1	2	1	2	1	2	3	3	2	1
60	100	99	97	96	93	92	91	90	89	88	86	84	83	82	81	79	78	77	76	75	73	72	70	68	66	65	64	63	62	61	60	59	58	57	56	55	54	53	52	50	48	45	44	43	42	41	40	39	36	35	34	33	31	30	29	28	27	26	25	23	22	3	1	1	3	1	1	2	1	1	2	2	1	2	1	1	1	2	3	1	2	1	1	2	2	1	1	1	1	2	1	2	1	1	3	1	3	2	2	1	2	3	1	1	1	2	1	4	1	1	3	2	2	4	1	2	1	2	2	1	2
60	100	99	98	97	96	93	92	91	90	89	88	87	86	85	84	82	81	79	78	76	75	74	73	72	70	67	66	61	60	59	58	57	56	55	54	53	52	51	50	49	48	47	45	44	43	42	41	40	38	36	35	34	32	31	30	29	28	27	26	24	22	1	2	3	1	1	1	2	2	4	1	1	2	1	1	2	1	1	2	4	1	1	2	1	2	1	1	2	1	2	2	1	2	1	3	3	1	1	1	1	6	4	2	1	2	2	1	2	3	1	1	3	1	1	1	1	1	1	1	1	1
62	100	99	98	96	95	94	93	92	91	90	89	86	85	84	83	82	81	80	79	76	75	74	73	72	71	70	69	68	65	63	62	60	59	58	56	54	53	52	51	50	49	48	47	46	45	44	43	42	41	40	39	38	37	35	34	33	32	31	28	27	26	25	24	3	2	2	1	1	2	1	1	1	1	1	1	1	3	1	2	1	2	2	1	2	2	3	2	1	1	1	2	2	1	2	3	1	3	2	1	2	1	1	1	2	2	1	2	1	1	2	1	1	2	1	2	1	2	1	2	1	2	2	2	3	2
56	100	99	98	97	96	95	93	91	90	87	86	85	83	81	80	79	77	75	74	73	72	71	70	69	67	66	65	63	61	60	59	56	55	53	52	50	48	46	45	43	42	40	38	36	34	33	32	31	30	29	28	27	25	23	22	21	20	1	2	2	1	2	3	1	1	4	1	2	2	2	6	1	1	1	2	2	2	1	2	1	2	2	1	2	1	2	2	1	3	2	1	2	2	1	1	3	3	3	1	3	1	3	1	2	2	1	2	1	1	1	1	2	1
59	100	99	98	96	95	94	91	90	88	87	84	83	82	81	80	79	78	77	76	75	71	67	66	65	64	63	62	61	60	59	56	55	54	53	52	51	50	47	46	45	44	43	42	41	40	39	37	36	35	33	32	31	30	28	25	24	23	22	21	20	1	2	1	1	1	1	2	2	1	1	1	1	3	2	1	2	2	1	1	1	2	3	2	1	6	2	4	1	1	1	1	1	2	2	2	1	3	1	2	1	1	1	1	1	2	2	1	2	2	3	2	1	3	1	1	3	3	2	1
61	100	99	98	95	94	91	90	89	88	86	84	83	82	81	80	77	76	75	74	73	72	70	69	68	66	65	64	63	61	60	59	58	57	56	55	54	53	51	50	48	46	45	43	41	40	39	37	35	34	33	32	31	30	29	28	27	26	25	24	23	22	20	1	1	3	1	1	2	1	1	2	3	1	1	1	1	1	2	3	3	1	3	2	1	1	2	2	4	1	2	1	1	2	1	2	1	1	1	3	1	1	2	1	3	1	1	1	2	1	1	2	2	1	1	3	2	1	3	2	3	1	1	2
56	100	99	98	97	96	95	94	92	90	89	87	86	82	81	78	77	76	74	73	72	71	70	69	67	66	65	62	60	59	57	56	55	54	53	52	50	49	47	46	45	43	40	39	38	36	35	34	31	30	29	28	26	24	23	22	21	20	2	3	1	1	2	1	1	1	2	1	1	3	1	3	2	2	2	2	1	1	4	1	3	1	2	1	2	1	2	1	1	2	1	4	2	1	2	1	2	1	1	2	5	1	4	1	2	1	1	2	3	2	1	2	1	3
56	100	98	94	93	92	91	90	88	86	85	84	83	82	80	78	76	75	74	72	71	70	69	68	66	65	63	62	61	60	59	57	56	55	53	52	51	50	49	48	45	44	43	42	40	38	37	36	35	34	33	32	31	29	24	23	22	20	1	2	3	1	1	1	1	1	1	1	3	2	2	1	1	1	1	1	1	1	1	3	1	3	3	2	1	3	1	5	2	1	2	1	1	2	1	2	1	1	3	1	4	1	3	1	1	2	1	5	3	2	2	2	4	1
57	100	98	97	95	94	93	92	91	90	88	86	85	84	83	82	81	80	79	76	75	74	70	69	68	67	65	63	62	61	60	59	58	57	56	55	54	53	51	50	49	47	45	44	43	42	41	39	38	37	34	33	31	27	26	25	23	21	20	1	2	1	1	1	3	2	2	1	3	2	3	3	3	2	1	1	2	1	3	2	2	1	1	2	1	1	1	1	1	1	2	1	1	1	1	2	1	1	1	1	3	1	2	1	1	2	2	2	1	3	3	1	4	4	1	5
