10
50	150	99	96	95	94	93	92	91	89	88	86	85	81	80	77	76	75	74	72	69	68	65	63	62	60	59	58	57	56	55	53	51	50	48	46	44	42	40	39	38	36	34	32	31	29	28	26	25	22	21	20	3	1	2	1	1	2	2	1	6	1	2	2	2	3	2	2	3	1	1	4	1	4	4	1	2	1	2	2	2	2	1	1	3	1	2	1	2	1	1	2	2	2	4	2	1	2	2	4	1	2
56	150	99	98	97	96	95	93	92	91	90	89	88	85	84	82	79	75	73	72	71	70	68	67	66	64	62	61	60	59	58	57	56	54	53	51	50	49	48	47	46	45	43	42	41	40	39	38	37	36	35	34	33	31	27	25	23	21	2	1	1	3	1	2	1	1	1	1	3	1	1	1	1	2	2	1	1	1	1	3	2	2	1	3	3	1	1	3	1	2	5	1	2	1	1	1	3	1	1	2	1	3	2	1	4	2	4	2	2	2	3	1	1	3
59	150	98	96	94	93	92	91	89	88	87	85	84	82	81	78	77	76	75	73	72	71	70	69	67	65	64	62	61	60	59	58	57	54	53	51	50	48	45	44	43	42	41	40	39	38	37	36	35	34	33	32	31	28	27	26	25	23	22	21	20	1	1	3	2	3	2	2	1	1	1	3	1	2	3	1	1	2	1	1	3	1	2	1	2	1	2	2	1	1	1	2	2	1	3	1	1	1	1	1	1	2	1	2	2	2	1	3	2	1	3	3	1	2	1	3	3	2	1	2
55	150	97	96	95	94	93	92	91	90	89	86	84	82	81	80	79	78	77	76	75	74	73	70	69	68	67	66	64	62	60	59	58	55	54	51	50	48	47	45	43	42	41	39	38	37	34	33	32	31	30	29	28	27	25	24	23	2	1	1	2	1	2	1	2	2	2	4	2	2	5	2	1	3	1	2	1	1	2	1	1	2	5	1	2	2	1	3	1	2	3	1	1	2	1	1	1	2	2	3	1	1	1	1	1	1	3	1	3	2	1	4
54	150	97	96	95	94	93	91	89	88	87	86	85	84	83	80	79	78	77	76	72	69	68	67	66	64	63	62	61	60	59	58	56	54	53	51	50	49	46	45	43	40	38	36	34	32	31	30	29	26	25	24	23	22	21	20	1	1	2	2	2	1	1	2	2	3	2	2	2	2	1	3	2	1	3	2	1	1	2	1	2	2	1	3	2	1	3	1	1	3	1	2	2	1	4	1	3	1	3	1	1	1	3	1	1	1	5	2	3	2
58	150	99	98	96	95	94	93	92	90	89	88	86	85	84	83	81	80	77	76	75	73	71	66	64	63	62	61	60	59	58	57	56	54	53	51	50	49	48	47	46	44	42	41	40	39	38	37	36	35	34	33	32	31	28	27	26	23	22	20	1	1	2	2	1	5	1	4	1	4	2	1	2	1	2	1	3	3	1	2	1	1	2	1	1	1	1	1	1	3	1	1	2	2	1	2	1	2	2	2	2	1	2	2	3	2	1	1	2	1	1	3	2	2	1	3	1	1
51	150	99	98	97	94	93	92	91	89	88	87	85	84	83	81	78	77	76	75	73	72	71	70	69	67	66	65	64	63	61	53	52	51	50	49	47	46	45	44	43	41	38	35	34	32	30	29	27	23	22	21	20	3	4	1	1	1	2	1	4	1	3	3	2	2	2	2	1	3	2	2	1	1	1	2	1	2	3	1	3	3	1	4	2	1	1	1	1	3	2	3	2	1	1	1	2	1	4	1	4	1	2	3
57	150	99	96	95	94	92	91	90	89	86	85	83	82	81	80	79	77	76	74	73	71	69	65	64	63	62	61	59	58	57	55	54	53	52	51	50	48	46	45	44	43	41	40	39	38	36	35	32	29	28	27	26	25	24	23	22	21	20	2	3	1	2	1	2	1	1	1	1	1	3	1	1	2	4	2	1	1	4	1	2	2	1	6	2	2	2	1	1	1	5	3	1	1	4	2	1	2	1	1	1	1	1	4	1	1	1	1	3	2	1	2	1	1	1	1
57	150	99	98	97	96	95	94	92	91	90	89	88	87	84	83	81	79	78	77	76	72	71	70	69	68	67	66	64	63	62	61	60	59	57	55	54	53	52	51	50	49	48	45	43	40	39	38	35	34	33	31	29	28	27	26	23	21	20	1	2	2	1	2	2	2	4	1	2	1	2	1	1	2	1	2	4	3	1	1	2	1	1	2	1	1	3	1	1	2	1	2	1	4	2	3	1	1	1	1	1	2	1	3	2	3	1	2	2	1	2	3	1	1	2	3
60	150	99	98	96	95	94	93	91	90	89	87	86	81	80	79	78	77	74	72	71	70	68	67	66	65	64	63	62	60	59	57	56	54	53	51	50	49	48	47	46	45	44	42	39	38	36	35	34	33	32	31	30	29	28	27	26	25	24	23	22	20	1	1	3	3	3	1	1	2	3	2	1	1	2	2	1	2	1	1	2	1	1	1	3	3	1	1	2	1	2	1	2	2	2	1	2	1	1	3	2	1	1	2	2	1	2	2	2	1	2	2	1	2	1	1	1	4	1	1	2	2
