10
58	150	99	98	97	95	93	92	91	90	89	88	87	84	81	79	78	75	74	72	69	65	64	60	59	57	55	53	52	51	48	47	46	44	43	42	40	38	37	33	32	30	29	27	26	25	23	21	16	15	14	13	12	10	8	7	6	5	4	3	1	1	1	1	2	2	1	4	3	2	2	2	3	1	1	1	1	3	1	1	1	3	3	2	2	1	3	1	2	4	1	3	2	1	1	1	1	1	1	1	1	1	4	3	3	1	2	1	1	3	1	1	1	1	4	1	1	1
61	150	97	96	94	93	92	91	90	89	87	86	85	84	82	81	79	78	74	73	71	67	66	64	61	60	59	58	57	56	54	53	51	50	49	48	46	43	42	35	34	32	31	29	28	27	26	24	22	21	19	18	17	16	15	14	13	12	8	6	5	4	1	1	2	2	1	1	2	2	1	2	2	4	1	1	1	2	1	3	1	1	2	4	1	1	1	1	1	1	2	4	1	2	3	1	2	1	1	2	1	1	1	1	3	1	1	1	4	2	1	1	3	1	2	2	1	1	1	2	2	1	3	1
61	150	99	98	97	96	94	91	90	88	87	85	83	82	80	79	78	77	76	75	74	71	68	66	65	62	61	59	57	54	53	51	50	49	48	46	45	43	40	39	38	37	36	34	31	29	28	23	22	21	20	19	17	14	13	11	10	9	8	7	5	3	1	2	1	1	1	1	1	2	1	2	2	3	2	1	1	1	1	2	1	1	2	1	2	3	2	1	2	4	4	1	1	3	2	3	1	1	1	1	1	1	1	1	1	1	2	1	1	1	3	3	1	3	1	3	2	3	1	2	2	1	1	1
65	150	99	98	97	95	93	92	89	88	87	86	85	84	83	82	81	79	78	77	74	73	72	71	70	69	67	62	61	60	59	57	56	54	53	51	49	48	47	46	44	43	42	41	40	39	38	37	36	35	29	25	23	22	21	19	18	16	13	11	10	9	8	6	5	3	1	1	1	1	1	2	1	1	1	2	1	3	1	1	1	2	1	2	1	1	3	1	2	1	1	3	2	4	4	2	1	1	1	1	2	2	1	1	1	1	1	1	2	1	1	2	2	2	1	1	3	1	1	1	3	2	1	1	3	2	1	2	1	2	1	1
62	150	98	97	95	93	92	90	89	88	87	85	82	81	79	78	75	74	73	72	71	70	66	65	64	62	58	57	56	54	53	51	50	49	48	44	43	42	40	39	36	35	34	31	28	27	24	21	20	19	17	16	15	13	12	11	10	9	7	6	5	4	3	1	1	1	4	1	1	1	1	3	1	1	1	1	1	1	1	2	1	1	1	1	1	1	2	1	2	1	3	1	1	2	1	2	1	1	1	2	2	2	2	1	1	5	2	2	2	1	1	2	2	2	2	1	1	3	1	6	1	1	2	2	2	2
65	150	96	95	94	93	92	90	88	84	82	81	78	77	76	75	74	72	71	69	66	64	63	62	61	60	59	56	54	53	51	50	49	48	47	46	45	44	43	42	41	40	39	38	37	36	35	32	31	29	28	27	26	24	21	20	19	18	17	16	13	8	7	6	5	3	1	2	3	2	2	4	1	1	1	1	1	1	1	1	2	1	1	1	1	1	1	2	1	6	3	2	4	1	1	1	3	4	1	2	2	2	1	1	1	1	1	1	1	3	2	1	1	2	1	1	1	1	1	1	1	1	1	1	1	3	1	1	1	1	1	1
58	150	99	98	97	94	93	92	91	90	89	86	85	84	80	77	75	74	73	71	69	67	65	64	63	60	57	56	55	52	51	50	49	48	47	45	43	42	39	36	33	30	29	28	27	25	23	22	17	16	15	14	13	11	10	9	6	3	2	1	5	1	2	1	2	2	1	1	1	1	1	1	1	1	2	1	1	2	1	1	1	3	1	4	2	3	2	1	2	3	1	3	1	1	1	1	2	2	3	3	2	3	2	1	3	4	1	2	1	1	1	1	1	1	2	2	1	2
62	150	99	97	96	94	93	91	89	88	86	85	83	82	81	79	77	75	73	72	71	70	69	68	66	65	60	58	56	55	51	50	49	48	47	44	43	40	39	38	36	35	34	33	32	31	30	29	25	24	22	19	18	17	16	15	14	12	11	8	7	5	4	1	3	1	1	2	2	4	2	2	1	3	1	1	1	3	3	1	1	2	2	3	3	1	2	1	1	1	1	1	2	1	1	2	1	1	1	1	1	2	1	1	2	2	1	4	2	1	2	1	2	3	1	2	2	1	1	1	2	1	1	1	1	1
65	150	99	95	94	92	90	88	87	84	83	82	81	80	79	77	76	75	74	73	69	67	65	63	62	60	59	57	56	55	53	52	51	50	49	47	46	44	42	41	40	39	38	36	35	34	33	31	30	28	26	25	23	22	21	20	17	15	14	13	12	11	9	7	6	4	1	1	3	3	1	2	1	1	1	1	1	1	3	1	1	1	1	1	1	2	1	1	2	1	1	2	4	1	4	2	2	1	1	2	1	1	1	2	1	1	1	2	1	2	3	1	1	2	1	1	1	1	2	1	2	1	2	1	2	3	1	4	2	1	1	1
63	150	98	96	93	92	89	86	84	83	80	79	78	77	75	74	67	66	65	63	62	61	60	59	57	56	54	51	50	49	48	46	44	43	42	41	40	38	35	34	33	32	31	30	29	28	27	26	25	24	23	22	21	20	18	17	15	12	11	9	8	7	6	4	2	2	1	1	1	3	1	1	1	2	1	2	1	3	1	1	1	1	1	2	3	1	1	1	2	2	1	1	1	1	1	3	1	1	2	1	3	1	4	1	2	1	3	2	2	2	2	1	3	2	1	1	3	1	1	3	1	1	2	3	1	1	1	1
