10
60	500	98	97	96	95	94	93	92	91	90	88	87	85	84	83	81	80	78	77	76	75	74	73	72	71	70	68	66	65	64	62	61	60	59	58	57	56	55	54	53	51	50	47	46	45	44	43	42	40	39	38	37	35	34	31	28	26	25	24	23	21	2	2	1	2	1	1	1	2	1	1	1	3	2	1	3	1	2	1	3	1	1	2	1	1	1	2	1	2	2	3	1	3	5	2	2	2	1	3	1	1	3	1	2	2	2	1	1	1	2	1	1	2	1	1	1	1	2	2	2	2
56	500	99	98	95	94	92	90	89	88	86	85	84	83	81	80	79	75	74	73	72	71	70	69	68	67	66	65	64	62	61	60	56	55	54	53	52	51	46	45	43	42	40	38	37	36	35	33	31	30	29	28	27	25	24	23	22	21	1	2	2	2	1	2	2	3	1	2	5	1	1	1	2	1	1	1	3	1	2	2	2	2	2	3	1	2	1	1	2	1	3	3	1	2	2	1	1	2	2	1	1	5	1	2	1	1	1	1	1	2	3	3	1	3
63	500	99	98	97	96	95	93	92	91	90	88	87	85	84	83	82	80	78	77	76	75	74	73	72	71	70	69	68	66	65	64	63	62	60	59	58	56	55	53	52	50	48	47	46	45	44	43	42	41	40	39	38	34	32	31	30	29	28	25	24	23	22	21	20	1	1	1	2	2	1	1	1	2	1	1	1	1	1	1	3	2	1	1	1	2	2	1	1	2	2	2	3	2	3	2	1	1	1	2	2	3	1	2	2	1	2	1	2	5	1	2	1	2	1	2	1	1	1	1	1	2	1	1	1	4	2	1
59	500	99	98	97	96	95	94	92	91	90	87	85	84	83	82	81	80	79	78	77	75	74	73	72	71	70	68	66	65	64	63	62	61	60	59	58	57	56	55	54	53	51	50	49	48	47	41	40	39	38	37	35	33	32	29	27	26	25	22	20	1	1	1	1	2	1	3	1	3	1	1	1	2	3	1	2	1	1	2	2	2	1	1	1	2	1	1	1	2	2	1	1	1	1	2	2	1	2	1	3	1	1	3	1	4	1	2	1	1	4	3	3	1	2	2	3	2	1	4
66	500	99	98	97	96	95	94	92	91	90	89	87	86	85	84	83	82	80	79	77	75	74	73	72	71	70	69	68	67	65	64	63	61	60	59	58	55	54	53	52	51	50	49	48	47	46	43	42	40	39	37	36	35	34	33	32	31	30	29	28	27	26	25	24	23	22	21	1	4	2	2	1	1	2	1	2	2	1	1	1	1	1	2	1	3	2	1	5	1	2	1	2	1	1	2	2	2	1	1	1	2	1	3	1	1	1	1	1	1	1	1	2	1	1	1	4	1	1	1	1	1	1	1	1	1	2	3	2	2	1	1	2	1
54	500	99	97	94	93	92	91	90	89	88	87	84	82	81	80	79	78	77	76	74	72	69	68	67	66	64	63	60	58	56	55	53	51	50	48	47	46	45	44	42	41	39	38	37	36	35	33	31	30	29	27	26	24	23	22	2	1	1	1	1	2	2	3	3	1	1	5	1	1	5	1	3	1	1	2	2	3	3	1	2	2	2	1	2	2	3	1	1	2	3	1	2	1	2	2	4	1	1	2	3	1	2	1	1	1	3	2	1	1
57	500	98	97	96	95	94	93	91	90	88	87	86	83	82	81	80	79	77	76	73	72	71	70	68	67	66	64	62	61	59	58	57	56	55	53	52	51	49	48	46	45	44	43	42	40	38	36	35	34	33	32	31	29	26	25	24	21	20	2	2	2	3	1	1	1	2	1	3	4	1	1	3	2	1	1	1	1	1	1	1	2	2	3	1	2	1	2	2	1	1	3	2	1	2	1	1	1	3	2	2	2	3	3	2	2	1	1	2	2	3	1	2	2	1	2
60	500	99	98	97	95	94	91	89	88	86	84	83	82	81	80	78	77	76	75	74	73	71	70	68	67	66	65	64	63	58	57	56	55	54	53	51	50	49	48	47	46	45	44	43	42	38	37	36	35	34	33	32	30	29	27	26	25	24	23	22	21	1	1	2	1	1	1	3	2	3	4	3	4	1	1	3	1	1	1	1	1	2	1	4	1	2	1	3	1	1	3	1	1	1	2	1	1	1	2	2	1	1	1	2	1	2	1	1	1	1	2	3	1	1	2	2	1	3	1	2	3
54	500	99	98	97	96	95	94	92	91	90	89	88	87	85	81	80	78	77	76	73	72	71	69	68	66	64	62	61	60	59	58	56	54	53	50	48	46	45	43	42	41	38	37	36	35	33	31	30	29	27	26	25	23	22	21	3	3	2	1	1	2	3	2	2	2	1	3	1	1	3	1	3	2	2	2	2	3	2	1	1	1	1	2	2	1	1	1	2	1	1	1	1	3	1	2	3	2	2	2	1	2	3	1	3	2	2	3	2	2
57	500	99	98	97	96	95	94	93	92	91	89	87	86	85	84	82	81	80	78	77	76	75	74	73	70	69	68	65	64	63	62	61	60	59	57	56	55	54	51	49	48	46	45	44	42	37	36	35	34	33	32	29	27	25	24	23	21	20	1	1	2	1	1	1	4	3	3	2	3	2	1	4	1	1	2	1	2	1	1	1	2	1	1	4	2	2	2	1	2	1	2	1	2	2	1	2	1	3	1	1	3	2	3	1	2	2	1	2	2	1	2	1	2	2	1
