10
54	120	99	97	95	92	91	87	86	85	83	82	81	74	73	72	70	69	68	66	62	60	59	58	57	56	55	54	53	52	50	49	48	47	46	43	42	41	40	39	38	37	36	35	33	32	31	29	28	27	26	24	23	22	21	20	2	5	2	1	1	3	1	2	3	3	3	1	3	4	2	2	2	1	1	1	4	2	1	3	1	1	2	1	1	2	1	3	2	1	1	4	2	3	2	1	2	1	2	2	1	1	1	2	1	1	1	1	2	1
59	120	99	98	97	96	95	94	93	92	91	90	89	88	87	86	83	80	79	78	76	75	74	73	72	70	69	67	66	65	64	63	62	61	60	58	55	54	52	50	49	48	47	45	44	42	41	40	37	35	34	33	32	30	29	27	26	25	23	21	20	4	1	1	3	3	1	3	2	2	2	1	1	1	1	1	2	1	4	1	2	1	3	1	1	2	1	1	3	2	2	2	2	2	1	1	1	1	2	3	2	2	1	2	1	1	2	2	1	1	2	1	1	2	1	2	1	3	2	1
56	120	99	98	97	96	94	93	90	89	88	87	85	82	81	80	79	77	76	75	74	73	72	71	70	69	68	64	63	61	60	59	58	57	54	53	52	49	48	47	46	45	44	42	41	40	39	36	34	33	32	31	30	29	27	26	23	20	1	1	1	3	2	2	3	3	2	3	3	1	1	3	1	1	2	4	3	1	3	2	1	1	3	1	5	1	2	3	1	1	1	1	2	1	1	2	2	1	1	1	1	1	3	1	1	2	1	2	1	4	2	1	1	1
53	120	99	98	97	96	94	93	92	91	90	89	88	87	85	81	80	78	77	76	75	74	73	72	71	70	69	67	65	64	61	58	57	56	55	51	50	49	48	46	45	43	42	41	37	36	35	31	29	28	27	25	24	23	20	1	4	1	2	3	1	2	1	3	6	3	1	1	1	1	2	3	1	1	3	1	1	3	1	2	3	1	3	2	1	1	3	3	1	1	2	2	1	1	2	3	1	2	2	1	1	1	1	2	5	3	1	1
57	120	97	96	95	94	93	92	91	90	89	87	86	84	83	82	79	78	77	76	75	74	73	72	71	70	69	64	63	62	61	60	59	58	56	55	54	53	52	50	49	48	46	45	43	41	39	38	36	34	33	31	30	29	27	26	24	23	21	2	2	1	1	3	1	1	3	1	1	1	2	3	4	1	2	2	1	2	3	1	1	3	4	1	1	1	1	5	2	1	1	2	1	1	1	2	2	1	2	1	1	2	2	2	2	1	3	1	2	2	2	2	1	3	1	1
55	120	99	96	94	92	91	90	87	86	85	84	83	82	81	80	79	78	77	76	75	74	73	66	65	62	61	60	59	57	56	55	54	53	52	51	49	48	47	45	44	42	40	39	36	34	32	31	30	29	27	26	25	24	23	22	20	1	1	1	1	2	2	2	1	5	2	2	2	2	1	5	1	2	1	3	1	2	1	1	3	2	1	1	1	3	3	1	2	1	1	2	3	1	2	1	1	2	1	2	1	1	2	2	1	2	5	2	3	2	1	2
64	120	99	98	97	95	93	92	91	89	88	87	86	84	83	82	81	80	78	77	76	75	74	73	72	71	70	69	68	67	66	65	63	61	59	58	57	56	55	54	53	52	51	50	46	45	44	43	42	40	39	38	36	35	34	33	32	31	30	29	28	27	26	23	22	20	2	2	1	1	1	2	2	2	2	2	1	1	2	1	1	2	1	2	1	3	1	2	1	2	2	1	1	1	1	1	1	1	3	1	1	2	2	1	2	3	1	1	1	1	1	1	4	2	2	1	2	2	1	1	1	2	1	1	2	1	2	1	4	2
52	120	99	98	96	94	92	90	88	87	86	85	82	80	78	76	75	72	71	70	69	68	67	66	65	64	62	60	57	56	55	54	53	52	51	49	48	47	44	42	40	39	36	35	34	33	31	30	29	28	26	24	23	21	5	2	2	1	1	2	1	1	2	5	1	1	2	2	1	1	4	4	2	1	1	1	1	1	2	3	2	2	2	1	1	2	3	2	1	2	2	1	3	1	3	1	3	3	1	1	1	2	3	2	2	3
56	120	99	98	97	96	95	92	90	88	86	85	84	83	81	80	78	75	74	73	71	68	67	66	65	63	59	58	57	56	54	53	52	51	50	48	47	46	45	44	43	41	40	39	38	37	35	32	30	28	27	26	25	24	23	22	21	20	4	1	3	2	2	1	1	2	2	3	2	1	1	1	2	2	3	3	1	4	2	1	1	2	1	2	1	1	2	2	1	2	1	1	1	1	1	3	3	2	2	1	1	4	1	3	1	1	1	2	2	2	3	1	1	2
63	120	98	97	96	95	94	93	92	91	89	87	85	84	83	82	81	80	79	78	77	76	75	74	72	70	68	66	65	64	62	61	60	59	58	57	56	55	54	53	52	50	49	48	47	45	44	43	41	39	38	37	36	35	34	31	30	29	28	27	26	24	23	21	20	1	1	2	1	2	2	2	1	1	1	1	1	1	2	1	2	1	2	4	3	1	1	1	1	1	1	1	1	2	2	2	1	1	2	2	1	2	2	1	1	1	2	2	1	2	6	4	1	1	1	1	2	1	1	1	2	1	1	2	1	2	1	4
