10
63	300	99	97	95	94	93	91	89	88	87	86	85	84	81	80	78	77	76	75	74	73	72	71	70	68	66	64	63	58	57	56	55	53	52	50	48	46	45	44	43	42	41	40	38	37	36	35	31	30	29	28	27	20	19	17	14	13	11	10	8	7	6	5	2	2	2	1	3	3	2	3	1	1	1	1	3	1	1	1	1	2	2	1	1	2	2	3	1	1	1	2	1	2	1	1	1	2	1	1	1	1	3	1	3	1	3	2	1	1	1	1	1	2	1	2	1	3	1	2	1	2	2	1	1	2	2	2
63	300	98	97	94	92	91	90	88	87	86	84	83	81	80	77	76	75	73	71	69	66	65	64	62	61	60	59	58	57	56	55	53	51	50	46	45	43	42	41	38	35	34	32	31	30	29	28	27	26	25	23	21	20	17	16	14	13	12	9	8	6	4	2	1	1	2	1	1	1	1	2	1	1	1	2	1	1	1	1	1	3	1	4	1	3	3	2	1	3	3	2	2	2	1	1	1	2	2	1	1	1	3	2	1	1	2	1	1	2	1	1	2	1	1	1	2	2	2	4	1	1	2	2	1	1	2	1
67	300	99	98	93	91	90	87	85	84	81	80	79	78	77	76	75	74	72	69	66	65	64	63	62	61	60	59	58	55	53	50	48	47	46	45	44	43	42	41	40	39	38	37	35	33	32	31	29	28	27	26	25	22	20	19	18	16	15	14	13	12	11	9	6	4	3	2	1	1	2	1	2	1	2	1	2	1	1	1	1	1	2	3	1	1	1	1	1	1	1	1	2	2	1	2	2	1	1	3	3	2	2	2	2	2	1	1	2	1	1	2	1	1	1	2	3	1	2	2	1	1	1	1	1	1	2	2	1	2	2	3	1	1	1	1
63	300	99	98	97	96	94	93	91	88	86	85	81	79	77	76	75	74	73	72	69	68	67	66	65	63	62	59	58	57	56	53	51	49	44	42	41	40	39	36	35	34	33	32	31	30	29	28	27	23	22	21	20	18	17	15	14	13	12	11	10	7	5	4	2	1	2	1	1	2	1	2	1	1	1	1	1	2	1	1	5	2	3	2	1	1	2	1	1	1	3	2	2	2	2	2	2	2	1	1	2	2	3	1	1	1	1	2	1	1	1	2	3	2	2	1	2	1	1	1	1	1	2	2	1	3	1	1
64	300	99	98	97	94	93	92	91	90	89	88	86	83	81	79	77	76	72	70	69	66	65	64	63	62	60	59	58	57	56	54	52	49	48	46	45	44	43	42	41	38	37	36	34	31	29	27	26	24	22	21	19	18	17	16	12	10	9	8	7	6	4	3	2	1	1	2	1	1	1	1	1	2	1	4	3	2	1	1	1	1	1	1	2	1	2	2	1	2	2	1	1	2	1	1	1	1	2	2	2	1	1	1	3	2	3	2	1	2	1	1	1	3	1	2	2	1	3	3	2	2	1	2	1	1	1	1	1	2
62	300	99	96	94	92	90	89	88	87	85	82	80	79	77	76	75	74	73	71	69	64	59	58	57	56	55	52	51	49	48	47	46	45	44	43	39	38	35	34	33	32	29	27	25	24	23	21	19	18	17	16	15	14	12	11	10	8	7	5	4	3	2	1	2	2	3	1	1	3	1	1	1	1	1	3	3	1	5	3	2	1	1	1	1	2	1	1	1	2	2	1	1	1	1	3	1	1	1	1	2	2	3	2	1	3	1	1	1	1	2	1	2	1	4	1	1	4	1	2	1	1	1	1	1	1
58	300	98	97	96	95	94	92	89	87	85	83	82	81	78	77	75	74	73	70	69	68	67	65	61	57	56	55	53	49	48	46	43	39	36	35	34	31	30	28	25	24	23	22	21	20	19	18	16	15	14	11	10	9	7	6	5	4	2	1	1	1	1	2	2	2	2	2	2	3	2	2	2	2	1	1	1	1	2	1	1	1	3	1	1	1	1	1	2	2	1	3	1	1	2	2	1	1	1	1	2	1	2	2	1	6	1	1	1	2	4	5	3	1	1	2	2	2
63	300	97	96	95	93	92	89	88	87	86	81	80	78	75	73	72	70	68	67	66	65	64	63	62	61	59	57	56	54	53	52	51	49	46	45	44	43	42	41	40	39	36	35	34	32	30	29	28	26	25	23	22	21	19	13	12	11	9	7	6	4	3	2	1	1	1	2	1	1	1	1	1	1	1	1	1	4	1	1	2	4	3	1	3	1	1	1	1	1	1	1	2	1	2	1	3	1	1	2	1	2	1	1	1	2	2	1	1	3	1	1	2	1	3	3	3	3	3	1	2	1	1	3	2	1	1	1
67	300	99	98	97	96	95	94	92	90	88	87	86	84	83	82	81	80	79	78	74	72	70	67	66	64	63	62	59	57	55	54	52	51	50	48	47	45	44	43	42	41	40	39	32	29	28	27	26	25	24	23	21	20	19	18	17	16	15	14	13	12	10	9	8	5	4	3	2	1	1	1	3	1	1	1	2	2	3	1	1	3	4	1	2	1	2	1	2	1	2	1	1	2	1	1	2	1	1	1	1	2	1	1	2	2	1	1	2	1	2	1	2	2	2	1	1	1	1	4	1	1	2	2	1	2	2	1	1	1	1	1	2	1	1	1
64	300	98	97	96	95	93	89	87	86	85	84	78	75	73	72	70	68	65	64	63	62	59	58	56	55	54	53	52	51	50	49	48	47	46	44	42	40	39	38	37	35	34	33	32	31	29	26	25	24	23	22	21	20	19	17	16	13	12	11	10	9	7	5	3	2	3	1	1	1	1	2	2	1	1	1	1	1	1	2	2	2	2	3	1	1	1	1	1	2	1	2	2	2	2	1	3	1	1	2	1	2	1	1	2	4	1	1	1	1	2	4	3	1	1	1	1	1	1	1	1	2	2	3	1	3	1	1	1	2
