10
49	200	99	98	97	95	94	93	91	90	88	87	86	85	84	83	82	80	78	71	69	66	64	63	62	61	59	58	57	53	51	48	47	46	45	44	41	39	38	36	35	34	33	32	30	29	27	26	24	22	20	3	1	1	1	3	2	1	1	2	5	2	1	1	3	3	3	1	4	1	2	2	2	3	1	2	1	3	1	1	1	1	1	1	2	2	2	1	3	3	3	1	5	2	1	6	2	1	3	2
55	200	99	97	95	93	92	90	89	88	86	84	83	82	81	80	79	77	74	72	70	69	68	67	66	65	61	60	59	58	55	54	52	49	48	47	46	45	44	43	42	40	39	38	37	36	35	34	33	31	30	29	28	25	22	21	20	1	1	2	2	2	1	2	1	1	2	2	1	1	2	1	2	2	1	4	1	2	1	3	1	1	2	1	3	1	3	1	2	3	1	3	2	2	2	1	1	1	3	1	3	1	2	1	4	2	2	4	2	2	2	2
56	200	99	98	97	95	94	93	92	91	89	87	86	83	82	80	79	77	75	74	72	71	70	69	68	65	63	61	59	58	56	52	51	47	46	45	44	43	42	41	39	38	37	36	35	34	33	32	31	29	28	27	26	25	24	23	21	20	2	1	1	4	3	3	1	1	2	2	2	3	2	3	3	4	1	2	1	2	1	1	1	1	2	1	2	1	2	3	1	1	1	2	3	1	3	1	2	1	1	1	3	2	1	1	2	2	1	1	2	1	3	1	2	2
62	200	99	98	97	95	94	93	92	91	90	89	88	87	86	85	84	83	81	80	79	78	77	76	74	72	71	70	69	67	65	64	63	62	61	59	58	56	55	54	53	52	51	49	48	47	46	45	43	42	38	37	36	35	31	30	27	26	25	24	23	22	21	20	1	2	2	1	1	2	2	1	6	3	5	1	2	1	1	2	2	1	1	1	1	1	2	1	2	1	2	2	1	1	1	2	1	1	2	1	2	1	1	2	2	1	1	1	1	2	1	1	2	1	1	1	1	2	3	2	1	2	2	1	2	3
58	200	97	96	95	94	93	92	91	90	89	87	86	85	84	83	81	80	79	78	77	76	75	74	73	72	71	70	68	67	64	61	60	57	55	54	51	50	49	48	46	45	44	43	42	40	39	38	37	35	33	32	31	28	27	26	25	22	21	20	2	3	2	1	2	2	3	1	1	1	1	3	2	2	1	1	2	1	1	2	2	4	1	2	1	3	2	1	2	3	2	1	2	2	1	3	1	2	1	1	3	1	1	1	1	1	3	1	2	2	1	1	1	2	2	1	2	3
57	200	99	97	94	93	92	90	89	88	87	85	84	83	82	80	79	78	76	74	72	70	69	68	67	65	64	63	60	59	58	56	54	53	52	50	49	48	46	45	43	41	40	39	38	37	36	34	33	32	30	28	26	25	24	23	22	21	20	1	1	1	1	4	3	1	1	3	1	1	4	2	1	2	2	2	3	2	3	2	2	1	1	3	3	2	1	1	5	1	4	1	3	1	1	3	1	1	2	1	2	1	1	1	1	1	1	1	1	1	3	2	1	1	1	2
60	200	97	96	94	93	90	88	87	86	85	83	82	81	80	79	78	76	75	73	72	70	69	68	66	65	64	63	62	61	60	59	58	57	53	52	50	49	48	47	46	45	43	41	40	39	38	37	35	34	33	31	30	29	28	27	26	25	24	23	22	20	1	1	2	2	1	1	1	1	3	3	4	1	3	2	2	1	2	2	2	1	2	1	1	1	1	3	3	1	1	1	3	2	1	2	1	3	2	2	1	1	1	1	1	1	2	1	2	1	1	3	2	2	1	2	1	1	1	2	2	3
54	200	99	98	97	95	93	92	91	90	88	87	86	85	84	83	82	80	79	78	77	76	75	72	71	68	66	65	64	63	60	57	56	55	54	53	52	51	50	49	46	45	44	41	40	38	37	36	35	34	33	32	27	25	23	21	1	1	3	1	2	1	2	3	1	3	3	1	1	4	3	3	1	1	1	2	2	2	2	1	1	2	1	1	2	2	1	1	1	2	2	3	2	1	3	4	3	1	1	1	1	2	1	1	1	2	1	5	2	4
60	200	99	98	97	96	95	94	93	92	91	90	89	88	87	86	85	84	83	81	80	79	77	73	72	69	67	66	65	64	63	62	61	60	59	56	54	52	51	50	49	48	47	46	45	44	43	42	41	39	37	36	34	33	32	31	30	29	28	27	26	24	1	1	3	1	2	1	1	1	1	2	1	2	1	4	1	1	1	1	3	1	3	3	1	2	3	1	1	1	2	2	1	1	2	1	1	3	2	1	2	2	3	3	1	1	1	1	1	1	1	1	3	2	3	2	1	4	1	1	1	3
55	200	99	98	97	96	95	94	92	90	89	88	86	84	83	82	80	79	78	72	71	70	69	68	67	66	65	64	63	62	61	60	59	58	56	51	50	49	48	46	45	44	43	37	36	33	31	30	29	28	27	26	25	24	23	21	20	1	2	2	1	2	1	2	2	2	3	1	1	1	3	3	1	1	3	1	1	1	3	2	2	1	1	3	1	1	1	2	1	1	1	2	2	5	1	3	1	4	1	4	1	5	5	1	1	2	1	1	1	1	2	1
