10
64	400	99	98	96	95	94	93	91	90	89	88	85	84	83	80	79	78	77	76	75	74	73	72	67	64	62	61	59	58	57	56	54	52	51	50	49	48	47	45	43	42	40	39	38	37	36	35	34	32	31	27	26	25	23	20	18	17	15	14	10	8	7	6	4	1	1	1	1	2	1	2	2	2	1	2	1	1	3	1	3	2	1	2	1	2	3	1	2	1	2	1	1	2	1	1	1	1	1	2	1	1	1	3	2	1	2	1	3	1	1	2	2	1	1	1	1	2	4	2	1	2	2	2	3	1	1	1	1	1
63	400	97	96	95	94	93	92	90	88	87	85	84	79	77	76	75	74	73	72	69	66	65	64	57	56	55	54	53	52	50	49	48	47	46	45	44	43	42	41	40	39	38	37	35	34	32	29	27	25	23	22	21	18	17	15	13	12	11	10	7	6	5	4	2	1	3	1	1	1	2	1	4	1	1	1	1	1	3	3	3	1	1	1	1	1	2	1	2	3	3	2	2	1	1	2	3	1	4	1	1	1	1	1	1	1	1	3	2	1	1	1	1	1	2	1	3	1	1	2	1	3	1	2	2	1	1	1
63	400	97	96	94	93	90	89	88	87	83	82	81	80	77	76	75	74	73	72	71	68	67	66	65	64	63	56	54	51	50	49	48	47	46	43	42	41	39	38	37	36	35	34	32	31	30	29	28	27	25	24	23	16	15	14	13	11	9	8	7	6	4	3	2	1	1	2	3	2	2	2	1	2	1	1	1	2	1	2	2	1	1	1	1	2	2	1	3	1	1	2	1	2	1	1	1	2	1	2	1	2	2	1	1	3	2	1	1	1	1	2	3	2	1	3	2	1	2	4	1	1	1	1	3	1	1	2
66	400	99	98	96	94	93	92	91	90	89	88	82	81	79	78	76	73	72	69	68	65	62	61	60	59	58	57	56	55	54	51	50	48	47	46	45	42	40	39	37	36	35	34	33	32	31	30	29	28	27	24	23	21	19	18	17	16	14	13	12	11	9	7	6	4	3	2	1	2	2	1	2	1	1	2	1	1	1	1	1	1	2	1	1	2	1	1	1	2	1	2	2	2	1	1	2	1	1	1	4	2	1	1	2	1	1	1	1	1	1	2	1	1	1	5	1	1	1	1	1	2	1	1	5	2	1	2	2	2	1	3	1	3
63	400	96	95	94	93	90	87	85	83	82	81	78	77	76	74	73	72	71	70	69	68	67	66	64	63	59	55	54	52	51	49	47	46	43	42	41	40	39	38	37	35	34	32	31	30	29	28	27	26	25	22	21	20	19	17	15	13	12	10	7	6	4	3	2	1	2	2	2	3	3	1	1	2	1	2	2	1	2	1	1	2	1	2	2	1	1	3	2	1	1	2	1	2	1	2	1	1	1	1	2	3	1	2	2	2	1	1	1	4	1	1	1	2	1	3	1	1	1	1	2	1	4	1	1	2	1	1
63	400	99	97	96	93	92	90	87	85	84	82	78	77	76	74	73	69	68	67	66	65	64	62	60	59	56	55	51	50	48	45	43	42	41	39	38	36	35	34	33	32	31	29	28	27	26	25	24	23	22	19	18	15	14	12	10	9	7	6	5	4	3	2	1	1	2	1	1	2	1	3	2	1	1	1	2	1	1	1	1	3	1	2	2	2	2	1	2	1	1	2	1	1	2	3	1	2	1	1	1	1	3	1	3	3	2	2	2	1	2	1	1	2	2	1	2	1	2	1	3	2	1	1	3	1	1	1
73	400	97	96	95	94	93	92	90	89	88	86	84	82	81	80	79	78	75	73	72	71	70	69	66	65	64	63	62	61	60	59	57	56	54	53	51	50	49	48	45	44	43	42	41	40	39	37	36	34	33	30	29	27	26	25	24	23	22	20	19	18	17	15	14	13	12	11	10	9	8	7	5	4	3	1	1	2	1	1	1	2	1	2	2	1	1	2	1	1	2	1	1	1	1	2	1	1	2	1	1	1	1	1	1	1	2	2	1	1	2	1	1	1	1	3	1	1	1	1	1	2	1	1	1	3	1	1	1	1	1	1	1	1	2	3	1	3	3	1	1	1	1	2	2	3	1	1
68	400	99	98	97	96	95	94	93	91	90	88	87	85	84	82	81	79	77	76	75	73	71	70	69	68	66	63	61	60	56	54	52	51	49	45	44	43	42	41	39	38	37	36	35	34	33	31	30	29	27	26	25	24	22	21	20	19	18	15	13	12	10	9	8	7	6	4	2	1	1	1	2	1	1	1	2	1	2	2	2	2	3	1	2	1	1	1	1	2	1	1	1	2	1	3	1	1	1	2	2	1	1	1	1	2	1	1	1	3	2	2	1	1	1	1	2	1	2	1	2	1	2	1	1	1	1	1	1	1	2	2	3	1	1	3	1	3
63	400	99	98	95	94	93	92	91	89	88	87	85	80	78	77	76	74	73	72	71	70	69	65	64	63	62	60	59	58	57	56	55	54	53	51	50	47	46	44	42	41	40	39	38	37	36	32	29	28	27	26	23	22	21	18	17	16	15	14	9	5	3	2	1	3	1	1	1	3	1	1	1	3	2	1	1	1	2	2	1	2	1	1	2	1	2	1	1	2	2	3	2	2	3	2	1	1	1	2	4	2	1	2	2	1	1	1	2	1	2	1	2	1	1	1	1	2	1	3	2	1	1	1	1	1	1	3
59	400	96	94	93	92	85	84	83	81	80	79	77	76	74	72	70	65	64	63	61	59	58	56	55	54	53	52	51	50	48	46	43	42	41	40	39	37	36	35	34	30	28	27	26	24	23	22	21	20	19	17	16	11	9	8	5	4	3	2	1	2	2	1	1	3	1	1	1	2	1	2	2	1	1	1	1	2	2	1	2	1	1	2	1	4	2	1	3	1	1	3	1	3	1	2	2	3	1	2	1	1	1	2	2	1	1	3	1	1	4	4	3	1	1	1	1	2	2	2
