10
59	200	96	95	94	91	88	87	86	85	83	82	81	80	78	77	76	75	73	72	71	70	69	65	63	61	60	58	55	53	47	46	45	42	41	39	36	35	33	32	30	29	28	25	24	22	21	20	19	18	17	16	13	12	10	9	7	5	4	3	1	2	2	2	2	1	2	2	2	1	1	1	3	1	3	1	1	2	2	2	2	1	2	1	1	1	1	3	1	1	2	1	1	1	3	3	1	1	1	1	1	2	1	3	1	1	1	1	1	1	5	2	1	3	4	1	1	4	1	3
57	200	99	98	97	95	94	93	89	87	86	85	84	83	81	80	78	77	76	75	74	73	72	71	67	66	64	60	59	57	55	53	52	46	44	43	38	37	33	31	30	29	28	27	26	24	23	21	20	19	18	17	16	13	12	10	9	8	4	1	3	3	1	1	1	2	1	2	3	1	3	1	1	2	1	1	2	1	3	2	1	3	1	3	1	1	2	1	1	1	2	1	2	1	2	2	1	2	1	2	1	1	1	4	1	1	2	2	4	4	2	2	2	2	1	3
68	200	98	97	96	95	94	93	92	91	90	89	87	85	84	82	81	79	78	76	75	74	73	72	71	69	68	66	65	63	60	58	57	56	55	53	52	51	49	47	46	45	44	43	41	38	36	35	34	33	31	29	28	27	22	21	20	19	17	16	15	14	13	12	11	7	5	4	2	1	2	1	1	2	3	1	1	3	1	2	2	1	2	1	1	1	1	1	3	1	1	2	1	1	2	1	1	3	1	1	1	1	2	2	1	2	1	1	1	1	1	1	1	1	1	1	2	2	2	1	1	1	4	2	3	2	2	1	1	2	2	1	1	2	1	1	1	1
65	200	98	96	95	94	91	90	89	87	81	80	79	78	77	75	74	73	72	70	69	68	65	64	63	61	60	59	57	56	55	54	53	50	49	47	45	44	43	42	41	40	39	38	37	36	32	31	29	28	27	23	22	21	17	16	15	14	13	11	9	8	6	5	4	3	2	4	1	1	2	1	1	2	3	2	1	2	2	1	3	3	1	2	4	1	1	4	2	1	2	1	1	2	1	1	1	1	1	1	1	1	1	1	1	1	3	1	2	1	2	1	1	2	1	1	4	1	2	1	2	1	1	2	1	1	1	1	1	1	1	1
64	200	99	98	96	95	92	91	90	86	85	83	82	81	80	78	77	76	75	73	72	71	70	66	65	64	61	58	57	55	53	52	50	49	48	47	46	45	44	43	41	37	35	33	32	31	30	29	28	27	24	23	21	20	19	18	16	14	13	11	10	9	8	7	6	3	1	3	2	2	1	2	1	1	2	1	2	1	1	1	1	1	1	1	1	1	1	1	3	1	1	3	1	1	3	2	2	3	2	1	2	3	1	1	2	3	2	1	1	1	2	1	3	1	2	3	1	1	3	1	1	1	1	1	1	1	3	2	1	1
66	200	98	97	96	95	93	92	91	90	89	88	87	86	85	83	82	81	79	78	76	75	74	73	72	69	68	67	66	64	62	61	60	59	58	57	56	55	50	48	46	45	44	43	41	39	37	36	34	33	32	27	26	25	24	23	22	19	17	13	11	9	7	6	5	3	2	1	1	1	2	1	2	1	1	1	2	1	2	3	1	2	1	1	1	2	2	1	2	2	2	1	1	1	2	1	1	1	2	1	1	2	1	3	3	1	1	1	2	3	3	1	1	3	1	2	1	2	2	1	2	2	1	2	1	1	1	1	3	1	1	1	1	1
60	200	99	98	97	96	93	90	89	86	85	83	82	81	79	78	77	76	75	73	70	69	67	66	65	64	63	61	59	56	55	54	51	48	47	42	41	40	39	38	37	35	33	28	27	26	24	22	21	18	17	14	13	12	10	9	8	7	6	4	3	2	1	2	2	1	3	1	1	1	1	1	1	1	1	2	2	3	1	1	2	2	3	1	1	1	2	3	2	2	1	1	1	3	1	1	3	1	1	5	2	1	1	2	1	1	2	2	1	3	1	1	1	1	1	2	3	2	2	3	2	2
64	200	99	97	96	93	92	91	90	88	86	85	83	81	80	78	77	75	73	72	71	70	69	68	64	62	61	60	57	54	53	52	51	50	48	47	46	43	41	40	39	37	36	35	34	33	32	31	30	29	27	26	21	20	19	18	16	15	13	12	10	9	7	6	5	2	1	1	1	2	1	1	2	3	1	2	2	1	1	4	1	1	2	3	2	2	1	1	1	1	3	2	1	3	1	2	1	4	1	3	1	1	1	2	2	1	1	2	2	1	1	1	1	1	2	1	1	3	1	1	1	1	2	3	1	1	1	1	2	1
71	200	99	98	97	96	95	94	92	91	89	88	82	80	78	77	75	72	71	70	68	67	66	65	64	63	62	61	60	58	57	56	55	54	53	52	50	49	45	44	43	42	41	40	37	36	35	34	33	32	31	30	29	28	26	22	21	20	18	17	16	15	14	13	12	11	10	8	7	5	4	3	2	1	1	1	1	1	1	1	1	2	1	1	1	2	1	2	1	1	1	1	1	2	2	1	1	1	2	3	1	1	3	1	2	1	1	1	1	2	1	1	2	3	1	1	1	2	3	1	2	1	1	2	2	1	3	1	1	2	2	2	1	1	1	1	1	1	1	2	2	1	1	2
64	200	99	96	95	94	93	92	90	89	88	87	86	83	82	81	80	79	78	77	75	74	73	72	71	70	68	67	66	65	63	61	59	57	54	51	50	49	48	47	46	44	42	39	36	35	32	30	26	25	23	22	21	20	18	17	15	14	13	11	9	8	6	4	3	1	1	1	2	1	1	1	2	1	1	2	1	1	2	2	1	2	1	1	1	1	3	3	1	1	1	2	3	1	1	3	1	1	2	1	1	2	1	1	3	3	1	1	1	2	3	1	1	1	1	1	1	1	1	3	3	2	1	2	1	3	2	1	3	2
