10
42	400	99	98	96	95	93	92	91	90	88	87	86	85	84	83	82	81	80	79	77	76	75	74	73	72	71	70	69	68	67	66	65	64	63	62	61	58	57	56	55	53	51	50	1	2	1	3	1	3	3	3	3	1	1	2	2	2	2	2	2	1	1	1	1	3	3	3	2	1	4	1	1	1	4	5	4	2	3	5	4	1	6	3	1	5
47	400	99	98	97	96	95	93	92	91	90	89	88	87	86	85	84	83	82	81	80	79	78	77	76	75	74	73	72	71	70	69	68	67	66	65	64	63	62	61	60	58	57	56	54	53	52	51	50	2	2	2	1	2	2	4	3	3	1	3	1	1	1	1	2	3	3	2	3	1	1	3	2	2	3	2	1	4	1	4	1	3	1	4	1	3	3	1	2	1	1	1	4	2	2	4
41	400	99	98	97	96	95	94	93	92	91	90	89	87	85	84	83	82	81	80	78	77	76	75	74	73	71	70	69	66	65	64	62	61	60	59	57	56	55	53	52	51	50	2	2	3	1	3	4	2	2	4	2	3	2	2	2	6	1	2	3	3	3	5	1	4	4	3	4	1	1	2	1	3	3	2	2	2	1	1	3	3	1	1
44	400	99	98	97	95	94	93	91	90	89	88	87	86	83	82	81	80	79	78	77	76	75	74	73	72	71	70	69	68	67	66	65	64	63	62	61	60	59	58	56	54	53	52	51	50	2	1	4	1	1	2	4	1	2	3	2	1	2	3	5	2	4	3	2	2	1	2	5	1	1	1	3	2	2	1	2	1	2	2	1	3	1	3	3	1	6	4	1	4
42	400	99	98	97	96	95	94	93	92	91	90	89	88	87	85	84	83	82	81	78	77	76	75	74	73	72	71	69	68	67	66	65	64	62	61	60	59	58	55	54	53	52	51	2	3	3	3	4	3	3	2	3	1	3	3	2	2	4	2	2	2	1	3	3	2	1	3	4	2	2	2	2	1	3	2	4	1	2	1	1	1	1	4	3	4
43	400	99	98	97	96	95	94	93	92	91	89	87	86	85	84	83	82	80	78	77	76	75	74	73	71	70	69	68	66	65	64	63	62	61	60	59	58	57	56	55	54	52	51	50	1	2	1	1	2	3	3	3	2	3	1	2	2	1	3	1	2	2	1	1	1	5	2	2	2	5	1	4	4	1	2	4	4	4	1	2	5	3	3	1	1	3	3
43	400	99	98	97	96	95	94	93	92	91	90	89	87	86	85	84	83	82	81	80	79	77	76	75	73	72	71	70	69	68	67	66	65	64	63	62	61	60	55	54	53	52	51	50	1	1	4	1	1	2	2	2	1	2	4	5	4	2	1	1	1	1	2	1	2	1	2	2	1	2	3	4	1	3	2	4	2	4	2	6	2	2	2	1	4	5	4
45	400	99	98	97	96	95	92	91	90	89	88	87	86	85	84	83	82	81	80	79	78	77	76	75	74	73	72	71	70	69	68	67	66	65	63	62	61	59	58	57	56	55	54	53	52	51	3	2	2	4	2	4	1	2	3	1	2	3	3	3	1	2	2	4	2	2	1	3	2	1	2	1	2	2	2	5	2	1	1	2	2	2	4	1	1	2	4	3	2	1	3
46	400	98	97	96	95	94	93	92	91	90	88	87	86	85	84	83	82	81	80	79	78	77	76	75	73	72	71	70	69	68	67	66	65	64	63	62	61	60	59	57	56	55	54	53	52	51	50	2	1	2	2	4	1	1	1	1	4	3	2	1	4	1	1	2	2	3	1	3	1	4	5	2	4	3	1	2	1	2	1	2	3	2	2	2	4	1	1	5	1	3	2	3	1
44	400	99	98	97	96	95	93	92	90	89	88	87	86	85	84	83	82	81	80	79	78	77	76	75	74	73	72	71	70	69	68	67	66	65	64	62	61	59	58	57	56	53	52	51	50	2	2	1	1	1	3	1	4	3	1	1	3	2	2	2	1	4	4	2	2	4	2	3	3	4	2	1	2	3	2	2	1	5	1	1	3	1	1	1	1	1	5	4	5
