10
45	200	99	98	97	96	95	94	93	92	89	88	87	86	85	84	83	82	81	80	79	78	77	76	75	73	72	71	69	68	67	66	65	64	63	62	61	59	58	57	56	55	54	53	52	51	50	3	2	2	5	2	1	5	1	2	2	2	1	1	2	4	2	1	1	1	3	5	1	4	4	1	2	1	2	4	2	1	5	2	2	2	1	1	3	4	3	1	2	2	1	1
48	200	99	98	97	96	95	94	93	92	91	90	89	88	87	86	85	84	83	82	81	80	78	77	76	75	74	73	72	71	70	69	68	67	66	65	64	63	62	61	60	59	58	57	56	54	53	52	51	50	1	3	1	3	2	3	1	1	4	2	2	2	5	1	2	1	2	3	3	2	2	2	1	1	1	2	3	1	1	1	1	4	1	3	1	2	3	4	2	2	5	1	1	3	1	3	3	1
44	200	99	97	95	94	93	92	91	90	88	87	86	84	83	82	81	79	78	77	76	75	74	73	72	71	70	69	67	66	65	64	63	62	61	60	59	58	57	56	55	54	53	52	51	50	4	4	3	1	4	3	1	3	1	3	1	5	1	2	1	2	2	1	1	3	1	4	2	4	1	4	2	4	1	4	2	1	4	2	2	2	1	1	2	1	3	2	3	1
39	200	99	98	97	95	94	92	91	90	89	88	87	86	85	84	82	81	80	79	77	75	74	73	71	69	68	67	65	63	62	61	60	59	58	56	55	54	52	51	50	3	2	1	4	1	1	5	1	6	2	2	1	2	4	4	1	1	2	1	3	6	3	1	3	5	2	2	4	2	2	2	2	4	2	4	3	3	1	2
43	200	98	97	96	95	94	92	91	90	89	88	87	86	85	84	83	82	81	80	79	78	77	75	74	73	72	71	70	69	68	67	66	64	63	62	61	60	59	58	57	55	54	53	51	1	3	4	3	3	2	3	4	1	3	3	2	3	1	3	2	4	2	2	2	1	1	2	3	3	3	2	2	3	1	3	3	1	2	1	1	2	4	4	1	1	3	2
46	200	99	98	97	96	95	93	92	91	90	89	88	87	86	85	84	83	82	81	80	79	78	77	75	74	73	72	71	70	69	68	67	66	65	64	63	61	60	59	58	57	56	55	54	53	52	51	2	4	2	2	3	2	2	1	1	1	2	4	1	3	3	2	2	4	1	1	4	4	4	1	3	1	3	2	2	3	3	2	2	2	1	2	2	2	3	2	1	1	3	1	2	1
42	200	98	97	96	95	94	93	92	90	89	88	86	85	84	83	82	80	79	78	77	76	73	72	71	70	69	68	66	65	64	63	62	61	60	59	58	57	56	55	54	53	52	51	3	2	1	1	1	3	3	1	2	6	2	6	1	2	5	3	2	3	4	4	2	2	1	2	2	1	4	1	1	4	3	2	3	2	2	1	2	2	2	4	1	1
45	200	99	97	96	95	94	93	92	91	90	89	88	87	85	84	83	82	81	80	79	78	77	75	74	73	72	71	70	69	68	67	66	65	64	63	62	61	60	59	58	57	55	53	52	51	50	3	3	2	2	1	2	2	2	1	1	2	1	2	1	2	3	1	1	1	3	2	2	1	3	1	7	1	3	3	5	2	2	2	3	2	2	4	2	3	1	2	5	3	1	2
39	200	99	98	97	96	94	92	90	89	88	87	86	85	84	83	82	80	79	78	77	76	75	74	72	71	70	69	68	65	64	63	61	60	59	57	56	55	54	52	50	2	2	3	4	2	2	3	4	2	1	2	3	3	3	3	1	3	1	5	1	3	4	2	2	3	4	5	1	2	1	2	3	2	2	3	1	2	5	3
44	200	99	98	97	96	95	94	93	92	91	90	89	88	87	86	85	84	83	79	78	77	76	75	74	73	72	71	68	67	66	64	63	62	61	60	59	58	57	56	55	54	53	52	51	50	2	4	2	3	1	1	2	4	5	2	2	1	2	2	2	3	1	3	3	3	3	4	3	1	1	1	2	1	3	1	2	4	2	2	2	3	1	2	2	5	1	1	4	1
