10
66	500	99	95	94	93	92	90	88	87	85	84	83	82	78	77	76	75	74	73	72	71	69	68	67	66	65	63	62	61	60	59	58	57	55	52	51	50	48	44	43	42	40	39	38	37	36	34	33	32	30	26	25	24	23	21	19	18	17	14	12	11	10	9	8	7	6	5	1	1	1	2	3	1	2	3	4	1	2	1	1	1	1	2	2	1	3	1	1	1	1	1	2	1	1	1	1	2	1	3	1	2	1	1	1	3	1	1	1	1	2	1	1	1	2	3	1	1	1	3	1	2	2	4	2	1	1	1	1	1	1	2	1	1
65	500	99	98	97	96	95	93	91	88	87	86	85	84	83	78	76	75	74	72	71	69	68	67	65	62	61	59	58	56	54	53	51	50	49	48	45	43	41	40	39	38	37	36	35	33	32	31	30	29	27	26	24	22	21	19	18	17	12	11	10	8	7	6	5	4	2	2	1	2	1	3	2	1	1	2	1	1	3	1	1	1	1	2	2	1	1	1	1	3	2	2	3	1	1	1	2	2	1	3	1	1	1	1	2	2	2	2	1	1	1	2	1	2	1	2	1	1	1	4	1	1	2	1	3	1	1	1	1	3	1	1
68	500	98	97	96	94	93	90	89	88	84	83	82	81	80	79	78	77	75	73	72	69	67	66	65	64	63	61	58	57	56	55	54	53	52	51	50	48	47	46	45	43	42	41	38	34	33	31	30	29	28	27	25	24	22	21	20	19	18	15	14	13	11	10	8	7	4	3	2	1	1	1	1	1	3	2	1	1	1	1	1	1	2	1	2	1	1	1	2	2	1	2	1	1	2	3	1	1	1	2	1	1	1	2	2	1	2	1	1	1	1	2	1	1	1	1	1	1	2	2	2	2	1	1	2	3	2	1	1	1	1	3	3	1	1	1	1	5
63	500	99	98	97	95	94	92	89	88	87	84	83	82	81	80	79	78	76	74	72	71	69	67	63	61	60	59	55	54	53	52	50	49	48	46	45	44	43	42	41	40	39	38	37	36	30	29	26	25	23	22	18	17	16	15	13	12	9	7	6	5	4	3	2	2	1	1	1	2	2	3	1	1	1	3	1	1	2	1	2	3	1	2	1	1	1	2	1	2	1	1	2	1	2	1	2	3	2	2	2	2	2	1	2	3	1	2	2	1	3	1	1	2	2	1	1	1	1	2	1	2	2	1	2	1	1	1
67	500	98	97	96	94	93	92	90	88	87	86	85	84	83	82	81	80	79	78	77	76	73	71	70	69	68	67	65	64	63	62	61	59	58	57	56	54	52	49	48	47	44	42	41	39	37	36	33	30	29	28	25	23	22	21	20	19	13	12	11	10	9	6	5	4	3	2	1	1	1	1	1	1	2	1	2	2	1	1	1	1	1	3	2	1	3	1	1	2	1	1	1	1	2	1	1	2	2	1	2	2	2	1	2	1	1	1	2	1	1	1	2	1	2	2	1	1	2	1	2	1	1	1	2	4	2	2	1	2	2	3	2	1	1	1
62	500	99	98	96	95	94	91	89	87	85	84	83	81	79	77	76	73	72	71	70	69	66	65	62	61	60	57	56	54	50	49	46	45	43	42	41	40	39	37	35	34	32	31	29	28	27	26	25	24	22	20	18	15	12	11	10	9	8	6	5	4	3	2	2	1	1	2	1	1	1	2	1	2	1	3	4	1	1	1	2	1	2	2	1	2	1	2	1	5	1	2	2	1	2	3	1	2	2	1	1	1	1	4	1	1	1	1	1	1	1	1	3	1	1	1	1	2	2	1	3	2	1	2	1	3
62	500	99	97	96	94	91	89	87	86	85	84	82	80	79	78	76	75	74	69	68	67	65	64	63	61	59	58	57	55	54	51	50	49	46	44	43	42	41	39	36	35	34	33	31	30	24	23	22	20	19	16	14	13	11	10	9	8	7	6	5	4	2	1	1	3	2	2	3	1	1	2	2	2	1	3	1	1	1	1	1	2	1	1	1	1	3	2	1	1	7	2	1	3	2	1	2	1	1	1	1	3	1	1	2	2	2	3	1	1	2	1	1	1	2	1	1	1	2	1	2	1	2	1	1	1
64	500	98	94	92	91	90	87	86	85	83	82	81	80	79	78	77	75	74	73	72	71	69	68	65	62	58	54	53	52	51	50	49	48	46	44	43	42	41	38	37	36	34	33	32	29	28	27	26	25	24	22	21	20	16	15	14	13	12	9	8	6	5	4	3	2	1	2	2	1	2	1	1	1	1	1	2	4	1	1	3	3	2	3	1	1	3	1	1	1	1	2	1	1	1	3	1	3	1	1	2	1	1	1	2	1	1	1	2	2	1	1	1	1	2	1	2	2	2	1	1	2	2	2	2	1	2	2	2	1
53	500	99	98	96	91	89	88	85	84	76	75	74	73	70	69	66	65	64	63	61	60	59	57	55	54	49	48	47	46	45	44	41	40	39	38	36	32	30	29	27	25	24	23	21	20	14	13	11	10	9	7	6	3	1	5	1	1	4	1	1	3	3	3	1	2	1	1	1	2	2	3	2	2	1	2	1	1	1	1	5	3	1	1	1	1	2	3	3	5	1	1	1	3	3	4	1	1	1	2	1	1	1	1	2	1	1	3
63	500	99	98	96	95	94	93	92	91	90	89	87	85	83	82	80	79	78	77	76	75	74	73	69	68	65	63	61	58	57	55	54	53	50	47	46	45	44	43	42	39	38	37	35	34	33	32	31	30	27	26	24	21	20	19	16	15	14	12	11	10	5	4	1	1	1	1	1	1	1	4	1	1	2	1	2	2	1	2	1	2	1	1	1	1	2	3	1	1	2	2	3	1	4	2	1	1	2	1	2	2	3	3	1	1	3	1	1	1	1	1	1	3	1	1	2	2	2	1	1	1	2	3	1	2	1	1
