10
10	120	96	93	82	81	79	77	73	65	63	55	1	1	1	1	1	1	1	1	1	1
8	120	99	86	82	77	76	60	55	53	1	1	1	2	1	1	2	1
9	120	98	96	88	81	72	70	68	59	56	1	1	2	1	1	1	1	1	1
8	120	93	87	84	83	76	74	69	54	1	1	1	1	3	1	1	1
9	120	87	84	79	72	67	63	62	57	52	1	1	1	1	2	1	1	1	1
10	120	86	85	84	72	71	69	66	63	59	50	1	1	1	1	1	1	1	1	1	1
9	120	94	91	90	88	87	71	69	68	60	1	1	1	1	1	1	2	1	1
10	120	99	97	93	91	89	88	83	71	66	58	1	1	1	1	1	1	1	1	1	1
10	120	94	91	89	87	79	75	70	65	59	57	1	1	1	1	1	1	1	1	1	1
9	120	83	76	74	59	57	56	55	54	52	1	1	2	1	1	1	1	1	1
