10
10	150	98	93	88	86	85	81	69	58	56	1	1	1	1	1	1	1	1	1	1	1
10	150	99	90	84	80	61	57	53	50	48	23	1	1	1	1	1	1	1	1	1	1
9	150	98	89	74	73	66	62	59	25	9	1	1	1	1	2	1	1	1	1
9	150	92	86	84	77	58	48	21	12	2	1	1	1	1	2	1	1	1	1
10	150	63	61	55	49	36	21	20	13	5	4	1	1	1	1	1	1	1	1	1	1
9	150	69	63	54	50	45	28	19	15	5	1	1	2	1	1	1	1	1	1
9	150	87	85	64	56	49	42	27	21	13	1	1	1	1	1	1	1	2	1
10	150	94	93	73	62	57	17	15	11	9	6	1	1	1	1	1	1	1	1	1	1
9	150	98	93	86	78	74	51	40	18	7	1	1	2	1	1	1	1	1	1
9	150	93	84	65	47	33	30	14	4	3	1	1	1	1	1	2	1	1	1
