10
10	100	96	95	91	90	81	63	55	28	13	10	1	1	1	1	1	1	1	1	1	1
9	100	97	95	91	80	79	49	42	16	15	1	2	1	1	1	1	1	1	1
9	100	93	85	76	74	68	65	39	17	4	1	1	1	1	1	2	1	1	1
9	100	95	82	70	69	32	28	10	5	4	1	1	1	1	1	1	1	1	2
10	100	79	76	75	71	64	49	45	44	38	19	1	1	1	1	1	1	1	1	1	1
10	100	96	68	65	58	50	34	28	23	17	12	1	1	1	1	1	1	1	1	1	1
9	100	95	89	75	70	55	51	26	15	14	1	1	1	1	1	1	2	1	1
9	100	92	84	81	61	47	35	26	25	20	1	1	1	1	1	1	1	2	1
9	100	91	83	75	58	57	55	38	35	29	1	1	2	1	1	1	1	1	1
10	100	93	78	57	53	47	34	13	8	6	2	1	1	1	1	1	1	1	1	1	1
