10
10	150	91	88	73	64	55	47	46	34	29	24	1	1	1	1	1	1	1	1	1	1
9	150	99	85	81	76	63	57	53	43	28	2	1	1	1	1	1	1	1	1
9	150	92	74	61	57	48	46	36	34	24	1	1	1	1	1	1	1	2	1
10	150	92	79	78	67	64	43	37	34	30	28	1	1	1	1	1	1	1	1	1	1
9	150	91	55	44	39	35	27	25	24	21	2	1	1	1	1	1	1	1	1
9	150	99	80	60	56	46	43	28	24	23	1	1	1	1	1	2	1	1	1
10	150	92	86	82	70	62	47	43	28	27	26	1	1	1	1	1	1	1	1	1	1
10	150	82	79	78	76	73	68	62	43	23	20	1	1	1	1	1	1	1	1	1	1
10	150	82	79	75	68	64	51	47	30	28	24	1	1	1	1	1	1	1	1	1	1
9	150	95	91	83	78	63	58	27	25	24	1	1	2	1	1	1	1	1	1
