10
10	100	83	79	75	72	68	62	44	41	33	32	1	1	1	1	1	1	1	1	1	1
9	100	99	93	86	63	56	55	38	32	26	1	1	1	1	1	1	1	1	2
10	100	96	89	85	84	81	51	40	28	26	20	1	1	1	1	1	1	1	1	1	1
9	100	92	89	66	63	54	41	34	31	30	1	1	1	1	1	1	1	2	1
9	100	88	69	61	52	48	39	34	29	26	1	1	1	1	1	2	1	1	1
8	100	95	92	59	53	49	47	28	23	1	2	2	1	1	1	1	1
10	100	96	95	82	66	52	51	39	30	27	24	1	1	1	1	1	1	1	1	1	1
9	100	85	78	71	56	48	38	33	23	21	1	1	2	1	1	1	1	1	1
10	100	82	79	74	70	63	49	43	35	34	26	1	1	1	1	1	1	1	1	1	1
9	100	94	85	83	82	60	58	55	54	44	1	1	1	1	2	1	1	1	1
