10
9	120	81	72	68	52	15	10	8	6	5	2	1	1	1	1	1	1	1	1
10	120	97	82	80	66	65	52	45	43	14	9	1	1	1	1	1	1	1	1	1	1
10	120	83	80	66	63	53	42	40	39	18	6	1	1	1	1	1	1	1	1	1	1
10	120	98	49	43	37	34	29	20	17	11	2	1	1	1	1	1	1	1	1	1	1
9	120	98	95	94	92	74	55	42	27	6	1	1	1	1	1	1	2	1	1
8	120	99	70	66	54	30	18	17	13	1	2	2	1	1	1	1	1
10	120	98	88	85	67	56	46	37	19	16	4	1	1	1	1	1	1	1	1	1	1
10	120	64	59	58	48	43	39	38	23	19	12	1	1	1	1	1	1	1	1	1	1
10	120	98	82	73	62	58	35	29	27	25	11	1	1	1	1	1	1	1	1	1	1
10	120	90	88	81	59	43	31	26	18	16	3	1	1	1	1	1	1	1	1	1	1
