10
9	120	75	71	67	57	53	45	27	25	22	2	1	1	1	1	1	1	1	1
9	120	97	85	77	72	68	62	52	46	28	1	1	1	1	1	2	1	1	1
10	120	90	82	62	56	55	53	42	41	32	27	1	1	1	1	1	1	1	1	1	1
10	120	96	95	75	74	73	71	61	43	39	25	1	1	1	1	1	1	1	1	1	1
10	120	87	82	74	73	68	50	47	40	37	20	1	1	1	1	1	1	1	1	1	1
9	120	93	82	81	57	56	53	45	22	20	1	1	1	1	2	1	1	1	1
10	120	93	79	77	68	57	47	39	35	34	32	1	1	1	1	1	1	1	1	1	1
10	120	81	74	71	66	63	54	42	41	35	27	1	1	1	1	1	1	1	1	1	1
10	120	95	76	74	71	70	68	56	38	36	29	1	1	1	1	1	1	1	1	1	1
9	120	87	86	81	72	69	56	53	48	40	1	1	1	2	1	1	1	1	1
