10
8	150	87	86	84	82	79	66	56	55	1	1	1	2	1	1	1	2
9	150	98	93	87	86	84	79	68	61	54	1	1	1	1	1	1	2	1	1
9	150	89	88	82	77	69	68	61	60	54	1	1	1	1	1	1	1	2	1
9	150	89	76	74	70	64	61	57	55	54	1	1	1	1	1	1	1	2	1
9	150	98	89	87	84	82	80	71	64	55	1	1	1	1	1	1	2	1	1
9	150	96	89	88	74	69	63	59	55	51	1	1	1	1	1	2	1	1	1
9	150	88	84	83	80	72	71	65	56	52	1	1	1	1	1	1	1	2	1
9	150	86	82	81	76	71	56	55	54	50	1	1	1	1	1	2	1	1	1
9	150	94	85	65	62	60	59	58	57	54	1	1	2	1	1	1	1	1	1
9	150	95	85	81	77	65	60	59	58	53	1	1	1	2	1	1	1	1	1
