10
7	200	98	68	62	40	26	17	8	2	1	1	3	1	1	1
9	200	87	83	76	68	53	38	35	30	16	1	1	1	1	1	1	1	1	2
9	200	74	60	56	45	43	42	36	34	30	1	1	1	1	2	1	1	1	1
10	200	95	93	76	65	46	32	29	24	13	3	1	1	1	1	1	1	1	1	1	1
9	200	82	76	74	68	46	22	18	11	10	1	1	2	1	1	1	1	1	1
10	200	95	89	70	68	66	54	52	17	16	4	1	1	1	1	1	1	1	1	1	1
10	200	81	75	55	52	42	40	33	26	18	12	1	1	1	1	1	1	1	1	1	1
9	200	93	92	79	65	58	44	26	17	3	1	2	1	1	1	1	1	1	1
10	200	81	76	75	71	67	64	42	39	23	7	1	1	1	1	1	1	1	1	1	1
10	200	95	86	85	81	79	63	51	44	32	6	1	1	1	1	1	1	1	1	1	1
