10
10	300	99	97	94	89	84	80	73	58	53	52	1	1	1	1	1	1	1	1	1	1
10	300	93	91	90	82	67	64	56	51	39	31	1	1	1	1	1	1	1	1	1	1
9	300	91	90	81	73	56	52	42	36	29	1	1	1	2	1	1	1	1	1
8	300	91	86	77	75	68	59	51	42	1	2	1	1	1	1	1	2
8	300	90	77	73	65	56	55	46	21	1	2	1	1	1	2	1	1
9	300	85	64	63	51	50	47	45	39	29	1	1	1	2	1	1	1	1	1
10	300	96	86	77	72	61	52	33	30	26	24	1	1	1	1	1	1	1	1	1	1
10	300	97	88	70	65	63	45	44	31	27	20	1	1	1	1	1	1	1	1	1	1
8	300	99	91	64	61	59	54	46	25	1	1	1	1	1	2	1	2
10	300	94	91	90	86	85	69	67	51	40	35	1	1	1	1	1	1	1	1	1	1
