10
8	400	97	91	79	72	69	64	59	53	1	2	2	1	1	1	1	1
9	400	91	83	78	73	65	60	58	57	56	1	2	1	1	1	1	1	1	1
10	400	95	90	89	77	76	72	69	68	52	51	1	1	1	1	1	1	1	1	1	1
10	400	98	93	85	82	79	70	66	65	63	53	1	1	1	1	1	1	1	1	1	1
8	400	99	90	89	87	86	74	71	59	2	1	1	1	1	1	1	2
10	400	97	95	90	87	79	71	67	59	53	51	1	1	1	1	1	1	1	1	1	1
10	400	99	98	92	88	83	77	75	74	70	59	1	1	1	1	1	1	1	1	1	1
10	400	99	98	96	87	85	77	76	73	69	61	1	1	1	1	1	1	1	1	1	1
9	400	98	95	79	77	76	71	65	55	52	1	1	1	2	1	1	1	1	1
10	400	90	85	83	73	68	63	62	58	57	50	1	1	1	1	1	1	1	1	1	1
