10
8	400	70	50	43	30	26	14	12	9	1	1	2	1	2	1	1	1
9	400	78	39	27	25	22	19	15	8	1	1	1	1	1	1	1	1	1	2
10	400	93	90	60	52	48	38	27	22	18	14	1	1	1	1	1	1	1	1	1	1
10	400	96	95	76	68	44	43	18	7	3	1	1	1	1	1	1	1	1	1	1	1
10	400	89	85	77	70	64	55	40	37	23	22	1	1	1	1	1	1	1	1	1	1
9	400	91	90	85	61	59	44	33	32	4	2	1	1	1	1	1	1	1	1
9	400	71	55	53	40	34	32	19	18	5	1	2	1	1	1	1	1	1	1
10	400	95	93	82	73	36	28	25	24	18	16	1	1	1	1	1	1	1	1	1	1
10	400	76	70	62	54	50	44	32	29	19	1	1	1	1	1	1	1	1	1	1	1
10	400	76	75	64	58	50	35	20	15	13	10	1	1	1	1	1	1	1	1	1	1
