10
10	500	96	94	87	79	67	64	62	61	56	52	1	1	1	1	1	1	1	1	1	1
9	500	99	91	75	69	67	66	60	58	52	1	1	1	1	1	1	1	2	1
9	500	98	97	96	90	84	80	71	61	50	1	1	1	1	1	1	1	2	1
9	500	96	91	89	88	79	78	66	65	61	1	2	1	1	1	1	1	1	1
10	500	99	93	91	83	80	73	70	64	62	60	1	1	1	1	1	1	1	1	1	1
10	500	92	91	90	85	79	78	71	69	67	55	1	1	1	1	1	1	1	1	1	1
9	500	97	92	87	81	79	78	71	69	63	1	1	2	1	1	1	1	1	1
9	500	98	95	94	89	76	75	71	57	54	1	1	1	1	1	1	1	1	2
10	500	99	92	89	80	74	72	66	65	63	59	1	1	1	1	1	1	1	1	1	1
9	500	98	93	85	82	81	70	68	61	57	2	1	1	1	1	1	1	1	1
