10
9	500	96	88	84	47	41	40	33	20	18	1	1	1	1	1	1	1	2	1
10	500	89	87	81	78	61	60	47	43	38	34	1	1	1	1	1	1	1	1	1	1
9	500	95	90	73	70	54	38	31	19	8	1	1	1	1	2	1	1	1	1
8	500	91	64	46	21	13	10	4	1	1	1	2	1	1	1	1	2
8	500	78	72	59	44	36	10	5	1	1	1	1	2	1	1	2	1
10	500	96	85	84	76	54	49	35	24	23	22	1	1	1	1	1	1	1	1	1	1
10	500	91	88	71	64	58	46	43	39	18	16	1	1	1	1	1	1	1	1	1	1
10	500	99	98	80	63	62	61	33	23	13	3	1	1	1	1	1	1	1	1	1	1
10	500	95	88	55	47	44	41	37	21	13	11	1	1	1	1	1	1	1	1	1	1
10	500	97	91	90	85	69	68	61	29	14	5	1	1	1	1	1	1	1	1	1	1
