10
10	500	85	84	80	79	69	53	47	35	32	25	1	1	1	1	1	1	1	1	1	1
9	500	96	94	86	80	79	69	59	56	32	1	1	2	1	1	1	1	1	1
8	500	91	90	88	79	66	52	32	22	1	1	1	1	2	1	1	2
8	500	68	52	50	45	40	35	33	31	2	2	1	1	1	1	1	1
10	500	86	85	81	79	75	45	44	43	38	27	1	1	1	1	1	1	1	1	1	1
10	500	86	84	74	64	61	56	50	46	41	38	1	1	1	1	1	1	1	1	1	1
9	500	99	98	88	80	68	63	62	38	24	1	1	1	2	1	1	1	1	1
10	500	99	94	79	63	52	46	37	36	27	20	1	1	1	1	1	1	1	1	1	1
8	500	96	91	86	79	64	63	48	47	1	1	1	1	1	2	1	2
10	500	85	83	82	79	78	69	53	49	30	22	1	1	1	1	1	1	1	1	1	1
