10
17	120	97	95	94	92	87	78	77	74	72	69	67	65	64	62	56	52	51	1	1	2	1	1	1	1	2	1	1	1	1	1	2	1	1	1
16	120	98	97	94	93	86	85	84	80	79	75	65	60	59	55	51	50	2	1	1	1	1	1	1	1	2	1	1	2	1	1	1	2
16	120	99	95	93	92	90	89	85	80	78	74	67	65	62	58	55	52	1	1	1	1	1	3	1	1	1	1	2	1	1	1	2	1
17	120	99	92	88	87	81	80	78	75	67	66	63	62	59	58	57	52	51	1	1	1	1	1	1	1	2	1	2	1	1	1	1	2	1	1
17	120	99	97	94	93	90	86	83	79	77	76	74	73	72	60	58	51	50	1	2	1	1	2	1	1	1	1	1	1	1	1	1	1	1	2
14	120	98	97	96	92	91	89	87	86	76	75	72	71	69	62	1	1	1	1	2	1	1	2	1	1	2	2	3	1
15	120	95	93	90	88	83	81	78	76	68	67	66	60	59	56	55	1	1	1	1	1	1	1	2	1	2	3	1	2	1	1
18	120	94	90	85	78	76	75	74	70	69	68	67	64	63	61	60	53	52	50	1	1	1	1	1	2	1	1	2	1	1	1	1	1	1	1	1	1
17	120	97	96	95	88	87	86	84	75	70	66	65	64	61	60	58	57	53	1	1	1	2	1	2	1	1	1	1	1	1	1	1	1	2	1
20	120	99	98	93	92	91	90	89	88	87	85	84	83	79	76	74	73	65	60	54	53	1	1	1	1	1	1	1	1	1	1	1	1	1	1	1	1	1	1	1	1
