10
17	100	96	94	92	90	85	83	78	77	76	71	69	67	64	63	54	51	50	1	2	2	1	1	1	1	1	1	1	1	1	1	1	1	1	2
17	100	97	96	93	92	84	81	79	75	73	72	69	67	66	64	63	56	54	1	1	1	2	1	1	1	1	2	2	1	1	1	1	1	1	1
15	100	99	96	94	93	87	85	82	74	73	71	69	61	56	54	53	1	1	1	3	1	1	1	2	2	1	1	2	1	1	1
14	100	97	94	86	81	80	79	76	74	71	62	61	54	51	50	1	2	1	1	2	1	1	1	2	2	1	1	1	3
16	100	98	93	92	91	90	87	83	82	79	71	67	62	57	56	54	51	1	1	1	2	1	1	1	2	2	1	1	1	1	1	2	1
16	100	98	97	94	90	89	87	82	80	78	77	74	72	66	64	62	52	1	1	1	2	2	1	1	1	1	1	1	1	1	2	1	2
17	100	97	94	92	91	89	87	86	85	81	76	67	63	60	58	56	54	51	1	2	1	1	1	1	1	1	1	1	2	1	1	1	1	1	2
17	100	84	83	80	79	77	74	72	71	69	66	64	63	60	59	58	54	51	1	1	1	1	1	1	1	2	1	1	1	2	1	1	2	1	1
15	100	99	97	88	85	84	83	80	73	70	69	66	63	60	52	51	1	3	2	1	1	1	1	2	1	2	1	1	1	1	1
17	100	99	98	97	96	95	92	91	86	82	78	77	76	73	70	68	57	50	1	2	1	1	1	1	2	1	1	1	1	1	2	1	1	1	1
