10
16	100	97	88	80	78	75	72	64	61	57	54	46	43	31	29	28	21	2	1	1	1	1	3	1	1	1	1	1	1	1	2	1	1
18	100	96	95	94	91	83	80	78	72	70	67	62	60	52	43	41	40	36	25	1	1	1	1	1	1	1	1	1	1	1	1	1	1	2	2	1	1
18	100	97	93	87	83	75	72	68	61	60	59	53	51	44	43	42	38	35	28	1	2	1	1	1	1	1	1	1	1	1	1	1	1	1	1	1	2
18	100	93	92	89	86	84	67	64	60	52	44	43	42	32	30	28	27	23	20	1	1	1	1	1	1	1	1	1	1	1	2	1	2	1	1	1	1
17	100	99	84	79	75	68	66	61	60	59	52	49	47	43	37	33	26	22	1	2	1	1	1	1	2	1	1	2	1	1	1	1	1	1	1
19	100	91	88	87	86	85	80	78	71	68	63	61	50	49	46	35	34	29	26	21	1	1	1	1	2	1	1	1	1	1	1	1	1	1	1	1	1	1	1
20	100	98	91	90	89	78	76	74	55	54	52	51	50	46	45	44	39	32	31	30	23	1	1	1	1	1	1	1	1	1	1	1	1	1	1	1	1	1	1	1	1
17	100	94	92	88	80	76	74	64	59	57	56	54	53	48	40	37	26	22	1	1	1	1	2	1	2	1	1	1	1	1	1	2	1	1	1
18	100	88	87	79	74	68	66	63	61	54	52	49	37	35	34	32	30	25	20	2	1	1	1	1	1	1	1	1	1	1	2	1	1	1	1	1	1
18	100	93	90	82	81	80	78	75	68	66	62	60	54	53	40	34	33	25	24	1	1	1	2	1	2	1	1	1	1	1	1	1	1	1	1	1	1
