10
20	150	97	94	87	83	81	79	78	75	72	61	58	57	55	51	47	40	32	28	11	8	1	1	1	1	1	1	1	1	1	1	1	1	1	1	1	1	1	1	1	1
19	150	99	95	93	92	83	82	80	71	70	69	65	57	54	46	40	33	27	24	8	1	1	1	1	2	1	1	1	1	1	1	1	1	1	1	1	1	1	1
20	150	91	87	63	58	57	56	54	50	49	47	44	41	38	37	36	34	26	21	9	7	1	1	1	1	1	1	1	1	1	1	1	1	1	1	1	1	1	1	1	1
18	150	95	90	86	77	74	70	66	59	46	38	36	35	32	30	26	24	16	1	1	1	1	1	1	2	1	1	1	1	2	1	1	1	1	1	1	1
19	150	98	90	86	84	81	75	74	73	60	55	39	34	32	30	24	17	13	11	9	2	1	1	1	1	1	1	1	1	1	1	1	1	1	1	1	1	1	1
17	150	95	88	86	80	72	68	61	54	53	51	48	45	33	28	21	14	7	1	1	1	1	1	2	1	1	2	1	1	1	1	1	1	2	1
13	150	95	83	79	71	67	51	47	45	31	24	16	11	9	2	1	2	2	1	1	2	1	1	2	3	1	1
17	150	93	83	75	73	62	61	57	54	49	48	41	40	32	29	22	13	6	2	1	1	1	1	1	1	1	1	1	1	1	1	1	2	2	1
17	150	99	89	82	77	71	68	66	62	58	56	49	43	20	10	9	6	4	1	1	1	1	1	1	2	1	1	1	2	1	1	1	1	2	1
18	150	95	92	86	85	78	64	62	61	52	41	39	38	29	27	24	22	17	11	1	1	1	1	1	1	1	1	1	1	1	2	1	1	1	2	1	1
