10
16	150	98	96	93	92	90	87	84	81	78	77	73	69	68	62	59	58	1	1	2	2	1	1	1	1	2	1	1	1	1	1	1	2
16	150	99	98	95	92	85	81	78	77	76	75	74	66	65	59	58	51	1	1	1	1	1	1	2	1	2	1	1	1	1	1	3	1
19	150	99	98	95	92	91	90	87	83	82	80	75	69	68	66	61	58	57	56	53	1	1	1	1	1	1	1	1	2	1	1	1	1	1	1	1	1	1	1
18	150	99	98	95	93	80	79	76	72	71	70	67	64	63	62	60	59	55	51	1	1	1	1	1	1	1	1	2	2	1	1	1	1	1	1	1	1
16	150	96	94	87	85	82	80	79	77	71	69	62	61	60	55	54	53	2	1	1	2	1	1	1	2	1	1	1	1	1	2	1	1
17	150	99	97	95	93	88	86	83	81	80	78	77	73	71	66	63	60	54	1	1	1	1	1	1	1	2	2	1	1	1	2	1	1	1	1
17	150	96	95	93	88	86	85	82	75	74	73	71	69	68	67	60	58	54	1	1	1	1	1	1	2	2	2	1	1	1	1	1	1	1	1
18	150	97	95	91	90	88	84	78	75	71	65	64	60	59	58	56	52	51	50	1	1	1	1	1	1	2	1	1	1	1	1	1	2	1	1	1	1
18	150	95	92	90	88	87	86	84	81	79	78	74	67	66	59	58	57	56	53	1	1	1	1	1	1	1	3	1	1	1	1	1	1	1	1	1	1
16	150	98	97	90	85	82	81	76	73	64	61	60	59	58	57	51	50	1	2	1	1	1	1	2	1	1	2	1	1	1	2	1	1
