10
18	100	99	98	96	93	90	88	72	66	65	64	62	57	56	48	40	20	11	4	2	1	1	1	1	1	1	1	1	1	1	1	1	1	2	1	1	1
17	100	96	89	74	69	66	65	54	52	33	31	28	26	23	12	7	6	3	1	1	1	1	1	1	1	2	1	1	2	1	2	1	1	1	1
18	100	97	88	85	78	75	63	60	58	51	47	45	44	41	33	23	12	6	4	1	1	1	1	1	1	3	1	1	1	1	1	1	1	1	1	1	1
17	100	95	87	80	79	74	70	55	51	46	45	43	34	22	20	17	11	6	1	1	1	1	1	1	1	1	2	2	1	1	1	1	1	1	2
18	100	94	92	87	86	83	75	72	65	64	63	58	54	37	30	18	10	7	2	1	1	1	1	1	1	1	2	1	1	1	1	1	1	1	1	1	2
17	100	95	94	81	79	70	69	63	54	53	52	45	35	22	21	9	8	6	2	1	1	1	1	2	1	1	1	1	1	1	1	1	1	1	2
18	100	91	84	83	82	79	78	77	70	57	47	45	44	32	30	29	27	23	16	1	1	1	1	1	2	1	1	2	1	1	1	1	1	1	1	1	1
19	100	92	90	89	82	74	72	69	67	65	58	54	49	28	26	19	15	14	13	8	1	2	1	1	1	1	1	1	1	1	1	1	1	1	1	1	1	1	1
17	100	97	91	89	82	70	61	58	53	50	37	33	31	28	14	12	4	3	2	1	1	1	1	1	1	1	1	1	2	1	1	1	1	2	1
17	100	93	84	79	68	62	60	58	34	25	24	14	12	10	7	6	5	3	1	1	2	1	1	1	1	1	2	1	1	1	1	2	1	1	1
