10
16	120	98	92	84	79	74	71	66	65	62	58	55	48	40	33	31	26	1	1	2	1	1	1	1	1	1	1	1	2	1	1	2	2
19	120	94	93	92	90	85	83	82	79	74	73	70	65	61	57	51	45	40	39	34	2	1	1	1	1	1	1	1	1	1	1	1	1	1	1	1	1	1	1
18	120	98	93	90	85	81	79	77	74	69	68	62	50	40	39	29	26	24	23	1	1	1	1	1	1	1	1	1	1	1	2	1	2	1	1	1	1
18	120	95	90	84	83	78	74	65	62	61	56	50	48	45	40	36	34	27	24	1	1	2	1	1	2	1	1	1	1	1	1	1	1	1	1	1	1
18	120	99	92	88	84	79	75	69	61	60	53	51	49	45	38	31	27	26	25	2	1	1	1	1	1	2	1	1	1	1	1	1	1	1	1	1	1
17	120	98	91	78	77	70	64	59	57	53	50	45	31	29	27	25	24	21	2	1	1	1	1	1	2	1	1	1	1	1	1	1	2	1	1
18	120	95	91	90	88	72	69	68	67	61	58	55	49	43	42	41	36	24	22	1	1	1	1	1	1	1	1	1	1	2	1	1	1	1	2	1	1
17	120	99	96	94	80	79	74	65	63	61	56	49	48	40	39	28	26	23	1	1	1	2	2	1	1	1	1	1	1	1	1	1	1	1	2
19	120	90	86	80	78	76	72	71	67	56	54	52	44	43	42	40	39	30	27	20	1	1	1	1	1	1	1	1	2	1	1	1	1	1	1	1	1	1	1
19	120	99	94	88	79	71	65	59	58	54	51	49	46	44	43	41	39	34	33	22	1	1	2	1	1	1	1	1	1	1	1	1	1	1	1	1	1	1	1
