10
16	150	94	87	84	83	68	66	58	48	41	40	38	33	32	29	23	20	1	1	1	1	1	3	2	1	1	2	1	1	1	1	1	1
18	150	99	96	88	85	84	82	76	72	68	66	60	51	47	39	37	36	35	27	1	1	1	1	2	1	1	1	1	1	1	1	1	1	1	1	2	1
17	150	93	90	89	88	83	80	78	77	76	68	60	53	52	50	42	31	24	1	1	1	1	1	1	1	1	1	2	1	1	2	1	1	2	1
18	150	99	98	97	96	90	80	73	65	62	60	59	52	50	43	40	38	27	20	1	2	1	1	1	1	2	1	1	1	1	1	1	1	1	1	1	1
17	150	96	88	81	77	69	66	56	52	48	47	44	43	42	36	32	26	25	3	1	1	1	1	2	1	1	1	1	1	1	1	1	1	1	1
18	150	93	91	88	79	76	72	71	68	61	57	51	50	43	42	40	39	36	22	1	2	1	1	1	1	1	1	1	1	1	1	1	1	2	1	1	1
20	150	98	97	90	86	84	80	72	70	69	63	58	57	48	40	38	36	33	32	29	23	1	1	1	1	1	1	1	1	1	1	1	1	1	1	1	1	1	1	1	1
19	150	99	93	92	90	81	78	76	74	70	66	60	56	51	50	47	33	27	23	22	1	1	1	1	1	1	1	1	1	1	1	1	1	1	1	1	1	2	1
18	150	93	92	90	86	77	75	61	58	50	48	45	43	40	38	35	30	29	26	1	1	2	1	1	1	1	1	1	1	1	1	1	1	1	1	1	2
18	150	87	83	82	74	71	69	68	63	59	53	50	49	48	47	45	38	37	33	1	2	1	2	1	1	1	1	1	1	1	1	1	1	1	1	1	1
