10
17	120	98	89	87	83	82	66	61	54	47	44	28	26	21	14	12	11	6	1	1	1	2	1	1	1	3	1	1	1	1	1	1	1	1	1
19	120	90	87	86	85	83	72	60	50	47	46	41	40	34	27	22	14	13	8	6	1	1	1	1	1	1	1	1	2	1	1	1	1	1	1	1	1	1	1
18	120	93	90	89	86	81	78	74	71	60	53	48	42	38	34	28	24	7	1	1	1	2	1	1	1	1	1	1	1	1	1	1	1	1	1	2	1
19	120	89	87	82	57	53	51	44	41	37	36	35	29	23	15	13	12	9	7	5	1	1	1	1	1	1	1	1	1	1	1	1	1	1	1	1	1	2	1
17	120	87	74	71	70	67	66	65	63	57	53	50	47	46	31	14	8	7	2	1	2	1	2	1	1	1	1	1	1	1	1	1	1	1	1
19	120	97	93	84	82	76	74	68	65	58	51	50	49	40	39	30	24	22	12	9	1	1	1	1	1	1	1	1	1	1	2	1	1	1	1	1	1	1	1
18	120	99	98	92	90	87	86	77	72	56	54	51	43	39	34	18	11	7	4	2	1	1	1	2	1	1	1	1	1	1	1	1	1	1	1	1	1
18	120	99	98	95	92	83	72	55	53	51	50	47	46	43	38	31	22	20	2	1	1	1	1	2	1	1	1	2	1	1	1	1	1	1	1	1	1
18	120	68	67	63	61	59	55	49	42	41	22	17	16	15	13	12	6	2	1	1	1	1	1	1	2	1	1	1	2	1	1	1	1	1	1	1	1
17	120	98	97	95	90	86	85	83	81	68	63	57	49	38	29	25	4	1	1	1	1	1	1	1	1	1	1	2	1	1	2	1	2	1	1
