10
19	200	99	97	95	92	90	87	73	69	65	52	49	47	40	38	36	33	29	25	24	1	1	1	1	1	1	1	1	1	1	1	1	1	1	1	1	2	1	1
19	200	86	85	83	80	71	69	68	67	63	61	57	56	51	49	48	47	34	27	24	1	1	1	1	1	1	1	1	1	1	1	1	1	1	1	1	1	2	1
18	200	96	95	87	86	83	80	73	71	66	59	58	55	50	43	31	29	25	22	1	1	2	1	1	1	1	1	1	1	1	1	1	1	1	2	1	1
16	200	95	93	91	81	72	71	59	56	55	50	47	44	40	37	30	24	1	1	1	2	2	1	1	2	1	2	1	1	1	1	1	1
16	200	99	91	90	81	76	71	69	68	67	59	56	47	27	24	21	20	1	1	1	2	1	2	1	1	1	1	1	3	1	1	1	1
17	200	89	80	74	73	68	54	53	50	49	45	43	42	41	36	31	30	20	3	1	1	1	1	1	1	1	1	1	1	1	1	1	1	2	1
18	200	94	93	92	77	70	65	62	60	57	53	49	48	46	32	31	25	23	21	1	1	1	1	1	1	1	1	1	1	2	1	1	1	1	1	1	2
19	200	98	90	87	86	82	78	73	72	69	62	59	58	57	40	35	32	30	29	20	2	1	1	1	1	1	1	1	1	1	1	1	1	1	1	1	1	1	1
16	200	97	96	88	87	85	84	71	60	57	55	52	50	44	39	26	20	1	1	1	1	3	1	1	1	2	1	1	1	1	2	1	1
17	200	99	98	97	96	95	93	84	81	76	65	64	59	46	43	33	32	25	1	1	2	1	1	1	1	1	1	1	1	1	1	1	2	1	2
