10
19	200	99	97	94	91	89	88	86	85	84	74	66	54	49	19	18	11	8	5	1	1	1	1	1	1	1	2	1	1	1	1	1	1	1	1	1	1	1	1
18	200	94	92	88	86	83	81	74	71	64	51	45	39	38	27	25	18	17	12	1	1	1	1	1	1	2	1	1	1	1	1	1	1	1	1	2	1
16	200	92	85	83	79	78	76	65	49	40	36	26	22	14	12	8	3	2	1	3	1	1	1	1	1	1	1	1	2	1	1	1	1
19	200	99	94	80	77	74	72	65	60	56	52	49	48	44	40	22	11	9	6	4	1	1	1	1	1	1	1	1	1	1	1	1	2	1	1	1	1	1	1
19	200	99	97	93	92	88	81	64	54	47	38	36	21	17	15	14	11	7	4	2	1	1	1	1	1	1	1	1	1	1	1	1	1	1	1	1	1	2	1
17	200	99	95	92	82	80	78	76	72	70	64	58	54	43	27	23	11	1	1	1	2	1	1	1	2	1	1	1	1	1	1	1	1	1	2
18	200	92	87	85	79	76	64	57	49	47	38	32	26	22	19	15	11	4	2	1	1	1	1	1	1	1	1	1	1	1	1	2	2	1	1	1	1
19	200	97	93	83	74	73	69	64	63	59	57	56	50	49	43	29	14	12	8	4	1	1	1	1	1	1	1	1	1	1	1	1	2	1	1	1	1	1	1
20	200	97	96	91	79	77	67	66	60	59	50	48	47	36	30	29	23	11	10	9	6	1	1	1	1	1	1	1	1	1	1	1	1	1	1	1	1	1	1	1	1
18	200	99	96	90	74	70	69	63	62	53	51	45	38	33	29	20	19	14	5	1	1	1	1	1	1	1	1	1	1	1	2	1	1	1	1	1	2
