10
18	200	94	91	90	82	76	74	71	70	69	65	64	63	62	60	55	53	52	50	2	1	1	1	1	1	1	1	1	1	1	1	1	1	1	2	1	1
19	200	94	92	90	88	85	84	83	82	81	80	76	70	66	62	61	58	55	51	50	1	1	1	1	2	1	1	1	1	1	1	1	1	1	1	1	1	1	1
17	200	99	98	95	93	92	89	81	79	77	76	75	73	71	66	58	54	52	1	1	1	1	1	1	2	1	1	2	1	2	1	1	1	1	1
17	200	97	95	94	88	84	83	80	78	77	75	73	69	66	57	55	54	50	1	1	2	1	2	1	1	1	1	2	1	1	1	1	1	1	1
14	200	97	82	80	75	73	68	65	62	60	59	55	54	53	50	1	1	1	1	1	1	2	1	2	1	1	2	1	4
17	200	99	91	87	83	81	78	77	75	72	67	66	64	63	59	56	52	51	1	2	1	1	1	1	1	1	1	1	1	1	2	2	1	1	1
15	200	97	95	94	92	86	76	71	70	69	67	64	60	58	56	53	2	3	1	1	1	1	1	3	1	1	1	1	1	1	1
15	200	97	96	89	85	84	83	81	80	76	72	68	66	60	58	53	1	3	1	1	2	1	2	1	1	1	1	1	2	1	1
19	200	96	94	91	90	88	84	83	77	74	71	70	69	66	65	63	60	57	55	51	1	2	1	1	1	1	1	1	1	1	1	1	1	1	1	1	1	1	1
17	200	99	96	91	85	83	82	78	75	70	69	67	66	63	62	52	51	50	1	1	1	2	1	1	1	1	1	1	1	1	1	2	1	2	1
