10
19	300	98	95	89	86	84	80	74	65	63	55	50	42	38	32	28	27	16	13	8	1	1	1	2	1	1	1	1	1	1	1	1	1	1	1	1	1	1	1
19	300	90	87	80	79	78	73	65	60	58	53	39	30	26	20	16	11	8	7	2	1	1	1	2	1	1	1	1	1	1	1	1	1	1	1	1	1	1	1
19	300	85	82	79	78	67	64	62	59	54	50	45	41	33	32	29	13	7	5	3	1	1	1	1	1	1	1	1	1	2	1	1	1	1	1	1	1	1	1
20	300	97	96	84	78	77	76	75	73	68	65	57	49	48	46	41	40	37	34	12	7	1	1	1	1	1	1	1	1	1	1	1	1	1	1	1	1	1	1	1	1
17	300	97	93	84	80	72	70	68	65	49	41	40	38	26	15	8	4	1	1	1	1	1	1	1	1	1	1	1	1	1	2	3	1	1	1
18	300	88	83	82	79	78	71	62	60	48	41	30	28	25	20	16	10	4	3	1	2	1	1	1	1	1	1	1	1	1	1	1	1	1	1	1	2
20	300	96	94	83	75	73	71	67	53	51	50	44	43	38	34	33	29	26	12	9	6	1	1	1	1	1	1	1	1	1	1	1	1	1	1	1	1	1	1	1	1
18	300	93	90	88	77	73	64	60	55	53	50	45	43	41	36	25	16	13	11	1	1	1	1	1	1	2	1	1	1	1	1	1	1	1	2	1	1
18	300	94	93	92	91	87	84	78	68	58	56	51	43	36	31	26	10	4	2	2	1	1	1	1	1	1	1	1	1	1	1	1	1	1	2	1	1
17	300	84	83	76	74	65	63	57	55	52	44	43	40	39	28	27	9	4	1	1	1	1	2	2	1	1	1	1	2	1	1	1	1	1	1
