10
17	300	98	92	91	90	71	70	65	61	51	50	44	40	39	38	37	22	20	1	2	2	2	1	1	1	1	1	1	1	1	1	1	1	1	1
18	300	95	91	90	87	86	84	75	72	70	65	62	59	51	43	41	38	32	26	1	1	1	1	1	1	1	1	1	1	1	1	1	1	1	2	2	1
17	300	98	95	92	90	82	77	75	74	69	61	59	52	48	43	42	31	30	1	1	1	1	2	1	1	2	1	1	1	1	1	1	1	1	2
19	300	94	92	91	86	84	83	82	80	65	63	62	56	54	53	46	35	30	24	21	1	1	1	1	1	1	1	1	1	1	1	1	1	1	1	1	2	1	1
18	300	96	95	93	90	88	85	81	78	74	47	46	44	40	38	33	26	25	22	1	1	2	1	1	1	1	1	2	1	1	1	1	1	1	1	1	1
16	300	96	91	90	80	75	72	70	64	62	57	55	43	36	33	29	21	1	1	2	1	1	2	1	2	1	1	2	1	1	1	1	1
18	300	93	87	84	79	78	68	67	66	59	46	44	40	35	32	30	29	22	20	1	1	1	2	2	1	1	1	1	1	1	1	1	1	1	1	1	1
17	300	97	94	92	86	76	74	61	57	52	43	41	38	37	35	34	26	20	1	1	1	1	1	1	1	2	1	2	1	1	1	1	2	1	1
17	300	99	97	87	82	74	70	66	63	61	60	51	48	45	39	28	23	20	1	1	1	2	1	1	1	1	2	1	1	1	1	1	1	2	1
15	300	95	80	78	73	72	71	63	62	61	59	55	51	40	30	27	1	1	1	2	1	1	1	1	1	1	3	3	1	1	1
