10
16	300	99	98	97	96	90	85	80	79	67	65	62	58	57	56	54	53	1	1	1	1	1	2	1	1	1	1	1	1	1	1	2	3
16	300	96	91	90	89	82	74	71	69	68	67	64	62	61	58	55	50	1	1	1	1	3	1	1	1	1	1	1	1	1	1	2	2
16	300	95	92	91	90	87	86	85	80	79	72	63	62	59	55	54	53	1	1	1	2	1	2	1	1	1	1	1	1	1	1	2	2
16	300	99	97	95	91	90	89	88	82	80	77	74	71	62	60	55	52	1	1	2	1	1	1	1	1	1	2	1	1	1	2	2	1
15	300	96	95	93	89	88	87	83	79	73	66	64	63	59	54	51	1	1	1	1	2	1	1	1	2	1	3	2	1	1	1
16	300	98	91	90	89	88	87	82	79	73	69	68	65	59	58	57	53	1	1	1	1	1	1	2	1	1	1	2	2	1	1	1	2
19	300	99	91	86	84	82	81	79	77	74	71	67	66	64	63	59	57	56	53	50	1	1	1	1	1	1	1	1	1	1	1	1	1	1	1	1	2	1	1
19	300	97	93	90	87	83	80	77	76	71	69	68	66	62	60	59	57	56	55	52	1	1	1	1	1	1	1	1	1	1	1	2	1	1	1	1	1	1	1
17	300	99	98	96	94	92	88	85	80	75	74	73	72	69	66	64	62	56	1	2	1	1	1	2	1	1	1	2	1	1	1	1	1	1	1
17	300	95	92	91	89	87	86	83	82	78	76	73	71	66	64	63	61	58	1	1	1	2	1	1	1	1	1	1	1	1	1	1	2	1	2
