10
18	400	94	92	85	84	83	72	71	63	56	53	50	48	43	42	32	25	24	23	1	1	1	1	1	1	1	1	2	2	1	1	1	1	1	1	1	1
18	400	95	87	84	72	66	56	52	51	50	47	45	43	40	38	34	32	25	22	1	1	1	1	1	2	1	1	1	1	1	1	1	1	2	1	1	1
17	400	92	91	89	88	87	86	79	77	70	61	60	58	46	37	36	33	29	1	1	1	1	1	1	2	1	1	1	1	1	1	1	1	3	1
18	400	99	97	81	78	70	69	65	63	60	50	46	45	38	32	31	30	25	21	1	1	1	1	1	1	1	1	1	2	1	1	1	2	1	1	1	1
19	400	88	84	82	77	76	72	67	65	63	62	61	57	55	53	36	34	30	29	25	1	1	1	1	2	1	1	1	1	1	1	1	1	1	1	1	1	1	1
17	400	96	95	94	87	84	83	73	68	67	56	55	52	49	44	42	34	22	1	2	1	1	1	2	1	1	1	2	1	1	1	1	1	1	1
18	400	96	93	91	88	79	76	75	74	73	72	63	57	56	55	48	47	29	25	1	1	1	1	1	1	1	1	1	1	1	2	2	1	1	1	1	1
16	400	85	84	82	74	70	64	57	45	43	38	35	33	31	29	24	22	1	2	1	1	1	1	1	1	2	1	1	2	1	1	1	2
18	400	95	94	92	89	83	81	78	71	64	63	49	41	38	35	34	31	30	22	1	1	1	1	1	1	1	1	1	1	1	1	1	1	1	1	3	1
20	400	97	90	87	77	70	66	63	61	54	53	50	48	44	40	31	29	27	24	21	20	1	1	1	1	1	1	1	1	1	1	1	1	1	1	1	1	1	1	1	1
