10
19	400	91	87	83	79	78	75	73	71	70	69	67	65	64	63	61	60	57	52	50	2	1	1	1	1	1	1	1	1	1	1	1	1	1	1	1	1	1	1
16	400	96	89	85	80	79	73	72	70	63	61	59	57	54	53	52	50	1	1	2	1	2	2	1	2	1	1	1	1	1	1	1	1
13	400	95	90	85	83	81	77	75	73	68	65	55	53	50	2	1	1	1	3	1	1	1	1	4	2	1	1
12	400	97	93	92	88	83	82	75	68	67	66	58	53	1	5	1	3	1	2	1	1	1	1	2	1
17	400	95	93	88	85	81	80	77	70	66	65	63	62	60	59	56	54	53	1	1	2	1	2	1	1	1	1	2	1	1	1	1	1	1	1
18	400	95	92	87	83	77	76	74	72	70	69	64	60	59	57	56	53	52	50	1	1	1	1	2	1	1	1	1	1	1	1	1	1	1	2	1	1
20	400	98	96	94	92	88	85	84	83	81	74	73	72	69	68	67	64	62	58	56	53	1	1	1	1	1	1	1	1	1	1	1	1	1	1	1	1	1	1	1	1
17	400	99	98	95	91	89	85	80	75	73	65	64	60	58	56	55	54	51	1	1	1	1	1	1	1	1	1	2	2	1	1	1	1	2	1
18	400	99	95	93	89	83	80	79	78	76	70	69	66	65	63	57	52	51	50	1	1	1	1	1	1	1	1	2	2	1	1	1	1	1	1	1	1
17	400	97	94	91	89	84	82	73	72	71	68	66	65	64	57	54	52	50	2	2	1	1	1	1	1	1	1	1	1	1	1	1	2	1	1
