10
20	400	97	94	88	81	79	69	64	63	54	52	50	28	19	14	13	12	9	8	6	3	1	1	1	1	1	1	1	1	1	1	1	1	1	1	1	1	1	1	1	1
20	400	92	82	79	78	77	73	72	63	57	50	38	32	31	26	23	17	15	9	8	4	1	1	1	1	1	1	1	1	1	1	1	1	1	1	1	1	1	1	1	1
19	400	98	96	94	81	79	78	76	74	68	66	57	56	47	42	35	30	25	16	1	1	1	1	1	1	1	1	1	1	1	1	1	1	1	2	1	1	1	1
20	400	92	90	87	84	78	76	75	66	61	59	55	42	35	33	29	25	23	22	7	1	1	1	1	1	1	1	1	1	1	1	1	1	1	1	1	1	1	1	1	1
20	400	97	96	95	94	91	90	82	80	76	74	66	64	52	39	26	21	12	7	3	1	1	1	1	1	1	1	1	1	1	1	1	1	1	1	1	1	1	1	1	1
18	400	98	94	80	52	51	46	45	44	43	42	41	37	33	32	27	26	23	14	1	1	1	1	1	1	1	1	1	1	1	1	1	1	1	1	1	3
18	400	96	81	79	76	75	68	63	61	56	55	50	44	31	30	27	25	10	4	1	1	2	1	1	1	1	1	1	1	1	2	1	1	1	1	1	1
19	400	91	87	75	72	70	69	66	63	60	58	56	55	53	46	39	36	21	11	1	1	1	1	1	1	1	1	1	1	1	1	1	2	1	1	1	1	1	1
19	400	96	93	90	87	79	78	73	67	57	55	54	28	26	24	18	17	6	5	1	1	1	1	1	1	1	1	1	1	1	1	1	2	1	1	1	1	1	1
19	400	97	93	73	72	71	61	58	57	55	50	40	38	33	30	19	16	15	11	2	1	1	1	1	1	1	2	1	1	1	1	1	1	1	1	1	1	1	1
