10
16	500	98	94	93	91	82	79	75	74	73	66	63	61	55	54	53	51	1	1	1	2	1	1	2	1	1	1	1	1	2	2	1	1
17	500	99	97	94	90	88	80	78	76	75	70	69	66	65	62	57	54	52	1	2	1	1	1	1	1	1	1	2	1	1	1	1	1	1	2
17	500	98	94	93	92	89	87	81	78	76	74	68	66	65	63	62	60	52	1	1	1	2	1	1	1	1	1	1	1	1	1	1	1	3	1
18	500	98	93	92	89	88	86	82	81	80	71	69	68	66	64	63	61	53	51	1	1	1	1	1	1	1	1	2	1	1	1	1	1	1	1	1	2
15	500	95	92	90	88	87	86	85	79	78	75	70	67	58	57	50	2	1	1	1	1	1	2	1	2	1	2	1	1	1	2
17	500	97	96	95	89	88	86	84	80	77	76	71	67	65	59	55	54	51	1	2	1	1	1	1	1	1	2	2	1	1	1	1	1	1	1
16	500	99	94	88	87	86	83	81	80	76	71	70	58	56	53	51	50	1	2	1	2	1	1	1	1	1	1	1	2	2	1	1	1
17	500	99	94	92	90	87	85	81	79	78	75	68	66	59	58	52	51	50	1	1	1	1	1	1	1	1	1	2	1	1	2	1	2	1	1
14	500	96	95	92	89	87	84	83	79	76	75	67	66	62	55	3	1	1	1	1	2	2	1	1	2	1	1	2	1
17	500	99	98	94	88	86	85	83	78	76	72	68	66	65	63	61	54	50	2	1	1	1	1	1	1	1	1	1	1	1	1	3	1	1	1
