10
20	500	99	96	95	91	80	79	75	57	56	53	52	48	31	25	23	21	19	14	13	1	1	1	1	1	1	1	1	1	1	1	1	1	1	1	1	1	1	1	1	1
18	500	99	98	94	85	79	77	70	69	66	65	60	59	54	38	23	13	9	3	1	1	1	1	1	1	1	1	1	1	1	1	1	3	1	1	1	1
18	500	95	94	88	73	71	66	62	58	56	50	42	39	36	30	28	24	8	4	1	1	1	1	1	1	2	1	1	1	1	1	1	2	1	1	1	1
18	500	93	85	84	78	63	60	59	51	45	40	38	35	33	32	28	27	19	16	1	1	1	1	1	1	1	1	1	1	1	1	1	1	1	1	1	3
19	500	84	72	71	64	59	57	56	54	53	46	44	42	21	20	19	17	9	7	4	1	1	1	1	1	1	1	1	1	1	1	1	1	1	1	1	1	1	2
18	500	99	94	92	85	77	66	63	61	55	40	39	37	35	33	30	29	20	6	1	1	1	1	1	1	1	1	2	1	1	1	2	1	1	1	1	1
17	500	96	92	91	90	89	78	72	65	58	52	43	33	26	22	14	12	9	1	1	1	1	2	1	1	1	1	1	3	1	1	1	1	1	1
19	500	93	89	80	73	65	62	60	59	50	47	39	38	29	27	24	20	11	10	4	1	1	1	1	1	1	1	1	1	1	1	1	1	1	2	1	1	1	1
17	500	96	95	84	75	70	62	58	56	54	29	28	25	23	21	18	4	2	1	1	2	2	1	1	1	1	1	2	1	1	1	1	1	1	1
16	500	95	90	81	79	71	54	43	38	35	28	25	24	21	17	15	5	1	1	2	1	1	2	1	1	1	1	1	2	1	1	2	1
