10
18	500	96	92	89	80	73	72	69	56	52	49	48	44	43	42	36	29	26	25	1	1	1	1	1	1	2	1	1	1	2	1	1	1	1	1	1	1
18	500	89	84	82	80	78	77	72	65	64	63	58	55	40	30	26	22	21	20	1	2	1	1	1	1	1	2	1	1	1	1	1	1	1	1	1	1
18	500	99	95	93	77	67	65	63	62	61	59	52	48	45	44	40	29	25	23	1	1	1	1	1	1	1	1	1	1	1	1	1	1	3	1	1	1
19	500	92	91	90	88	77	74	70	68	61	59	56	53	49	41	38	35	32	31	26	1	1	1	2	1	1	1	1	1	1	1	1	1	1	1	1	1	1	1
18	500	99	91	82	73	71	69	67	64	63	54	49	46	45	38	28	26	24	20	1	1	1	1	1	2	1	1	2	1	1	1	1	1	1	1	1	1
19	500	99	93	91	88	79	77	72	70	69	68	67	54	47	43	38	36	25	23	22	1	1	1	1	1	1	1	1	1	1	1	1	1	2	1	1	1	1	1
18	500	94	82	67	63	62	61	53	49	46	45	42	39	33	31	27	25	23	22	2	1	1	1	1	1	1	1	1	1	1	1	1	1	2	1	1	1
17	500	99	91	89	76	71	69	67	57	56	52	45	36	33	28	24	22	21	1	1	2	1	1	1	1	2	1	1	1	1	1	1	2	1	1
17	500	98	93	86	84	66	65	64	61	56	55	46	44	39	38	27	25	24	1	1	1	1	2	1	1	1	2	1	1	1	2	1	1	1	1
19	500	97	96	92	89	71	70	69	66	62	61	57	55	53	52	50	44	41	38	31	1	1	1	1	1	1	1	1	1	1	1	1	1	1	2	1	1	1	1
