10
27	100	96	93	92	89	87	80	75	73	71	70	69	67	65	61	60	59	57	54	47	46	38	34	33	24	23	22	21	2	1	2	1	2	2	3	1	1	1	1	1	1	1	1	2	2	1	1	4	1	2	1	2	1	1	1
31	100	96	94	88	87	86	85	83	78	77	75	74	73	70	69	68	66	62	61	54	53	52	51	49	47	43	42	41	36	35	32	28	1	2	1	1	1	1	1	1	1	1	1	2	1	2	1	1	1	1	1	2	1	2	1	1	2	1	1	1	2	2	2
32	100	98	96	95	94	93	84	83	76	75	72	70	68	67	66	60	56	54	52	50	48	47	46	40	39	38	31	30	28	27	25	24	23	1	1	1	1	2	1	1	1	1	3	1	1	1	1	1	1	1	1	1	2	1	1	1	1	2	1	1	2	1	1	2	2
29	100	95	93	87	85	83	81	79	78	74	72	71	69	64	62	61	60	59	53	52	50	46	42	38	37	32	30	29	25	20	1	2	1	1	2	2	2	1	2	1	1	1	2	1	1	3	1	1	1	1	2	1	1	2	1	2	1	1	1
32	100	96	95	93	92	91	90	88	82	80	76	75	72	70	69	66	65	63	61	60	57	55	51	50	43	42	41	40	39	38	36	28	22	1	2	1	1	1	1	1	1	1	2	2	1	1	1	2	1	1	1	1	1	2	2	1	1	2	1	1	2	1	1	1	1
32	100	97	93	86	82	81	77	76	75	72	71	70	67	65	61	55	54	51	50	47	46	45	44	43	41	38	35	33	28	27	26	22	21	1	1	1	1	2	1	1	1	1	1	2	1	2	1	1	3	1	1	1	3	1	1	1	1	1	1	1	1	1	2	1	1
31	100	99	98	97	96	94	92	89	88	87	80	70	69	66	65	59	55	53	51	50	47	40	39	38	37	32	31	30	29	23	21	20	1	1	2	1	1	1	1	1	1	2	1	1	1	1	2	1	1	1	1	3	1	1	2	3	1	1	1	1	2	1	1
34	100	99	95	94	92	90	89	84	82	81	79	75	74	73	70	67	66	59	58	57	55	46	45	42	41	39	38	37	34	28	27	25	22	21	20	1	2	3	1	1	1	1	1	1	1	1	3	1	1	2	1	1	1	1	1	1	1	1	1	1	1	1	1	1	1	1	1	1	1
31	100	99	98	97	91	86	85	84	83	79	75	70	66	64	63	62	58	56	55	54	49	45	43	42	40	35	34	32	30	27	24	22	2	1	2	2	1	1	1	1	1	1	2	3	2	1	1	1	2	1	1	1	1	1	1	1	2	1	1	1	1	1	1
34	100	97	96	95	92	86	83	80	78	72	70	68	67	65	64	59	58	56	49	47	46	45	44	43	41	36	33	31	29	26	25	24	23	21	20	1	2	1	1	1	1	1	1	1	1	2	1	1	1	1	1	1	1	1	1	2	1	1	1	1	2	1	1	1	2	2	1	1	1
