10
25	150	97	96	93	91	90	89	87	82	79	77	75	74	73	72	71	68	66	65	64	60	58	56	54	52	50	2	1	2	1	2	2	3	1	1	1	4	3	1	2	2	1	2	1	1	1	1	1	1	2	1
24	150	98	96	95	89	85	83	82	80	79	77	76	74	73	69	67	65	62	60	59	57	53	52	51	50	1	1	1	1	1	2	2	1	3	2	3	1	1	2	1	1	1	1	3	4	4	1	1	1
26	150	99	97	96	94	92	88	87	85	84	80	78	77	75	72	71	68	66	64	61	60	59	58	57	56	53	51	1	1	1	4	1	2	1	1	1	1	2	1	3	1	2	1	1	1	2	1	1	3	2	1	3	1
28	150	99	98	97	95	93	92	91	90	88	86	85	84	83	81	76	74	72	70	69	67	66	64	62	59	58	56	52	51	1	2	1	2	1	1	4	2	1	1	1	1	2	1	1	1	3	1	1	1	2	1	1	1	1	1	2	2
26	150	99	98	97	96	95	93	92	90	89	87	86	85	84	83	81	80	77	76	75	72	68	61	56	55	53	51	1	3	2	1	2	2	1	1	2	2	1	1	2	1	1	1	2	1	2	2	1	1	3	2	1	1
29	150	99	98	97	96	95	94	93	91	89	88	86	83	82	81	80	79	77	72	71	70	68	65	64	61	58	56	55	54	52	1	1	1	1	2	1	1	2	1	2	2	1	1	1	2	1	3	1	1	2	2	1	1	2	2	1	1	1	1
27	150	99	98	97	95	94	93	90	89	88	87	86	84	78	77	76	74	72	71	69	67	65	63	59	57	54	51	50	2	1	2	3	2	1	1	1	2	1	2	1	1	2	1	1	1	1	2	1	2	1	2	1	1	2	2
24	150	94	93	92	91	86	85	84	82	80	79	77	76	74	73	72	71	70	67	63	62	56	55	53	52	1	1	2	1	1	3	1	2	1	2	1	1	2	1	1	1	1	1	2	3	2	4	2	3
27	150	97	93	92	91	90	89	88	87	85	84	83	82	80	79	78	77	76	70	69	68	66	65	62	60	58	55	50	1	3	1	1	3	1	1	2	1	3	2	1	1	2	1	1	1	1	1	1	2	1	2	1	3	1	1
21	150	97	96	94	90	89	87	82	81	80	79	76	70	69	67	62	61	60	59	58	52	51	1	2	2	2	3	1	1	2	3	1	1	3	1	1	1	1	4	2	2	3	3
