10
32	100	96	95	93	88	83	76	72	70	67	64	62	60	59	58	56	55	47	40	38	34	31	22	21	20	17	15	11	10	8	7	6	2	2	1	1	1	2	1	1	1	2	1	2	1	1	1	2	1	1	1	2	1	1	2	2	1	1	1	1	1	1	1	1	1
34	100	97	95	93	90	88	85	80	78	77	76	75	74	72	69	64	63	57	51	48	46	41	40	39	37	32	30	29	26	21	17	14	12	8	7	1	1	1	1	1	1	1	1	2	1	2	2	1	1	2	2	1	1	1	1	1	1	1	1	1	1	1	1	1	2	1	1	1	1
35	100	99	96	92	82	79	77	76	66	61	59	55	53	51	50	44	40	39	37	36	33	32	31	29	27	25	23	20	17	14	13	11	10	4	2	1	1	2	1	1	1	1	1	1	1	2	1	1	1	1	2	1	1	1	1	1	1	1	1	1	1	1	1	2	1	1	1	1	1	2	1
31	100	99	98	95	93	92	90	87	86	84	71	68	66	65	63	60	56	54	46	44	39	38	36	33	31	29	19	15	12	10	8	3	1	1	1	1	1	2	1	3	1	2	1	1	1	1	2	1	1	2	1	1	1	2	1	1	2	1	1	1	1	1	2
33	100	87	82	81	78	75	72	68	67	64	55	54	46	45	38	37	36	34	33	29	28	27	23	18	17	16	15	9	8	6	4	3	2	1	1	1	2	1	1	1	1	1	1	1	1	3	1	1	2	2	1	1	1	1	1	1	1	2	1	1	1	1	1	1	1	1	2
36	100	97	95	89	88	83	82	81	80	78	68	67	64	63	62	61	57	53	52	45	39	35	34	32	31	29	28	27	25	21	16	15	11	9	8	5	2	1	1	2	1	1	1	1	1	1	1	1	1	1	2	1	1	1	1	1	2	1	1	1	1	1	1	1	1	1	2	1	1	1	1	1	1
32	100	94	91	90	88	86	83	77	76	74	66	64	61	60	58	56	55	53	50	49	47	44	40	39	34	31	22	20	19	16	15	13	12	1	1	1	1	2	1	1	2	1	1	1	1	1	1	1	2	1	2	1	1	1	1	2	2	1	1	1	2	1	1	2	1
30	100	99	98	93	89	87	85	83	82	79	78	77	68	66	65	60	59	54	49	48	39	37	34	33	28	27	24	21	19	5	4	1	1	1	1	1	1	2	2	3	1	1	2	2	1	1	1	1	2	1	1	1	1	1	1	2	2	2	1	1	1
34	100	97	95	93	91	90	89	84	82	81	78	76	72	67	62	59	56	55	52	51	43	38	37	34	32	31	26	23	22	19	10	9	5	4	2	1	1	2	2	1	1	2	1	1	1	1	1	1	2	1	1	1	1	1	1	1	2	1	1	1	1	1	1	1	1	2	1	1	1
35	100	98	95	94	93	91	89	84	83	80	79	77	76	72	71	70	69	66	65	60	59	58	56	51	49	37	35	33	29	27	23	20	15	10	5	4	1	1	1	1	1	1	1	1	1	1	1	1	1	2	1	1	1	1	1	2	1	1	1	1	2	2	1	1	1	1	1	1	1	2	1
