10
27	100	99	98	97	94	93	92	91	90	89	87	86	85	83	82	80	74	71	69	67	64	63	59	57	55	52	51	50	1	3	1	1	1	1	1	1	2	2	1	1	2	1	1	1	3	1	2	1	2	2	1	2	2	1	2
25	100	98	97	95	93	92	91	89	85	81	79	76	73	71	69	68	65	64	61	60	58	56	54	53	52	50	1	2	1	2	1	3	1	1	1	1	1	2	3	2	1	2	2	3	2	2	1	1	1	2	1
29	100	99	98	97	95	94	92	91	90	84	81	80	79	78	77	75	71	69	68	65	64	63	61	60	59	58	57	54	53	51	2	1	1	2	1	2	1	1	4	2	1	1	2	1	1	1	2	1	2	1	1	1	2	1	1	1	1	1	1
27	100	99	98	95	93	88	87	86	85	84	80	79	78	77	75	73	72	71	68	67	66	64	63	58	57	55	54	52	2	1	1	1	1	2	2	3	1	1	1	1	1	2	2	1	1	1	1	1	3	2	1	1	1	4	1
29	100	98	96	93	91	90	87	86	84	82	81	80	79	75	74	72	71	70	69	66	62	60	59	58	57	56	55	53	52	50	1	1	1	3	1	1	1	1	3	1	2	1	1	1	2	1	1	2	1	2	1	1	1	2	2	1	1	2	1
31	100	96	95	91	90	89	88	87	84	83	82	81	80	78	77	74	73	72	71	69	66	65	63	60	59	58	56	54	53	52	51	50	1	1	1	2	1	1	1	1	2	2	1	1	2	1	2	1	1	1	1	2	2	2	1	1	1	1	2	1	1	1	1
27	100	99	96	95	89	85	83	80	79	74	73	72	71	69	68	67	65	63	62	61	60	59	58	57	56	54	53	50	1	2	2	2	1	3	1	1	1	2	2	2	1	1	1	2	2	1	1	1	1	2	1	1	3	1	1
28	100	99	97	96	92	91	90	89	87	86	85	83	82	81	78	76	73	72	70	69	66	64	63	61	59	58	56	54	50	1	1	2	1	1	2	1	1	1	1	1	2	1	1	4	2	2	1	1	2	1	2	1	3	1	1	1	1
29	100	99	97	93	92	91	90	88	87	85	83	82	80	79	75	74	73	72	71	69	68	66	65	63	58	56	55	54	51	50	2	1	2	1	1	1	1	3	2	1	1	1	1	1	1	2	1	1	1	2	1	2	2	2	1	1	1	1	2
28	100	99	98	97	96	94	93	91	87	85	82	80	77	76	75	72	71	70	66	65	63	62	60	59	57	55	53	51	50	3	1	1	1	1	1	1	1	2	2	2	2	1	1	1	1	1	1	3	1	2	3	1	1	2	1	1	1
