10
29	150	99	97	96	94	93	91	84	83	81	76	72	68	65	64	59	53	51	47	46	40	39	38	37	35	31	28	27	25	23	2	1	2	1	1	1	2	1	1	1	1	1	1	2	2	3	1	1	2	1	1	1	1	2	1	3	1	1	1
30	150	93	92	91	90	88	83	80	73	70	67	65	61	59	58	55	54	50	47	45	40	39	37	30	28	27	26	25	24	23	22	2	1	1	1	1	1	1	1	3	2	2	1	1	1	1	3	1	1	1	1	1	1	1	1	2	1	2	1	2	1
30	150	98	97	91	90	88	82	81	78	77	76	75	74	71	68	67	66	64	62	60	55	54	50	48	44	40	35	34	33	27	20	1	1	1	1	1	1	2	1	1	1	1	1	2	4	1	1	1	2	2	1	1	1	1	1	1	3	1	1	2	1
32	150	98	96	94	92	91	88	87	80	77	71	70	69	68	66	63	62	59	58	56	55	50	49	47	45	39	36	34	29	28	27	26	23	1	1	1	1	2	1	1	2	1	1	1	1	1	1	1	2	2	1	1	3	1	1	1	1	1	1	2	1	2	1	1	1
34	150	98	97	96	93	91	90	84	83	80	79	74	73	71	70	66	63	60	58	57	55	52	50	49	43	39	37	35	34	33	32	29	28	27	25	1	1	1	1	1	2	1	1	1	1	1	1	1	1	3	1	1	1	1	1	1	1	1	1	1	2	2	1	1	1	1	2	1	1
33	150	99	91	90	89	83	82	79	78	77	75	74	73	72	68	67	64	60	59	58	57	56	54	52	51	49	42	40	28	26	25	23	22	20	2	2	1	2	1	2	1	2	1	1	1	1	1	1	1	1	1	1	1	1	1	1	1	1	2	1	1	1	1	1	1	1	2
32	150	98	97	93	92	91	89	87	82	80	79	76	73	70	69	68	65	56	54	53	52	49	48	47	42	39	36	33	31	29	27	26	24	1	2	1	1	1	2	2	2	2	1	1	1	2	1	1	1	2	1	1	1	1	1	1	1	1	1	1	1	2	1	1	1
34	150	99	92	90	89	87	83	82	80	78	77	75	69	68	67	66	64	63	60	59	58	56	55	54	53	51	50	45	42	41	39	36	32	31	26	1	1	1	1	2	1	1	1	2	1	1	1	1	1	1	2	1	1	1	1	1	1	1	1	1	1	2	2	1	2	1	1	1	1
30	150	99	98	96	95	92	87	83	82	76	75	72	71	70	68	65	64	63	61	54	46	45	43	41	37	35	34	33	28	24	21	1	1	2	3	1	1	2	2	2	1	2	1	1	1	1	1	1	1	1	1	1	1	2	1	1	2	1	1	1	2
34	150	98	97	95	93	91	85	81	78	75	73	72	71	69	68	67	65	61	60	56	51	48	47	46	39	37	36	34	33	31	27	26	23	22	20	1	1	1	1	2	1	1	1	2	1	1	1	1	1	1	1	1	2	1	2	1	1	1	1	1	1	1	2	1	1	1	1	1	2
