10
30	150	94	92	91	86	78	77	71	70	69	63	60	55	54	52	50	48	47	46	45	44	41	31	27	22	17	14	13	12	3	1	1	1	2	1	1	1	1	1	1	1	3	1	2	1	1	1	1	1	1	2	2	1	1	1	1	1	3	1	2	2
31	150	94	90	84	83	82	76	72	62	61	59	58	52	42	39	32	31	28	25	21	20	19	17	15	13	12	8	7	4	3	2	1	1	1	1	1	1	2	1	1	1	2	1	2	1	1	1	2	2	1	1	1	1	2	2	1	1	1	1	1	2	1	2
35	150	99	97	96	94	89	86	85	82	78	76	74	72	66	65	64	62	49	46	33	29	28	27	24	22	20	19	17	16	15	14	10	9	4	3	1	1	1	1	1	1	1	3	1	1	3	1	1	1	1	1	1	1	1	1	1	1	1	1	1	1	1	1	1	1	1	2	1	1	1	1
28	150	97	95	94	91	90	89	88	77	61	57	54	52	49	45	43	42	40	37	33	29	28	27	17	16	13	8	4	2	2	2	1	1	1	3	1	1	1	1	1	1	1	1	2	1	2	1	1	2	1	2	1	2	2	1	1	3
34	150	95	88	86	85	78	73	70	69	66	62	59	57	56	53	50	47	46	45	43	40	38	31	30	29	26	24	23	19	14	13	10	8	7	1	2	1	1	1	1	1	1	2	1	1	2	1	1	1	1	1	1	1	2	1	1	1	1	1	1	1	2	2	1	1	1	1	1	1
32	150	94	88	86	84	83	82	80	77	74	72	71	64	63	62	54	53	48	47	46	43	37	32	31	28	22	21	20	19	17	15	11	7	1	3	1	2	1	1	1	1	2	2	1	1	1	1	1	2	1	1	2	1	1	1	1	1	2	1	1	1	1	1	1	1
36	150	96	94	93	91	80	78	77	76	74	72	71	65	63	62	61	60	54	53	51	50	49	47	44	43	40	38	32	28	21	20	17	14	12	11	3	2	1	1	1	1	1	1	1	1	1	1	1	1	1	1	1	2	1	1	1	1	2	1	1	2	1	1	1	1	1	1	1	1	2	1	1	1
34	150	98	97	88	75	72	68	67	66	65	62	60	55	51	50	49	46	43	41	38	35	34	30	29	28	26	25	23	17	16	13	9	8	6	1	2	1	2	1	1	1	1	1	1	1	1	1	1	1	1	1	1	1	1	1	2	2	1	1	2	1	1	1	1	2	1	1	1	1
35	150	97	96	95	93	92	89	88	87	85	82	81	75	72	70	64	60	57	55	54	53	51	50	47	46	40	39	38	29	26	22	15	13	12	4	2	1	1	2	1	1	1	1	1	1	1	1	1	1	1	1	1	1	2	1	1	1	2	1	2	1	1	1	1	1	1	1	2	1	1	1
33	150	94	90	87	74	71	70	63	62	59	58	56	53	49	48	46	41	39	37	32	31	28	27	24	22	19	16	14	13	9	7	6	5	1	1	2	1	1	1	1	1	1	1	1	1	1	2	1	1	2	1	1	2	2	1	1	2	1	1	1	1	1	1	1	1	1	2
