10
30	120	99	97	95	94	93	89	87	84	82	81	80	79	70	69	68	66	65	64	63	62	61	59	58	57	56	55	54	53	52	51	1	1	1	1	1	1	2	1	1	1	1	3	1	1	1	2	3	1	1	1	1	1	2	1	1	1	1	3	2	1
28	120	99	96	94	93	92	91	90	89	87	82	81	80	78	77	76	75	72	71	68	67	63	62	57	55	54	53	52	51	1	1	1	2	3	1	1	1	2	1	2	2	1	2	1	3	1	1	1	2	1	2	1	1	1	2	1	1
27	120	97	96	91	89	88	87	86	84	83	78	77	74	71	69	68	67	66	63	61	60	59	57	56	54	53	52	50	2	1	1	1	1	1	2	1	2	1	1	2	1	3	1	1	1	1	2	2	1	1	2	2	4	1	1
28	120	98	97	96	95	93	92	91	89	85	84	81	80	78	77	76	75	74	73	71	67	66	65	63	60	56	55	53	50	1	2	1	4	1	1	2	1	1	1	1	1	1	1	2	1	1	1	1	1	1	1	3	4	1	1	1	2
26	120	98	96	95	92	91	89	88	87	86	85	83	81	80	79	77	74	73	65	64	62	58	55	54	53	51	50	1	1	2	2	1	2	2	1	1	1	1	1	1	2	1	1	1	1	2	2	2	6	1	1	2	1
27	120	99	98	96	94	93	90	83	82	80	78	77	76	75	74	71	70	69	68	66	65	63	62	59	57	55	54	52	1	3	1	1	1	1	2	1	3	1	2	1	2	1	1	1	1	2	1	3	4	1	1	1	1	1	1
30	120	98	97	96	94	93	92	91	89	88	87	86	85	82	80	78	77	74	70	67	65	63	62	60	59	57	56	54	53	52	51	3	1	1	1	1	1	2	1	1	1	1	1	1	1	1	1	1	1	1	1	1	1	2	1	3	1	1	3	2	2
28	120	99	97	95	94	93	91	88	87	86	83	82	81	80	79	78	75	74	72	71	69	68	67	60	57	56	55	54	51	3	2	1	2	1	1	1	1	1	2	1	3	1	1	1	1	1	1	2	2	2	2	2	1	1	1	1	1
28	120	97	96	94	90	89	88	86	85	84	82	80	78	76	74	72	70	69	67	62	58	57	56	55	54	53	52	51	50	1	1	1	1	1	1	1	2	2	2	1	2	2	1	2	1	1	1	2	1	1	3	1	1	2	2	1	2
26	120	96	94	92	90	89	87	86	81	80	78	76	74	72	71	68	67	66	65	64	62	60	59	58	54	53	50	3	2	1	2	2	2	1	2	1	1	1	1	1	1	1	1	1	4	1	1	2	2	1	1	3	1
