10
36	120	92	91	89	86	85	84	78	73	70	67	65	63	61	60	59	57	54	53	44	40	39	37	35	34	33	30	27	25	20	18	14	12	10	8	5	3	1	1	1	1	1	1	1	1	1	1	1	1	1	1	1	1	1	1	1	2	1	1	1	1	1	3	1	1	1	1	1	1	1	1	1	2
32	120	99	98	96	93	87	83	82	79	76	75	68	67	64	60	57	55	52	50	48	42	40	36	33	30	27	23	21	19	18	13	10	5	2	1	1	2	1	1	1	2	1	1	1	1	1	2	2	1	1	1	1	1	1	1	1	1	1	3	1	1	1	2	1	1
33	120	97	92	91	90	88	86	85	83	82	81	80	78	77	73	70	56	55	50	49	36	35	29	28	26	25	19	18	14	12	10	5	2	1	1	2	1	1	1	1	2	2	1	2	1	1	1	1	1	1	1	1	1	1	1	1	1	2	1	2	2	1	1	1	1	1	1
33	120	96	93	90	89	88	87	83	81	79	73	66	61	60	59	56	49	43	38	37	34	32	30	29	25	24	22	21	18	17	14	7	3	1	1	2	1	1	1	1	1	1	1	1	2	1	1	1	1	1	3	1	1	1	1	3	1	2	1	1	1	1	1	1	1	1	1
34	120	99	98	96	95	90	89	88	86	85	84	82	78	74	73	70	68	67	60	53	48	44	42	39	29	28	25	17	16	13	9	6	4	3	1	1	1	1	1	1	1	1	1	1	1	1	2	1	1	1	1	1	1	1	3	1	1	3	1	1	1	1	1	1	1	1	1	2	1
37	120	99	95	90	89	88	87	86	81	79	73	72	71	70	69	66	61	56	55	52	50	47	46	44	43	42	41	34	26	24	22	21	17	16	15	9	8	3	1	1	1	1	1	1	1	1	1	1	1	1	2	1	2	1	1	1	1	1	1	1	1	1	1	1	1	1	1	2	1	1	1	1	1	1	1
32	120	99	95	94	80	79	76	71	70	69	67	66	65	59	55	53	52	50	47	44	43	33	27	26	24	23	14	10	8	5	4	2	1	1	1	1	1	1	2	1	1	1	2	1	1	2	1	1	1	1	2	1	2	3	2	1	1	1	1	1	1	1	1	1	1
32	120	93	90	84	83	79	77	70	69	68	66	64	63	61	59	56	54	51	45	43	37	36	34	32	26	23	22	15	12	8	5	4	2	2	1	1	2	1	1	1	2	2	1	1	1	1	2	1	1	2	1	1	1	2	1	1	1	1	1	2	1	1	1	1	1
32	120	97	96	88	85	83	80	79	78	74	73	64	63	61	59	57	56	51	42	41	40	39	34	33	32	31	29	28	16	13	6	5	4	2	1	1	1	1	2	1	1	2	1	1	1	1	1	2	1	2	2	1	1	1	2	1	1	1	2	1	1	1	1	1	1
31	120	98	96	95	94	90	87	85	79	75	74	69	68	67	54	53	50	49	47	45	42	35	29	28	24	19	17	14	13	10	6	5	1	1	1	1	1	1	1	3	1	2	1	3	1	1	1	1	1	2	1	1	1	2	1	1	2	1	1	1	1	2	1
