10
35	120	97	96	95	87	79	78	74	72	71	70	69	67	66	65	64	62	61	60	59	56	53	50	49	48	47	45	44	38	35	34	30	29	28	22	20	1	1	1	1	2	1	1	1	1	2	1	1	1	1	1	1	1	1	1	2	2	1	1	1	1	1	2	1	1	1	1	1	1	1	1
29	120	95	94	89	87	86	78	74	73	71	70	66	64	57	54	51	45	44	41	37	36	35	34	32	31	29	27	26	22	20	1	1	1	1	2	1	2	3	2	2	2	1	1	1	3	1	1	1	1	1	2	2	1	1	1	1	1	1	1
29	120	97	94	89	88	84	80	79	76	75	74	73	69	68	63	62	60	58	56	48	38	37	36	31	29	28	26	23	22	21	2	1	1	1	2	1	2	1	1	1	2	1	1	1	1	1	2	1	1	2	1	1	2	1	1	1	1	4	2
29	120	94	91	89	85	84	83	81	80	76	74	71	70	67	66	63	60	59	58	56	54	50	47	43	40	39	38	34	22	21	3	1	1	2	2	1	1	2	2	1	1	2	1	1	1	1	1	1	2	1	1	1	3	1	2	1	1	1	1
31	120	94	93	90	84	81	79	78	77	74	73	72	71	70	67	65	64	61	60	56	55	49	42	38	37	36	33	29	26	24	23	21	2	1	1	1	1	1	1	1	1	4	1	2	2	1	1	1	1	1	3	1	1	1	2	1	1	1	1	1	1	1	1
29	120	98	94	93	86	84	79	78	77	76	75	74	71	66	65	64	63	62	61	59	48	45	39	36	35	34	30	27	21	20	1	1	1	3	1	1	1	2	1	1	2	2	1	1	2	1	3	1	1	1	1	1	2	2	1	1	1	1	2
34	120	99	96	94	91	87	86	83	82	80	79	77	74	71	70	68	57	55	52	51	49	48	45	42	41	37	36	34	33	32	29	27	24	23	21	2	1	1	1	3	1	1	1	2	2	1	1	1	1	1	1	1	1	1	1	1	1	1	1	1	1	1	1	1	1	1	1	2	1
30	120	93	90	89	85	82	76	74	70	68	66	63	62	57	54	50	47	46	45	44	43	42	41	40	38	32	31	30	28	27	21	1	1	1	2	2	1	1	1	1	2	1	2	1	1	2	1	2	1	1	2	1	1	1	2	1	1	1	1	2	2
30	120	98	97	93	92	90	89	88	87	83	77	75	66	64	61	60	53	51	48	47	46	45	42	40	37	35	26	25	22	21	20	1	1	1	1	1	2	1	1	3	1	1	1	2	2	1	1	1	1	2	1	1	1	1	1	1	2	1	1	3	2
31	120	99	96	95	91	84	82	81	79	76	72	71	70	68	63	61	60	54	52	50	48	47	45	41	40	38	37	30	29	25	24	22	3	1	1	1	1	1	2	1	1	1	1	1	1	1	1	2	1	1	1	1	2	1	1	1	2	1	2	1	2	2	1
