10
32	200	95	94	91	90	87	84	82	75	71	68	66	58	57	56	44	43	40	39	38	37	36	35	32	30	26	25	23	22	20	13	4	1	1	1	1	1	2	1	1	2	1	1	2	1	1	1	2	1	1	2	2	2	1	1	1	1	1	1	1	2	1	1	1	1
30	200	97	92	89	88	87	79	72	68	61	53	50	48	47	44	41	35	31	30	29	28	25	21	20	16	11	10	8	6	3	2	1	1	1	2	1	1	2	1	2	1	2	1	1	1	1	3	1	1	2	1	1	2	1	1	1	1	2	1	1	2
35	200	96	92	90	87	86	81	80	73	71	66	61	53	51	49	48	47	46	45	42	41	34	33	30	27	25	24	19	16	15	13	11	8	6	5	1	1	1	1	1	1	1	1	2	1	1	1	1	2	2	1	1	1	1	1	1	1	2	1	1	1	1	2	1	1	1	1	1	1	1	1
32	200	95	83	82	81	77	75	74	69	68	66	63	60	59	58	52	44	41	39	35	34	29	27	26	25	23	16	15	11	10	8	6	2	2	2	1	1	2	1	2	1	2	1	1	1	1	1	1	1	1	1	1	1	3	1	2	1	1	1	1	1	1	1	1	1
34	200	99	98	92	90	89	88	87	84	83	79	78	74	69	68	66	65	62	44	35	34	33	32	31	29	28	24	21	15	13	9	8	4	2	1	1	2	2	2	1	1	1	1	1	1	1	1	2	1	1	1	1	1	1	3	1	1	1	1	1	1	1	1	1	1	1	1	1	1
35	200	99	98	91	90	87	82	80	78	76	74	71	69	66	62	60	58	54	52	50	49	41	38	34	31	28	25	24	22	21	18	12	11	10	7	1	1	1	1	1	1	1	2	1	1	1	1	1	1	1	1	1	1	2	1	1	1	2	1	2	1	1	1	1	1	1	1	1	2	1	1
30	200	99	96	95	94	90	88	79	74	70	55	49	45	44	42	40	39	36	31	29	27	25	24	23	20	18	17	16	10	8	5	2	1	1	1	1	1	1	1	1	1	2	1	2	3	1	1	1	2	2	1	1	1	2	1	1	1	1	2	2	1
34	200	99	97	93	91	89	86	81	79	74	71	70	69	68	65	64	63	60	59	58	55	52	50	46	45	44	43	40	38	36	34	29	23	11	8	2	2	1	1	1	1	1	2	1	1	1	1	1	2	2	1	2	1	1	1	1	1	1	1	1	1	1	1	1	1	1	1	1	1
34	200	99	98	96	93	90	88	83	80	71	67	65	62	58	56	54	53	52	51	47	44	42	41	40	38	31	29	26	25	19	18	16	13	10	8	1	1	1	1	1	2	1	1	1	1	2	1	1	1	2	2	1	1	1	1	1	1	1	1	1	2	1	2	1	1	1	1	1	1
35	200	98	90	87	85	83	80	78	71	70	66	64	63	61	59	54	53	52	51	49	48	47	42	41	40	36	23	19	17	13	12	11	10	9	8	1	1	2	1	1	1	1	1	1	1	1	1	1	2	1	2	1	1	1	1	1	1	1	1	1	1	1	1	1	1	1	3	1	1	1	1
