10
31	200	99	98	95	94	93	92	90	89	87	86	85	82	81	80	79	76	75	74	73	71	70	68	67	65	64	63	61	59	57	53	52	2	2	1	1	1	2	1	2	1	1	1	2	1	1	1	1	1	3	1	1	1	1	2	1	1	1	1	1	1	2	1
29	200	99	97	96	95	94	92	91	90	89	86	84	81	78	77	75	73	72	70	68	65	64	62	61	60	59	58	55	53	50	2	1	2	4	1	1	1	3	1	1	2	1	1	1	1	1	1	1	2	1	1	2	1	1	1	1	1	1	2
29	200	99	98	97	94	92	90	89	88	85	84	83	82	80	79	78	74	73	72	71	70	65	64	63	60	58	57	53	51	50	1	1	1	1	1	1	2	1	2	4	2	1	2	1	2	2	1	1	1	1	1	1	3	1	1	1	1	1	1
28	200	99	98	96	94	92	91	90	88	84	82	81	80	79	74	71	70	69	68	66	65	63	62	61	60	59	57	54	51	1	1	2	1	1	2	1	1	1	1	1	1	1	1	3	2	1	1	2	1	2	3	4	1	1	1	1	1
27	200	98	95	94	92	91	89	87	86	85	83	82	80	79	75	74	70	67	66	64	63	60	58	55	54	53	52	50	1	1	3	1	1	1	1	1	1	1	1	1	2	1	2	1	1	2	1	2	2	2	1	2	1	5	1
24	200	95	90	89	88	87	85	84	81	79	78	77	76	74	71	68	64	63	62	59	58	56	53	51	50	3	1	1	2	1	2	2	2	1	1	1	1	2	1	3	1	2	1	1	1	2	2	3	3
27	200	98	97	96	95	92	91	89	88	86	84	83	80	76	75	74	72	71	66	63	62	60	59	56	55	54	53	50	2	1	1	2	1	1	3	1	1	2	3	1	1	1	4	1	1	2	1	2	1	1	2	1	1	1	1
27	200	96	93	91	89	87	86	82	80	77	76	74	73	72	71	70	69	68	67	66	64	61	59	55	54	53	52	50	1	1	1	1	3	1	2	2	2	1	1	1	2	4	1	1	2	1	2	1	1	1	1	1	2	1	2
30	200	96	94	92	91	89	88	84	82	81	80	79	78	77	75	74	73	71	70	69	67	66	65	64	63	61	57	56	54	53	50	1	1	2	1	1	1	1	1	1	1	2	1	2	2	2	1	2	2	1	1	1	1	1	2	1	1	3	1	1	1
25	200	97	96	95	94	92	86	85	84	82	81	80	79	78	75	72	70	68	67	66	65	63	54	53	51	50	2	1	1	1	1	2	4	1	3	1	1	1	3	1	2	1	2	1	3	2	2	1	1	1	1
