10
32	200	96	92	91	89	87	84	81	78	73	71	70	69	68	67	64	59	58	55	53	51	49	48	41	40	38	37	35	34	33	32	28	27	1	1	2	1	1	1	1	1	1	2	2	1	1	2	1	1	1	1	1	1	1	1	2	3	1	1	1	1	2	1	1	1
33	200	99	95	94	91	90	89	88	85	84	80	73	69	66	64	59	57	55	54	51	49	45	43	41	40	38	37	33	32	30	29	23	22	21	1	1	1	1	1	1	1	2	1	2	1	1	1	1	1	1	1	2	1	1	1	2	1	1	1	1	2	1	1	1	1	3	1
30	200	99	98	95	94	89	88	81	80	78	74	73	68	67	62	54	52	51	50	47	46	44	43	42	41	39	37	31	27	23	22	1	1	3	2	2	2	1	2	1	2	1	1	2	2	1	1	1	1	1	1	1	1	1	1	1	1	1	1	1	2
33	200	99	98	96	95	92	86	85	78	77	75	73	70	67	65	62	56	55	51	48	47	46	45	42	41	37	35	33	31	30	28	24	22	21	1	1	2	1	1	1	1	3	1	1	1	1	1	1	1	2	1	1	1	1	1	2	1	1	1	1	2	1	2	1	1	1	1
35	200	99	97	96	95	91	87	86	85	82	78	77	76	73	71	69	67	65	64	54	53	51	48	45	44	42	40	37	36	30	27	25	23	22	21	20	1	1	1	1	1	1	1	1	2	2	1	1	1	1	1	1	1	1	1	1	1	3	1	1	1	1	1	1	1	1	1	1	1	1	2
32	200	99	98	96	95	94	91	90	87	86	85	84	82	81	80	78	75	74	70	62	61	58	56	55	54	49	48	43	40	28	26	25	20	1	1	1	2	2	2	1	1	1	1	1	2	2	1	1	1	1	1	1	1	1	4	1	1	1	1	1	1	1	1	1	1
32	200	99	96	93	91	90	88	87	85	83	82	79	76	74	69	67	66	64	63	61	59	58	52	49	45	43	40	39	36	33	28	27	26	1	1	1	1	1	1	1	1	2	1	2	1	2	1	2	1	2	1	1	2	2	1	1	1	2	1	1	1	1	1	1	1
33	200	99	96	95	91	87	86	85	82	78	75	72	71	70	68	67	64	61	58	57	55	54	53	50	47	44	41	36	33	31	30	26	24	20	1	1	1	1	1	2	1	1	2	2	1	1	1	2	2	1	1	1	1	1	1	1	1	1	1	2	1	1	1	1	1	1	2
34	200	99	98	96	94	93	91	89	86	78	77	75	70	68	67	65	64	63	55	54	51	49	48	46	45	44	43	40	39	36	32	30	26	23	22	2	1	2	1	1	1	1	1	1	2	1	1	1	1	2	1	1	1	1	1	1	2	1	1	1	1	1	1	1	1	2	1	1	1
33	200	97	92	91	90	89	86	85	84	81	80	78	74	73	68	64	63	60	58	57	55	53	52	50	48	46	45	37	36	34	32	30	25	23	2	1	1	1	1	1	1	2	1	2	1	1	1	1	2	1	1	1	1	2	1	1	1	1	1	1	1	1	2	2	1	1	1
