10
32	300	94	90	85	80	76	75	74	72	68	59	56	55	51	50	44	43	42	39	38	37	35	34	28	27	24	21	18	13	11	10	5	2	1	1	2	1	1	1	1	1	1	1	2	1	1	3	1	1	1	1	1	1	1	1	2	1	1	1	2	1	1	2	1	2
32	300	97	91	86	81	77	76	70	69	64	58	57	56	55	54	52	50	46	44	43	39	38	37	36	35	34	28	24	20	13	12	7	5	2	1	1	1	1	1	1	1	1	1	1	1	1	1	1	2	1	1	1	2	1	1	2	2	1	1	1	2	1	3	1	1
34	300	97	95	94	93	91	90	87	85	84	81	76	75	73	66	63	62	61	55	54	53	52	46	43	40	36	34	28	23	21	14	10	8	5	4	1	1	1	1	1	1	1	1	1	1	2	1	1	1	2	1	1	1	1	3	2	1	1	2	1	1	1	1	1	1	1	1	1	1
35	300	98	97	96	94	93	92	88	86	85	84	80	78	75	74	70	66	65	58	57	53	52	49	44	31	30	29	25	21	20	19	12	11	8	4	3	1	1	2	1	1	1	1	1	1	1	2	1	2	1	1	1	1	1	2	1	1	1	1	1	1	1	1	1	1	1	1	2	1	1	1
32	300	97	93	88	86	83	82	79	75	74	73	72	68	67	66	53	52	46	42	38	37	34	28	27	26	21	17	14	12	11	9	8	1	3	1	1	1	1	1	1	1	1	1	1	1	1	2	1	2	1	1	2	1	1	1	1	1	1	2	3	1	1	1	1	1
30	300	98	94	93	92	89	88	87	85	75	70	65	60	59	53	51	46	39	38	36	32	30	29	26	21	18	17	11	6	3	1	1	1	2	1	1	1	1	1	1	1	1	1	2	1	1	2	3	2	1	1	2	1	1	2	2	1	2	1	1	1
33	300	99	96	94	93	86	84	78	76	75	69	67	63	59	57	55	54	52	51	50	48	42	35	34	33	29	28	20	18	17	15	10	6	2	1	2	1	1	1	1	1	1	1	1	3	1	2	1	1	1	1	1	1	1	1	1	1	1	3	1	1	1	1	1	1	2	1
29	300	96	95	94	83	80	78	73	71	70	67	63	54	53	52	46	45	44	39	36	35	31	30	29	28	26	19	16	14	1	1	2	1	5	1	1	1	1	1	2	1	1	2	1	1	1	1	1	1	1	1	1	1	2	1	3	2	1	1
32	300	98	97	93	90	87	81	76	74	69	68	66	63	62	58	57	54	53	50	46	36	34	33	29	28	25	22	19	15	9	8	3	2	2	1	1	1	1	3	1	1	2	2	1	1	2	1	1	1	2	1	1	1	1	1	1	2	1	1	1	1	1	1	1	1
32	300	99	93	92	90	87	83	82	81	78	73	70	67	66	53	49	48	46	43	42	41	39	37	34	31	30	24	20	14	10	5	4	2	2	1	1	1	2	1	2	1	1	2	1	1	1	1	3	1	1	1	1	1	3	1	1	1	1	1	1	1	1	1	1	1
