10
27	300	99	98	97	96	92	90	85	83	79	78	77	74	70	69	68	67	66	65	64	63	60	59	57	55	54	52	51	2	1	1	2	1	2	1	1	2	1	1	2	2	2	1	2	1	2	1	1	2	2	1	2	1	1	2
27	300	99	96	95	94	91	89	87	84	79	78	76	75	71	70	69	68	67	62	61	60	58	57	56	55	52	51	50	1	2	2	2	1	1	1	3	2	1	1	2	1	2	1	2	1	1	2	3	1	1	1	1	2	1	1
32	300	98	95	94	88	87	86	84	83	82	81	80	79	78	77	75	74	73	72	71	70	69	68	65	64	63	61	60	59	58	53	52	51	1	1	1	1	1	1	1	1	1	1	1	1	2	1	1	1	1	2	1	3	1	2	1	2	1	1	2	1	1	1	1	2
25	300	96	94	93	92	91	90	89	87	85	84	82	80	77	75	74	70	68	65	64	63	61	56	54	51	50	1	2	2	1	2	3	1	1	3	1	2	1	2	2	2	1	1	1	1	2	1	1	1	2	3
30	300	99	98	97	94	90	89	88	87	86	85	83	81	79	78	75	73	72	66	65	64	61	60	59	58	57	56	55	54	53	52	1	1	1	1	1	1	4	1	1	1	1	1	1	2	1	1	1	3	1	1	2	1	2	1	2	1	1	1	2	1
28	300	97	96	95	93	92	91	87	84	83	81	76	75	73	72	71	69	67	66	65	64	62	60	59	58	56	53	51	50	1	1	2	2	2	4	1	1	2	1	3	2	1	1	1	1	1	1	1	1	1	1	1	1	2	1	1	2
32	300	98	96	95	94	93	89	88	87	86	83	81	80	79	78	77	75	74	73	72	71	67	66	65	64	61	60	58	56	53	52	51	50	1	2	1	1	1	1	1	1	1	2	1	2	1	2	1	1	1	3	1	1	1	1	1	1	1	2	2	1	1	1	1	1
29	300	99	98	96	95	94	93	91	89	88	86	85	82	79	76	75	74	72	71	67	66	63	60	59	57	56	54	53	52	50	2	1	1	1	1	1	2	1	2	2	1	2	1	2	1	1	2	1	1	1	1	1	1	2	2	1	2	2	1
29	300	99	96	95	93	87	85	84	83	81	80	79	78	74	73	72	71	70	67	66	65	63	62	61	60	59	58	57	56	50	1	1	1	2	1	2	1	2	1	1	1	1	2	1	2	1	1	1	1	2	1	1	1	4	1	2	1	1	2
26	300	97	95	92	89	87	86	84	80	78	77	76	75	73	72	71	70	67	65	64	63	60	55	54	53	52	50	1	4	2	2	2	1	2	1	1	1	2	1	1	1	1	1	3	2	2	1	1	2	1	1	2	1
