10
34	300	98	94	93	92	86	83	81	80	78	77	75	74	70	69	66	62	60	59	57	55	51	50	48	47	46	43	42	38	37	36	31	27	21	20	2	1	1	1	1	2	1	1	1	1	2	2	1	1	1	1	1	1	1	1	1	1	1	1	1	3	1	1	1	1	1	1	1	1
28	300	94	85	81	75	74	72	70	66	65	63	62	60	57	55	52	51	48	43	39	38	35	33	32	30	29	26	23	21	2	1	1	1	2	1	2	1	3	1	1	1	1	3	2	1	2	1	3	1	1	2	1	1	1	1	1	1
32	300	98	97	95	94	93	91	89	86	85	80	79	76	75	73	71	70	68	61	58	57	55	49	44	42	34	33	29	28	25	24	22	20	1	1	3	1	2	1	1	1	1	1	2	1	1	1	1	2	1	1	1	1	2	1	1	1	1	2	1	2	1	1	1	1
32	300	99	96	95	94	89	88	86	81	79	72	71	67	66	63	56	54	53	51	50	48	46	44	40	38	37	36	34	33	32	30	26	22	1	1	2	1	1	1	1	1	1	1	2	1	1	3	1	1	2	1	1	1	2	1	2	1	1	1	2	1	1	1	1	1
34	300	98	96	94	93	89	86	85	82	79	73	72	71	70	63	59	57	55	49	48	46	44	43	42	41	39	36	33	31	30	29	27	24	22	20	1	1	1	1	1	1	1	1	1	1	1	1	1	2	1	1	2	1	1	1	1	1	1	2	1	1	1	1	2	2	1	1	1	2
31	300	96	95	93	92	91	90	89	86	84	74	73	72	71	69	66	64	59	56	54	53	52	50	49	46	42	40	33	28	27	25	22	1	1	2	1	1	2	1	1	1	1	1	2	1	1	1	1	2	1	1	1	2	1	2	1	2	2	1	1	2	1	1
30	300	92	87	82	80	79	75	73	72	71	69	68	67	65	59	49	48	47	44	42	39	38	37	36	33	30	28	27	25	23	20	1	1	2	1	1	1	1	1	1	1	1	1	2	1	2	1	1	2	2	1	3	2	1	1	2	1	1	2	1	1
27	300	96	94	90	84	82	81	80	78	75	74	73	67	63	60	57	50	48	46	45	40	39	36	32	27	26	25	20	1	1	2	2	1	2	1	1	1	3	1	3	1	1	1	1	2	2	1	2	1	1	2	2	1	1	2
30	300	99	95	94	89	82	79	77	76	74	67	61	57	55	54	52	51	46	44	43	38	35	32	31	30	29	27	25	24	23	21	1	1	1	1	2	1	3	1	1	1	1	1	2	1	1	1	1	1	1	1	1	2	1	1	2	2	1	1	2	3
33	300	96	93	91	86	84	83	82	81	80	79	78	77	69	67	62	59	57	52	50	47	46	43	42	40	39	36	35	29	28	24	23	22	21	1	1	1	1	2	1	1	1	1	1	1	1	1	1	2	1	1	1	1	2	1	2	1	1	1	1	2	1	1	2	1	2	1
