10
34	400	98	97	90	89	85	83	74	72	67	66	65	64	62	60	59	57	55	52	51	50	46	40	33	29	24	23	20	18	15	11	10	8	3	2	1	1	2	1	1	1	1	1	1	1	1	2	2	1	1	1	1	1	1	1	3	1	1	1	1	1	1	1	1	2	1	1	1	1
37	400	95	90	83	82	81	79	77	75	73	71	67	66	65	62	59	58	56	52	50	49	48	47	44	42	41	37	35	31	25	22	19	16	15	13	11	10	7	1	1	1	1	1	1	1	1	1	1	1	1	1	1	1	1	1	1	1	1	1	1	1	2	1	1	1	1	1	1	1	1	1	2	2	1	1
32	400	98	96	95	93	89	79	78	76	75	66	65	64	61	60	53	52	51	45	40	38	36	33	32	28	23	18	16	9	6	5	3	2	3	1	1	1	1	1	2	1	1	1	1	1	3	1	1	1	1	1	1	2	1	2	1	1	1	1	1	1	2	1	1	1
29	400	98	95	93	92	84	83	80	79	78	77	74	69	67	61	57	52	51	49	41	40	34	26	22	19	14	9	8	2	1	1	1	1	1	1	1	1	1	1	1	1	2	1	3	2	1	1	3	2	2	1	1	2	1	2	1	1	2	1
35	400	98	92	87	85	84	80	77	74	72	70	69	66	53	49	47	43	42	41	38	37	36	34	32	31	28	27	26	25	22	19	14	12	7	4	3	1	1	1	1	1	1	1	1	2	1	2	1	1	2	1	1	1	1	1	1	1	2	1	1	1	1	1	1	1	1	1	1	1	2	1
30	400	99	90	89	88	87	85	84	83	79	77	76	75	69	67	55	54	52	45	42	36	33	24	22	18	17	15	10	5	4	3	1	1	1	1	1	1	2	1	1	1	1	1	1	2	1	2	2	1	1	2	2	1	1	1	1	1	3	3	1	1
35	400	98	91	88	85	83	82	81	77	76	74	73	72	64	60	59	56	55	54	53	52	48	45	35	31	21	18	17	15	13	10	8	7	4	3	2	1	2	1	1	2	1	1	1	1	1	2	1	1	1	2	1	1	1	1	1	1	1	1	1	1	1	1	1	1	1	1	1	2	1	1
30	400	99	98	95	87	81	80	77	75	71	69	68	60	59	57	51	46	45	43	38	37	35	34	33	28	26	24	22	21	17	8	2	1	1	1	2	1	2	1	2	1	1	1	1	1	1	2	1	2	1	1	1	1	2	3	1	1	1	1	1	2
32	400	99	98	94	93	90	85	80	76	72	68	65	64	61	55	54	52	43	42	37	36	31	29	25	23	19	13	11	10	9	7	6	3	1	1	2	1	1	1	1	1	1	1	1	2	1	1	2	1	2	3	1	1	2	1	1	1	1	2	1	1	1	1	1	1
35	400	97	96	95	93	92	87	86	85	83	74	72	70	67	63	59	52	49	48	43	40	38	37	34	33	30	29	25	20	18	15	11	10	7	6	1	1	1	2	2	1	1	1	1	1	1	1	1	1	1	1	1	1	1	1	1	2	1	1	1	1	3	1	1	1	1	1	1	1	1	1
