10
26	400	99	97	95	90	89	88	85	84	80	78	77	76	72	71	69	68	66	64	62	61	60	59	58	52	51	50	1	2	1	2	1	2	1	1	1	1	1	1	1	2	3	1	2	1	1	4	2	1	2	2	1	2
27	400	99	96	93	92	90	89	85	83	82	81	79	78	77	76	75	74	72	70	66	65	63	60	57	56	54	53	50	2	1	1	1	1	2	1	1	1	1	1	2	3	1	1	2	2	1	3	1	2	1	2	2	1	1	2
29	400	98	96	93	92	89	88	86	84	82	81	80	78	77	76	73	72	71	70	69	68	67	66	65	60	59	57	56	52	50	1	1	1	2	1	1	1	1	1	1	1	2	1	3	2	1	3	2	1	1	1	1	1	1	1	3	1	2	1
26	400	99	97	96	91	88	87	86	85	83	82	81	79	77	75	74	73	69	64	59	58	57	56	54	53	51	50	2	1	1	2	2	1	1	1	1	2	1	2	2	1	2	1	5	1	2	1	1	2	1	1	2	1
26	400	98	97	96	95	92	91	90	88	87	84	83	82	81	79	77	73	70	68	67	65	64	63	62	57	55	54	2	1	1	1	3	2	1	2	1	1	1	2	1	1	2	2	1	1	2	1	4	1	2	2	1	1
29	400	99	98	96	95	92	89	88	86	83	80	79	78	77	75	73	72	68	67	66	65	64	63	60	59	57	56	55	52	51	1	1	2	1	2	3	2	2	1	1	2	1	1	1	1	2	1	2	1	1	1	1	1	1	2	1	1	1	2
30	400	99	97	95	93	92	90	89	88	86	85	82	81	78	77	76	73	72	71	69	68	67	65	60	59	58	57	56	55	53	51	1	1	1	1	2	2	2	1	1	1	1	1	1	1	1	1	1	1	3	1	1	2	1	3	1	1	1	2	2	1
31	400	99	97	96	95	93	92	91	88	84	83	82	79	78	76	75	74	71	70	68	67	66	65	62	60	59	58	57	54	53	52	51	2	3	1	1	3	1	2	1	2	1	1	1	1	1	1	1	2	1	1	1	1	1	1	1	1	1	1	1	1	2	1
27	400	98	97	93	92	91	90	89	86	85	84	82	77	76	73	70	68	64	63	62	61	59	58	57	56	53	51	50	1	2	1	1	3	1	3	2	1	3	1	1	1	1	1	2	3	1	1	1	1	1	1	2	2	1	1
28	400	98	97	94	93	92	90	88	86	83	82	78	76	74	73	72	71	69	68	67	63	61	57	55	54	53	52	51	50	1	1	1	1	1	2	2	1	2	1	1	1	2	1	1	3	1	1	3	1	1	1	1	2	3	1	2	1
