10
35	400	99	97	91	90	89	88	82	80	76	71	69	68	67	65	63	62	61	60	57	50	43	42	41	40	38	37	36	34	32	31	30	27	24	22	20	1	1	1	1	1	2	1	1	1	2	1	1	1	1	1	1	2	1	1	1	1	1	1	1	1	1	1	3	1	1	1	1	1	1	1
36	400	97	96	95	94	93	92	91	83	82	79	75	74	72	71	70	68	67	65	64	63	62	61	60	58	57	53	42	41	40	39	37	31	29	28	26	25	2	1	1	1	1	1	1	1	1	2	1	1	1	1	1	1	2	1	2	1	1	1	1	1	1	1	1	1	1	1	1	1	1	1	1	1
33	400	98	97	95	94	89	88	86	85	81	80	78	77	74	73	72	71	70	64	62	61	60	59	57	55	54	46	45	44	39	33	32	28	21	1	1	1	1	1	1	1	1	1	2	1	1	1	1	1	1	2	2	1	1	1	1	1	2	1	1	1	2	1	1	1	3	1
30	400	98	94	90	89	88	86	83	82	79	75	74	69	68	67	62	59	55	46	41	40	37	35	33	32	29	28	27	25	23	22	1	2	1	1	1	1	2	1	1	1	1	1	2	1	2	1	1	2	2	1	1	2	3	1	1	1	1	1	1	2
34	400	96	95	94	93	91	90	88	86	80	78	75	74	72	70	68	67	66	62	58	57	56	53	49	46	44	42	41	39	36	29	25	24	21	20	1	1	1	3	1	1	1	1	1	1	1	1	2	1	1	1	1	1	1	2	1	1	1	1	1	1	1	1	1	1	1	1	1	3
29	400	94	93	90	88	87	85	81	80	76	75	74	73	68	64	63	61	59	46	45	44	43	42	39	38	33	32	28	21	20	1	1	1	1	2	1	1	1	1	2	1	2	2	1	2	3	2	1	2	1	1	1	1	2	1	2	1	1	1
33	400	96	95	94	92	90	84	83	82	80	79	78	74	72	71	70	68	65	62	61	60	59	51	50	48	41	39	37	33	32	27	25	24	21	1	1	1	1	1	1	1	1	3	1	2	1	1	2	1	1	1	1	1	1	1	1	1	2	1	1	1	1	1	1	3	1	1
30	400	98	95	94	90	85	83	77	76	72	70	68	65	64	62	60	57	53	50	47	45	44	43	38	37	35	32	31	25	24	22	3	1	1	1	1	1	1	2	2	2	1	1	1	1	1	2	2	1	1	1	1	1	1	1	2	1	3	1	1	1
32	400	97	93	90	88	83	82	81	79	76	73	71	70	67	64	59	55	53	52	51	50	44	41	38	37	36	33	30	27	26	24	23	22	1	1	2	1	1	1	1	2	1	1	3	2	1	1	1	1	1	2	1	1	1	1	1	1	1	1	1	1	1	2	2	1
34	400	99	98	87	86	84	82	80	79	75	74	72	70	67	65	64	61	59	56	55	51	46	45	44	43	40	39	36	30	29	27	26	25	24	22	1	1	1	1	1	1	1	1	1	1	1	2	1	1	2	1	2	1	1	2	2	1	1	1	1	1	2	1	1	1	1	1	1	1
