10
33	500	99	96	94	92	91	88	87	85	84	83	82	81	80	79	78	76	74	73	71	69	67	63	62	61	60	58	57	56	55	54	53	52	50	2	1	2	1	1	2	1	1	1	1	1	1	1	1	1	1	1	1	1	1	2	1	1	2	1	2	1	1	2	1	1	1	1
28	500	97	96	94	93	92	89	86	85	84	82	79	76	75	74	73	72	71	70	69	68	66	65	59	58	56	55	54	52	3	1	2	1	1	1	1	1	1	1	1	1	2	1	2	1	2	2	1	1	1	2	3	1	1	1	1	3
29	500	95	94	93	92	91	90	89	87	86	79	78	76	75	74	73	72	70	69	67	65	64	62	60	58	57	53	52	51	50	1	1	1	1	3	1	1	1	2	1	1	1	1	1	1	2	1	1	2	3	1	1	1	1	2	3	2	1	1
33	500	99	98	95	94	93	91	90	88	87	85	84	83	81	80	78	76	74	73	72	71	69	68	67	65	64	62	61	56	55	54	53	52	50	1	2	1	1	1	1	1	2	1	1	1	1	1	1	3	2	1	1	1	1	1	2	1	1	1	1	1	1	1	1	1	1	2
25	500	98	97	96	95	93	89	88	87	83	81	79	78	76	74	72	70	65	62	60	59	57	55	54	53	52	1	2	1	1	2	1	1	1	2	1	1	1	2	1	2	1	1	1	6	1	4	2	2	1	1
28	500	98	96	94	92	91	89	88	84	83	82	81	80	79	77	74	73	72	70	66	65	63	62	61	60	58	57	56	55	2	1	2	2	1	1	1	1	3	2	1	1	1	1	2	1	1	2	3	1	1	1	1	2	1	2	1	1
26	500	98	96	93	92	91	88	86	84	82	79	78	77	76	73	71	68	67	66	64	63	62	60	54	53	52	51	2	1	1	2	2	1	3	1	1	2	2	1	2	2	1	2	1	2	1	2	1	3	1	1	1	1
24	500	95	94	93	90	89	87	86	85	84	77	73	72	71	69	67	64	63	61	59	58	57	54	53	50	2	1	1	2	1	2	2	2	1	1	1	1	2	2	2	2	2	1	1	1	4	1	4	1
29	500	99	98	96	94	93	92	91	89	88	87	84	83	82	81	80	78	74	73	72	71	70	69	60	59	57	55	53	52	51	1	1	2	2	2	1	2	2	1	1	1	1	1	2	2	1	1	1	2	1	1	2	1	1	1	2	1	1	2
26	500	99	92	89	88	87	85	84	83	82	79	78	77	76	75	71	68	67	65	63	61	58	57	54	53	51	50	1	1	1	1	1	1	1	1	1	2	3	2	2	1	1	2	1	3	3	1	1	1	2	2	1	3
