10
31	500	99	97	96	94	93	92	91	89	86	84	80	76	73	72	69	68	67	66	65	62	61	60	54	43	34	33	27	25	24	23	22	1	2	1	1	1	2	2	2	1	1	1	2	1	2	1	1	1	1	1	1	1	1	1	2	1	1	1	1	2	1	2
34	500	99	97	93	89	86	84	83	82	81	79	75	74	72	70	67	66	65	63	61	60	59	58	52	51	48	42	41	40	39	31	29	28	25	22	1	1	1	1	1	1	2	1	2	1	1	1	2	1	1	3	1	1	2	1	1	1	1	1	1	1	1	1	1	1	1	1	1	1
31	500	97	96	91	88	87	85	83	81	80	73	71	65	64	63	60	57	56	52	49	48	47	46	45	44	40	38	37	36	35	27	26	1	1	1	1	2	1	1	1	1	1	1	1	1	2	1	2	1	1	1	2	2	1	2	1	1	1	1	1	1	1	4
30	500	99	94	90	87	85	81	77	76	75	74	73	72	70	69	65	60	54	45	44	43	42	41	40	39	38	29	26	24	23	22	1	1	1	1	1	1	1	1	1	1	1	1	1	2	2	1	2	2	4	1	3	1	1	2	1	1	1	1	1	1
27	500	99	91	90	83	80	74	71	70	68	66	64	62	60	52	51	49	48	43	40	39	38	36	30	26	25	23	21	1	3	1	1	2	1	2	2	2	1	1	2	2	1	1	1	1	3	1	1	1	1	2	1	2	2	1
29	500	96	89	86	80	79	78	75	74	72	70	65	64	58	53	52	49	45	42	41	40	39	38	36	35	31	30	29	25	23	1	2	2	1	3	1	2	1	1	1	1	1	1	1	1	1	2	2	2	2	2	1	1	1	1	1	1	1	2
32	500	97	93	92	91	90	89	88	82	81	80	75	74	68	63	61	56	53	52	51	50	44	43	40	39	37	36	32	31	29	24	23	21	1	1	3	1	1	1	2	2	1	1	1	1	1	2	1	2	1	1	1	1	2	1	1	2	1	1	1	1	1	1	1	1
30	500	97	96	93	92	91	90	89	88	87	85	84	82	80	79	77	76	72	70	56	55	51	50	45	43	39	38	35	31	28	22	1	1	1	2	1	1	1	1	1	1	1	1	2	1	2	1	1	1	2	1	1	2	1	2	2	1	3	2	1	1
28	500	98	96	93	91	89	88	87	85	79	78	72	69	68	67	64	61	49	46	43	39	36	34	32	30	29	23	22	20	2	1	1	1	1	1	1	3	3	2	2	1	1	2	1	1	1	1	1	2	3	1	1	1	1	2	1	1
34	500	98	95	92	91	89	87	83	82	81	78	77	73	71	69	65	64	63	61	60	57	55	50	49	46	42	41	39	38	32	29	27	25	24	22	2	1	1	1	1	1	1	1	1	2	1	1	1	2	1	1	1	1	1	1	1	1	2	1	1	1	1	2	1	1	1	1	2	1
