10
30	500	95	91	89	88	83	82	78	73	72	68	67	66	64	60	59	58	44	39	38	35	31	30	28	25	19	18	11	7	4	1	1	1	1	1	1	1	1	1	1	2	2	1	1	1	1	1	3	2	1	1	3	1	1	1	1	2	1	1	2	2
34	500	97	96	93	90	86	84	83	78	71	70	68	67	65	62	58	48	42	41	40	35	32	31	29	27	23	22	17	13	12	8	7	4	3	2	1	1	1	1	2	1	1	1	1	1	1	1	1	2	1	1	1	1	1	1	2	1	2	1	1	2	2	1	1	1	1	1	1	1
35	500	97	95	94	93	90	89	88	87	84	82	80	79	75	74	72	65	64	63	62	58	46	42	41	39	38	31	30	25	17	16	13	12	11	7	6	1	1	1	1	1	1	1	2	1	1	1	1	1	1	1	1	1	1	2	1	1	1	1	1	2	2	1	1	1	1	1	1	1	1	2
34	500	99	91	90	89	84	82	79	77	76	75	73	71	67	63	61	60	59	58	57	55	54	53	47	46	45	37	27	19	18	17	8	6	5	4	1	1	1	1	1	1	1	1	1	1	1	1	2	1	1	1	1	2	1	1	1	1	1	1	1	1	1	1	1	3	2	1	2	1
32	500	99	93	91	89	88	86	83	81	79	78	69	63	62	59	55	54	53	44	42	41	37	36	35	34	33	32	28	19	10	8	6	1	1	1	3	2	1	1	1	1	2	2	2	1	1	1	1	1	2	1	1	1	1	1	1	1	1	1	1	1	1	1	2	1
33	500	97	91	80	78	74	69	63	62	60	59	58	57	56	54	53	52	51	44	41	32	30	29	28	24	23	22	20	18	17	16	13	7	2	1	1	1	1	1	1	2	1	1	1	1	1	1	1	1	1	3	1	1	1	2	1	2	1	1	2	1	1	1	2	1	1	1
31	500	93	85	81	79	78	77	76	74	70	68	66	62	61	59	57	56	52	46	44	43	40	39	32	24	17	14	8	7	6	4	1	1	1	1	1	1	1	1	2	1	2	1	1	1	1	2	4	1	1	1	1	2	1	1	1	1	1	2	1	1	1	2
34	500	91	88	87	82	78	75	72	70	69	68	67	65	64	63	62	59	56	52	47	39	38	36	33	31	30	29	27	22	20	17	10	6	3	2	2	1	1	1	1	1	2	1	1	1	1	3	1	1	1	1	1	1	1	1	2	1	1	1	2	1	1	1	1	1	1	1	1	1
32	500	98	97	91	87	81	79	78	75	73	72	68	62	61	60	53	49	46	41	38	33	32	27	25	24	23	18	13	11	10	6	5	4	2	1	1	2	2	1	3	1	1	1	2	1	1	1	1	1	1	1	1	1	2	1	1	1	1	1	1	1	1	2	1	1
36	500	98	93	91	90	89	88	87	85	83	76	74	66	64	59	57	52	50	47	46	38	37	36	30	29	28	27	19	17	15	13	12	9	7	6	4	2	1	1	3	1	1	1	1	1	1	1	1	1	1	1	1	2	1	1	1	1	1	1	1	1	1	1	1	1	1	1	1	1	1	1	2	1
