10
42	100	99	98	95	93	92	91	90	88	87	86	85	83	82	80	78	77	74	72	71	70	67	66	64	60	59	58	56	53	50	45	43	38	36	34	32	30	29	27	24	23	21	20	2	1	1	1	1	2	2	1	1	1	1	1	3	1	1	1	1	1	1	2	2	1	1	2	1	2	2	1	2	1	1	2	3	1	1	1	1	1	1	3	3	1
42	100	98	95	94	93	92	91	84	80	78	75	74	72	69	67	66	63	62	60	59	58	56	55	54	53	51	49	47	43	42	41	39	38	37	36	35	34	33	29	28	26	25	21	1	1	2	1	2	2	1	1	1	1	1	2	1	1	2	1	2	1	1	1	2	1	2	2	3	2	2	1	2	1	2	2	1	1	2	1	1	1	1	1	1	2
40	100	98	96	95	94	92	89	88	86	85	82	80	79	78	74	72	71	67	66	64	63	62	59	57	54	53	52	51	48	47	43	40	39	36	34	30	28	26	23	22	20	3	1	1	2	1	1	1	1	1	4	1	2	1	1	1	1	1	2	2	2	1	1	2	2	2	4	1	2	1	1	1	2	1	1	1	1	1	2	1	2
39	100	99	98	96	94	88	87	84	80	79	77	74	73	70	65	64	62	60	58	57	56	55	53	50	49	48	46	42	41	40	39	36	33	31	30	29	27	26	24	23	3	1	2	1	2	3	1	1	1	2	1	1	1	2	1	1	1	1	3	2	1	2	1	4	3	2	1	2	2	1	1	1	1	1	2	1	1	1	1
47	100	97	96	95	93	92	89	88	85	84	83	82	79	78	77	76	75	74	72	71	70	69	68	67	66	65	63	58	55	53	51	47	46	44	42	40	39	38	35	33	32	31	29	28	27	24	23	20	1	1	1	1	1	1	1	1	1	1	1	1	2	2	1	1	1	2	1	2	1	2	1	2	1	1	1	3	1	1	2	2	1	1	1	2	1	1	1	2	1	1	2	1	1	1	1
41	100	99	98	97	96	93	91	90	89	88	81	80	78	76	74	73	71	69	67	65	64	63	60	59	58	56	55	54	50	48	46	40	37	31	30	29	28	26	23	22	21	20	2	3	1	1	1	1	1	2	2	1	2	2	1	1	1	2	1	2	1	2	1	1	1	2	1	3	2	1	2	1	1	1	1	2	1	1	1	3	2	1	1
40	100	99	97	96	95	94	92	91	90	86	83	82	81	79	77	73	69	67	64	60	59	57	56	55	54	48	44	42	41	40	37	36	34	33	30	29	28	27	26	25	22	1	1	2	1	1	1	2	1	1	2	2	1	1	1	3	2	2	1	1	2	2	2	2	1	3	2	1	2	1	1	1	1	2	1	1	1	1	1	4	1
41	100	99	97	95	94	93	92	91	89	88	86	85	83	82	79	78	77	73	72	70	68	67	66	63	58	54	52	49	48	44	39	38	37	34	33	32	31	27	25	23	22	21	2	1	2	3	1	1	2	1	2	1	1	2	2	2	1	1	1	1	1	1	4	1	2	1	1	1	2	1	1	1	1	1	2	1	2	2	1	1	1	2	2
43	100	98	97	94	93	92	91	88	86	83	80	77	76	75	70	69	68	67	63	61	58	57	56	55	52	49	47	45	44	41	40	39	37	36	33	32	31	30	29	26	25	23	21	20	1	1	2	1	2	1	1	1	1	1	1	1	2	3	1	1	1	1	1	1	2	1	1	2	3	1	2	2	1	2	2	2	2	1	1	2	1	1	2	1	1	1	1
43	100	95	94	93	92	91	89	88	87	86	85	81	79	78	76	75	74	73	71	70	69	68	62	61	59	53	50	47	45	44	41	40	39	38	36	35	34	32	30	29	27	23	21	20	2	1	1	3	1	1	1	1	1	1	1	1	3	1	1	1	2	1	3	1	1	1	2	1	1	2	1	3	2	1	2	2	1	1	1	1	2	2	1	1	1	1	1
