10
40	150	99	98	97	96	91	90	87	86	85	84	80	78	77	75	72	67	63	60	57	54	53	52	50	49	48	44	41	38	36	35	34	32	31	30	28	26	25	24	22	20	1	3	1	1	1	3	1	1	1	2	1	1	1	2	1	1	2	1	1	2	3	2	1	2	1	1	3	1	2	3	1	1	1	1	2	1	1	1	3	1
40	150	99	97	96	91	90	86	83	81	79	74	73	71	70	68	66	62	60	58	57	56	55	50	49	48	45	44	42	40	38	37	36	32	30	27	26	25	24	23	22	21	1	2	5	1	1	2	1	1	2	1	2	1	2	1	2	1	3	1	1	1	1	1	1	1	2	1	1	1	2	1	3	1	1	1	3	3	1	1	1	1
38	150	99	98	97	95	89	88	85	84	83	81	80	79	78	74	72	69	68	67	66	64	60	55	54	53	45	42	41	39	37	36	35	32	31	30	28	25	24	23	2	1	2	1	1	3	1	3	3	3	2	2	1	2	1	2	1	1	1	2	1	2	1	2	3	1	2	1	1	2	1	1	1	1	1	1	2	1
43	150	99	96	95	93	92	91	90	89	88	87	86	84	83	82	81	80	78	76	75	73	72	69	67	65	64	63	59	57	56	51	48	46	45	42	41	33	31	30	29	27	26	21	20	1	1	1	1	1	1	1	2	1	1	1	3	1	1	3	1	1	1	1	1	2	1	1	1	3	2	1	1	1	2	1	5	2	1	1	1	1	1	2	2	1	1	1
40	150	99	98	93	89	85	84	82	77	76	75	74	72	71	69	68	67	65	64	63	61	60	59	58	56	53	52	48	46	44	41	40	39	38	37	35	34	31	27	24	21	1	1	3	1	1	1	1	2	1	2	1	1	2	1	1	1	3	2	2	1	1	1	1	1	1	2	1	2	1	3	2	1	1	1	1	2	4	2	1	2
44	150	99	98	96	94	93	91	88	87	84	83	82	81	80	78	77	76	75	74	73	71	70	67	65	64	62	59	58	54	53	51	50	49	47	41	40	39	36	30	29	27	25	24	22	20	1	1	1	1	4	1	1	1	1	1	2	1	1	1	1	1	1	1	2	2	1	1	2	3	1	1	2	1	2	2	1	1	1	1	1	1	3	1	1	1	1	2	2	1
45	150	99	97	96	91	90	87	86	83	82	81	78	74	73	72	71	70	69	68	67	63	62	61	60	59	57	56	54	53	49	48	47	45	43	40	39	34	33	29	28	26	25	24	23	21	20	1	1	1	1	1	2	1	1	1	2	1	4	1	1	1	2	1	1	1	1	1	1	1	1	2	1	2	1	1	1	2	2	2	1	3	1	1	1	1	2	1	1	2	1	1
42	150	99	98	97	95	92	89	88	83	82	79	77	73	71	69	67	64	63	62	61	60	57	55	52	51	48	47	46	45	44	42	41	40	33	31	30	29	28	27	26	25	22	21	1	2	2	1	1	1	2	1	1	1	1	1	2	1	2	2	2	1	1	2	1	2	1	3	1	1	1	2	1	1	1	2	1	2	1	1	2	2	2	1	1	2
43	150	99	97	96	94	90	89	88	87	85	84	83	81	79	75	74	73	72	70	62	61	59	58	57	56	55	54	51	50	49	45	43	42	41	39	38	37	36	35	28	24	22	21	20	2	1	1	1	1	2	1	2	1	1	2	3	1	1	1	1	1	1	1	1	1	1	1	1	1	2	2	1	1	2	1	1	2	1	1	3	1	1	5	1	1	2	1
44	150	98	97	96	95	92	91	90	89	84	83	81	80	79	78	77	76	75	74	73	68	67	66	65	64	63	62	58	57	53	52	47	45	42	41	40	39	32	30	27	26	24	23	22	20	2	2	1	1	1	3	1	1	1	1	1	1	2	1	1	1	1	1	2	2	2	1	2	1	2	2	1	1	2	1	1	1	2	2	1	1	1	1	1	1	1	1	3	1
