10
31	120	98	97	96	95	93	91	90	89	86	85	84	83	82	81	78	77	71	70	66	65	64	61	60	59	58	57	56	55	52	51	50	3	1	3	5	3	1	1	1	1	4	1	2	2	1	2	1	1	2	2	1	4	1	1	1	1	3	2	4	3	1	1
37	120	99	97	96	95	94	93	92	91	89	88	86	83	82	81	80	79	78	77	76	75	73	72	71	70	69	68	67	66	65	64	62	61	60	58	54	52	50	3	3	3	1	2	2	2	1	2	2	2	1	1	1	1	1	2	1	1	1	3	2	2	1	1	1	4	1	2	1	1	1	1	2	2	1	1
37	120	99	97	95	93	92	90	89	88	86	85	84	83	82	81	80	79	78	77	76	75	72	71	69	68	67	65	64	63	61	60	59	56	55	54	53	52	51	3	1	1	3	2	2	1	2	1	3	1	2	1	1	1	1	1	1	1	1	2	1	2	3	2	1	2	2	3	1	2	1	1	1	1	4	1
42	120	99	98	97	95	93	91	90	89	88	87	86	85	84	83	81	80	79	78	77	76	75	74	73	72	71	69	68	67	66	65	63	62	61	60	59	56	55	54	53	52	51	50	1	1	2	1	2	1	1	1	2	1	1	2	2	1	1	1	1	1	1	1	1	1	1	2	3	2	1	1	2	1	1	1	2	1	2	3	1	2	1	1	2	3
34	120	99	97	96	94	89	88	87	86	85	84	83	80	79	78	76	73	72	71	70	68	67	65	63	62	61	60	58	57	56	55	54	53	51	50	2	1	2	4	1	2	1	1	2	1	1	2	2	1	2	2	2	2	3	3	1	2	2	1	3	1	1	2	2	1	2	2	2	1
37	120	99	97	96	95	94	93	92	91	90	89	88	87	85	84	83	82	80	79	77	75	74	73	71	70	68	67	66	65	63	62	59	58	56	54	53	52	50	1	2	3	1	2	1	1	1	2	1	1	2	3	2	1	1	4	2	3	1	1	1	3	1	1	1	1	1	2	2	2	3	1	1	1	1	2
38	120	99	98	96	95	93	92	91	89	88	87	86	85	84	83	82	81	80	78	76	75	73	71	69	68	67	66	65	63	61	60	59	57	56	55	54	53	52	50	3	1	2	1	1	1	2	1	2	2	2	4	1	1	1	2	1	1	2	2	2	1	4	1	1	2	2	1	1	1	1	1	2	2	1	2	1	1
34	120	99	98	96	93	90	89	88	87	86	85	84	83	82	80	79	78	77	75	74	73	72	71	69	67	66	65	62	61	58	56	55	54	53	50	2	3	1	3	1	2	3	1	1	1	2	1	1	2	2	4	1	2	1	1	3	1	1	1	3	1	2	3	3	1	1	1	3	1
35	120	97	96	94	93	92	91	90	89	87	86	83	81	80	79	77	76	74	72	70	69	68	67	66	64	63	60	59	58	57	56	55	53	52	51	50	4	2	1	4	2	1	1	1	1	4	1	1	1	1	1	3	3	3	2	1	2	1	3	1	1	1	1	1	2	1	2	2	1	2	1
36	120	99	98	97	96	95	92	91	89	88	87	84	83	81	79	78	77	76	75	73	72	71	70	69	67	66	65	64	63	60	57	56	55	53	52	51	50	1	2	1	4	1	1	1	1	4	1	3	2	3	2	1	1	3	3	1	1	1	2	1	2	2	1	4	1	1	1	1	2	1	1	1	1
