10
36	150	99	98	94	93	92	91	90	88	87	86	85	84	83	82	80	79	77	75	74	73	72	71	69	68	67	64	62	61	60	59	58	57	56	55	52	51	2	2	2	1	2	1	1	1	1	2	1	2	1	2	1	2	2	2	2	3	2	1	1	2	1	1	1	1	3	5	3	2	1	1	1	1
37	150	99	98	97	96	94	93	92	90	88	86	85	84	83	82	81	80	78	77	75	74	73	71	69	68	65	64	63	62	61	60	59	58	57	54	53	51	50	2	1	2	1	2	1	3	1	1	2	1	2	1	3	1	2	1	2	3	2	3	1	1	1	2	1	2	3	1	1	3	1	1	1	2	1	1
34	150	98	97	93	92	91	90	88	87	86	85	84	82	80	79	78	77	74	73	71	68	67	66	65	63	62	61	60	59	57	56	54	53	51	50	1	1	2	2	2	1	1	1	1	1	1	1	1	1	2	2	1	1	2	2	1	4	3	3	1	1	3	4	2	1	2	5	2	1
30	150	98	97	96	95	94	93	91	90	89	88	87	86	85	82	79	76	75	74	73	72	71	68	67	66	64	58	57	55	53	50	1	1	1	3	1	2	1	4	2	1	2	4	2	1	1	1	3	3	3	1	3	1	2	3	1	3	3	2	1	3
34	150	98	96	93	92	90	89	88	86	85	84	82	81	78	77	76	75	74	73	72	69	68	67	66	65	64	63	62	61	60	59	57	54	53	50	1	1	2	1	1	1	2	1	1	3	1	1	1	3	3	1	1	1	2	3	1	3	3	2	3	2	1	1	1	1	5	2	1	3
35	150	99	98	97	95	91	90	89	87	85	84	82	81	80	79	77	76	75	73	72	71	70	68	66	65	63	62	61	59	57	56	54	53	52	51	50	1	1	2	2	1	1	1	4	1	1	1	2	4	2	2	1	3	4	1	1	1	2	3	2	2	2	2	2	1	2	1	1	1	1	1
31	150	99	98	96	95	94	93	92	91	90	88	87	86	85	84	83	82	81	79	76	73	69	68	67	65	62	58	57	56	53	52	50	1	2	1	1	3	1	2	2	3	2	2	2	4	2	2	1	1	2	1	1	4	2	2	1	4	1	2	1	5	1	1
33	150	98	96	95	94	93	91	89	88	87	86	83	81	80	79	77	76	75	74	73	72	70	69	68	66	65	64	63	61	57	56	53	52	50	3	2	2	2	2	1	2	1	1	3	1	2	2	3	4	1	2	3	2	2	3	1	1	2	1	2	1	2	1	1	1	1	2
37	150	98	97	96	95	93	91	88	86	85	84	83	82	81	80	79	76	74	73	72	71	70	69	68	67	66	63	62	61	60	59	58	57	55	54	52	51	50	1	1	2	1	2	1	3	5	1	1	2	1	1	1	2	1	1	2	1	1	2	2	2	2	1	1	2	1	2	1	3	2	1	2	1	2	2
32	150	99	97	94	92	91	90	87	85	84	82	81	79	78	76	75	74	72	71	68	66	65	64	63	62	61	60	58	57	56	54	53	51	1	3	1	2	1	2	3	2	3	2	2	2	2	1	1	1	1	2	1	3	2	1	2	1	1	2	4	4	2	2	1	2
