10
47	150	96	94	93	92	89	86	85	84	83	80	72	71	67	61	60	58	56	53	52	51	49	43	41	37	36	34	33	31	28	27	25	23	22	21	20	18	16	14	13	12	10	7	6	5	4	3	1	1	1	2	2	1	2	1	1	1	1	1	1	1	2	1	1	1	1	1	1	1	1	1	1	1	1	1	1	1	1	2	2	1	1	2	2	1	1	1	1	1	2	1	1	3	2	2
42	150	96	95	94	93	92	91	90	89	88	87	84	83	78	77	75	71	69	68	64	63	59	58	57	54	53	51	49	48	47	44	37	36	29	28	26	24	19	17	13	12	7	4	1	1	1	1	1	1	1	1	1	1	1	3	2	1	4	1	1	1	1	1	1	1	1	1	2	1	3	2	1	2	1	2	2	1	1	1	2	3	2	1	2	1
45	150	98	97	93	92	90	89	87	85	83	81	80	79	78	72	69	68	63	62	61	58	56	55	54	51	49	47	46	45	43	39	36	33	29	26	25	22	21	19	18	13	6	5	4	3	1	2	1	1	1	1	1	1	1	1	1	4	1	1	1	1	2	1	1	2	2	1	1	2	1	1	2	2	1	1	1	2	2	1	1	2	1	2	2	1	1	1	1	1	1	1
45	150	99	96	95	93	88	86	83	81	79	77	75	73	72	70	68	67	65	64	62	59	57	56	51	50	45	42	41	39	38	37	34	31	26	25	23	20	17	16	13	9	7	6	4	2	1	3	2	1	2	1	1	2	1	3	1	1	1	1	1	2	1	1	1	1	1	1	1	1	1	1	2	2	1	1	1	1	1	1	1	1	1	1	1	1	1	3	2	3	1	1
47	150	98	96	93	92	91	90	88	87	85	83	78	77	76	75	73	68	65	64	62	61	59	57	56	55	53	52	49	42	41	40	36	34	30	29	28	27	23	19	18	13	11	10	9	5	4	3	2	2	3	1	1	2	1	1	1	1	1	1	1	2	1	1	1	1	2	1	1	1	1	1	1	1	1	1	1	1	1	2	2	1	1	1	1	3	1	1	3	1	1	1	1	1	2	1
46	150	98	96	95	92	89	87	86	85	84	77	74	72	68	67	63	61	58	57	55	53	48	45	44	43	40	38	37	36	35	34	27	25	23	21	20	19	18	15	13	12	9	8	6	4	3	1	1	1	1	2	1	1	1	1	1	1	3	1	1	2	2	2	3	1	1	2	1	1	1	1	1	2	1	1	1	1	1	1	1	1	1	1	1	1	2	1	1	2	1	1	2	2
48	150	98	97	95	94	90	88	87	86	85	84	83	80	79	77	76	73	70	69	65	64	61	55	53	52	44	42	41	38	37	31	30	28	27	25	24	23	21	20	19	18	15	14	13	12	9	7	6	1	1	2	1	2	1	1	1	1	3	1	2	1	1	1	1	1	1	3	1	1	1	1	1	1	1	1	1	1	1	1	2	1	1	1	1	1	2	1	1	1	1	2	2	1	1	1	2	1
42	150	94	93	92	86	84	79	78	77	76	71	70	66	65	64	60	59	58	55	54	53	48	45	44	39	38	34	31	30	29	28	26	22	16	14	13	12	9	8	7	6	5	1	1	1	1	1	2	3	1	2	1	1	1	1	3	1	1	2	1	1	2	1	2	1	2	1	2	3	1	4	1	1	1	1	1	1	1	1	1	2	1	1	1	2
47	150	99	97	96	93	92	90	89	87	85	84	81	78	76	75	74	73	71	70	69	68	65	63	61	60	54	53	52	48	47	46	41	40	35	30	28	23	20	18	16	15	14	13	12	11	9	8	5	1	1	3	1	2	1	2	1	1	3	1	1	2	1	1	1	1	1	1	1	1	1	1	1	1	1	1	1	1	1	1	1	2	1	1	1	1	1	2	2	1	2	1	1	1	2	2
48	150	96	95	94	93	90	89	88	87	85	79	78	76	72	70	69	66	65	64	62	61	56	55	53	52	50	45	41	39	38	35	32	30	29	26	25	22	21	20	18	16	15	14	13	8	7	5	2	1	1	1	1	1	1	1	3	1	2	1	2	1	1	1	2	1	1	1	1	2	1	1	1	1	1	1	2	1	1	1	1	1	2	2	2	1	1	1	1	1	1	1	1	2	1	1	2	1
