10
44	120	98	93	91	86	85	84	83	80	78	76	74	70	68	66	62	60	58	54	53	50	48	46	45	44	43	42	38	37	36	34	33	30	26	24	22	21	18	11	10	7	5	3	2	1	1	1	1	1	1	1	1	2	1	1	1	1	2	2	3	2	1	1	1	1	1	1	1	1	2	1	2	2	3	2	1	2	1	1	1	1	1	1	1	1	2	1	1	3
48	120	93	92	88	87	84	83	82	81	78	76	73	72	70	65	64	63	59	58	56	54	52	49	46	45	42	39	38	37	36	34	32	31	29	28	26	25	24	21	19	18	16	13	11	10	5	4	3	1	1	1	1	2	1	2	1	1	2	1	1	1	1	1	1	2	1	1	1	1	2	1	1	1	2	1	1	1	1	1	2	1	1	1	1	1	1	1	1	1	4	1	2	1	1	1	1	2
44	120	95	92	87	85	82	81	80	77	76	75	70	67	65	63	59	58	55	54	53	52	49	46	45	40	38	37	36	35	32	31	30	28	27	22	21	20	19	18	15	7	4	3	2	1	1	1	3	1	1	1	1	2	2	3	1	3	1	1	1	2	1	1	3	1	2	1	1	1	1	1	2	1	1	1	1	1	1	1	1	2	1	1	1	1	3	1	1	1
45	120	99	97	93	85	84	81	78	77	76	75	73	72	71	69	68	66	64	63	61	60	56	52	50	49	47	45	44	42	41	34	33	30	27	25	22	21	20	19	16	15	11	10	6	5	4	1	3	1	2	1	1	2	1	4	1	1	2	1	1	1	1	2	1	1	2	1	1	1	1	1	2	2	1	1	1	1	1	1	1	1	2	1	1	2	1	1	1	2	1	1
43	120	95	94	91	89	86	84	81	79	78	77	76	74	72	69	68	66	65	63	62	56	51	49	45	44	38	37	33	31	30	29	25	24	22	20	19	18	16	15	14	13	12	11	5	1	2	1	2	2	2	2	1	1	1	1	1	1	2	1	2	3	2	1	2	2	1	1	1	2	1	1	1	1	1	2	1	1	2	1	1	2	1	1	1	2	1	1
46	120	93	90	89	88	87	85	84	83	82	76	75	72	70	67	62	61	58	56	54	53	52	47	44	42	39	37	36	35	34	30	27	25	24	23	22	17	15	13	12	11	10	9	7	6	4	1	2	1	1	1	1	1	1	1	2	1	2	1	1	1	2	2	2	1	1	1	1	1	1	2	1	1	1	1	1	1	2	1	1	1	1	1	1	1	2	2	3	1	1	2	1	2
45	120	95	93	90	88	86	84	82	81	78	75	74	72	69	68	67	66	65	64	63	62	61	59	58	56	49	47	42	38	34	33	32	28	25	23	21	20	19	16	15	14	13	8	7	5	4	1	1	1	1	1	2	2	2	1	1	1	1	1	1	1	4	1	1	1	1	1	1	1	1	1	1	2	1	2	2	2	2	2	2	1	1	1	1	2	1	1	1	1	2	1
48	120	99	93	92	90	82	81	80	79	77	73	72	69	68	66	62	58	53	51	50	48	47	46	45	44	42	41	39	37	36	35	34	33	30	29	28	27	26	25	24	21	19	18	17	15	14	12	2	1	2	1	1	1	1	1	1	1	1	1	2	1	1	1	1	1	2	1	2	1	1	1	2	1	1	2	1	1	1	1	1	1	1	1	3	2	2	2	1	1	1	1	2	1	1	1	1	1
43	120	95	92	90	88	87	86	85	84	82	78	75	74	73	71	68	66	64	60	58	57	54	53	52	51	50	48	46	40	39	37	33	32	29	23	20	18	17	15	12	10	4	3	1	2	1	1	1	1	1	1	1	2	1	1	1	2	1	1	2	1	1	2	1	1	1	1	2	4	2	1	2	1	2	1	2	2	1	2	1	1	1	1	2	1	2	1
42	120	99	94	93	91	87	86	85	80	78	73	70	69	67	66	65	64	63	62	61	56	55	54	53	50	47	46	45	43	40	39	35	33	27	26	25	24	22	21	17	16	10	4	1	1	1	2	1	1	2	1	1	1	1	1	2	1	2	1	1	2	3	2	3	1	1	2	1	1	2	1	1	2	1	1	1	2	1	3	1	1	1	2	2	1
