10
44	120	98	97	96	95	93	92	90	86	84	82	81	79	78	77	75	72	70	68	67	66	65	63	62	59	58	57	56	55	54	52	50	49	48	46	41	40	38	36	34	29	27	25	23	20	2	1	1	1	1	2	1	2	2	1	2	1	1	1	1	1	2	1	2	1	1	1	1	3	1	1	3	1	1	1	2	2	1	1	4	1	1	1	1	1	1	1	1	1
42	120	99	98	96	95	92	90	89	88	87	84	82	80	79	78	77	76	73	72	68	67	65	64	63	62	53	52	47	46	45	44	43	42	39	32	30	29	28	27	25	24	23	22	1	1	3	1	3	1	1	1	4	2	1	1	1	2	1	2	1	1	1	1	1	1	1	1	2	1	1	1	1	1	1	1	2	1	2	1	4	1	1	1	2	2
48	120	99	98	97	95	94	93	92	91	90	89	88	87	86	83	82	81	80	79	77	74	73	72	67	66	65	64	63	62	57	56	53	52	51	50	47	44	42	41	39	38	37	33	32	31	30	24	23	22	2	1	1	2	1	2	2	1	1	2	1	1	1	1	1	1	1	2	1	2	1	1	1	1	1	1	2	1	1	1	1	2	2	1	1	1	1	1	1	1	1	2	1	1	1	1	1	2
40	120	99	98	97	95	94	93	92	91	90	81	80	79	78	74	71	69	67	65	64	63	59	57	56	53	52	50	47	46	45	40	38	35	31	30	28	27	26	25	21	20	2	1	1	2	1	1	2	1	1	1	1	1	3	1	1	1	1	1	3	3	1	2	2	2	3	2	2	2	1	1	2	2	1	1	1	1	2	1	1	1
40	120	99	96	92	91	87	83	79	77	75	74	73	71	70	69	67	64	63	59	57	53	51	50	49	44	43	40	39	38	37	36	34	32	31	30	29	27	26	24	23	21	2	1	1	1	1	1	1	3	1	1	1	1	2	1	3	2	1	1	3	1	2	1	1	1	3	2	1	1	2	1	1	3	1	1	1	1	3	1	2	2
40	120	99	97	93	92	91	90	88	85	80	79	78	76	75	71	69	67	66	64	63	62	56	55	54	53	52	50	49	48	40	39	37	36	35	33	32	30	29	26	23	20	1	2	1	2	1	2	1	1	1	1	2	1	1	1	1	2	1	1	1	1	3	1	2	1	2	1	2	2	1	1	1	2	2	3	2	2	2	2	2	1
41	120	98	96	93	92	87	86	82	80	79	78	77	74	71	69	68	66	63	62	61	60	59	56	55	54	53	52	50	49	48	46	42	38	37	36	35	34	31	29	27	24	23	1	2	1	1	1	1	2	1	2	1	1	1	1	2	1	2	2	1	3	1	1	1	4	1	1	1	1	1	1	1	1	2	1	2	1	2	2	2	3	1	2
43	120	99	98	95	94	93	91	89	88	87	86	85	84	80	75	74	73	71	70	69	68	65	63	61	57	56	53	52	50	47	45	41	37	36	35	34	33	32	31	30	28	27	22	20	1	2	1	2	2	3	2	1	1	1	1	1	1	1	2	1	1	2	1	1	1	1	3	2	1	1	1	2	1	2	1	1	1	1	1	2	1	1	3	2	1	1	1
42	120	98	96	93	92	91	90	88	85	84	83	82	81	79	78	77	75	68	67	64	61	60	58	56	55	53	49	43	42	41	40	39	38	37	36	34	33	32	31	30	29	26	21	1	1	1	1	1	2	4	2	3	2	1	1	1	2	2	1	1	1	1	1	2	1	1	1	1	2	3	1	1	1	2	1	2	1	1	1	1	1	3	1	1	1
43	120	98	96	93	91	90	87	86	84	81	79	78	77	76	75	73	72	70	68	67	65	64	62	61	59	55	52	51	49	48	46	45	43	42	39	37	36	34	33	30	29	27	26	23	2	2	2	2	1	2	1	2	1	2	2	1	1	1	2	1	1	1	1	2	1	1	2	1	1	1	1	1	1	1	1	2	1	1	1	1	3	1	2	1	2	2	1
