10
45	100	98	93	92	90	87	86	81	80	79	78	76	75	73	70	67	64	61	55	53	52	51	48	47	44	41	40	38	36	35	34	32	30	26	23	21	20	19	18	17	14	13	11	7	3	2	1	1	1	2	1	1	1	1	1	1	2	1	1	1	1	1	2	1	1	2	1	1	2	2	1	2	1	1	1	1	1	1	1	3	1	1	2	2	1	1	2	2	1	2	2
41	100	99	98	95	91	88	87	85	84	79	78	74	72	71	67	66	64	63	62	61	59	55	49	47	43	41	40	37	36	32	31	26	25	20	19	18	17	12	11	6	3	1	2	2	3	1	3	1	1	1	1	1	2	1	1	1	2	1	1	2	1	1	1	1	1	1	1	2	2	1	1	2	1	1	1	1	3	1	3	3	1	1	2
47	100	99	98	96	95	93	92	90	80	79	77	76	75	73	72	67	65	61	60	58	57	53	51	49	48	45	43	41	37	36	35	33	30	25	24	23	21	20	19	18	15	13	12	10	6	5	4	2	2	1	2	1	1	1	1	2	1	1	2	2	1	1	1	1	2	1	1	1	1	1	1	1	1	1	2	1	1	3	1	1	1	2	1	2	2	1	2	1	1	1	1	1	1	1	1
49	100	99	98	96	95	93	92	91	89	87	85	83	82	80	73	71	69	66	65	64	63	62	60	59	56	54	52	48	45	43	41	40	39	38	33	31	30	27	26	25	24	21	15	12	11	9	8	5	3	2	1	1	1	2	1	1	2	1	1	1	1	1	2	1	3	1	1	1	1	2	1	1	1	2	1	2	2	1	1	1	1	2	1	1	1	1	1	1	1	1	1	1	1	1	1	1	1	1	2
42	100	97	93	92	91	88	87	85	84	80	78	72	67	66	61	56	51	47	45	39	38	37	36	34	33	30	28	27	26	25	20	19	18	16	15	14	12	11	9	7	6	4	2	1	3	1	1	1	2	1	1	1	2	1	1	2	1	2	3	1	1	2	1	1	4	1	1	1	1	2	1	2	1	2	1	1	1	1	2	2	1	1	1	1	2
43	100	98	96	95	94	93	90	89	87	86	85	82	80	78	75	74	73	71	70	69	66	60	57	55	54	53	49	44	43	42	37	34	33	29	21	20	16	15	13	7	5	3	2	1	1	1	1	1	2	2	1	1	2	1	1	2	2	1	2	1	2	1	3	1	2	1	1	1	1	2	3	1	1	1	1	2	3	1	1	1	1	1	1	1	2	1	1
46	100	99	95	94	93	92	91	90	88	85	82	80	77	75	73	71	70	64	62	58	56	55	53	48	46	45	42	40	39	37	35	32	31	29	27	26	25	24	22	20	19	14	13	7	6	4	1	1	1	1	2	1	1	1	1	1	1	1	1	2	2	1	1	1	1	2	2	1	1	1	1	2	2	1	2	1	2	1	1	1	1	1	1	1	2	2	1	1	2	2	1	2	1
48	100	98	96	94	93	92	91	86	85	84	83	81	79	74	73	71	69	68	63	62	61	60	56	52	50	49	44	40	31	30	29	28	27	23	22	20	19	18	16	15	14	12	11	10	9	8	4	3	1	1	1	2	3	1	1	1	1	1	1	1	1	3	1	1	1	2	1	1	2	1	1	1	1	1	1	1	2	1	1	1	1	1	2	1	2	2	2	1	1	1	1	1	1	1	1	1	1
45	100	99	98	97	96	95	92	88	86	84	83	81	80	78	75	74	72	69	66	62	61	59	56	55	54	53	52	49	46	45	43	42	41	38	36	32	30	26	22	18	16	15	12	9	2	1	1	1	1	1	1	1	2	1	1	1	2	1	2	1	1	1	2	1	1	1	1	1	3	1	1	1	1	2	1	1	2	3	2	2	1	1	1	1	2	1	1	1	3	1	1
48	100	98	97	96	95	94	92	90	89	87	85	84	81	78	76	73	70	65	64	63	62	60	57	55	54	53	52	49	48	46	43	39	38	37	36	35	31	26	23	20	19	17	16	13	12	5	4	3	2	2	1	1	1	1	1	1	1	1	1	1	1	2	1	3	1	1	3	1	2	1	1	2	1	1	1	1	1	1	1	1	2	1	1	1	1	1	1	1	1	1	1	1	2	1	1	3	1
