10
34	100	99	98	97	94	93	92	91	90	89	88	87	85	84	83	82	80	77	76	75	71	70	69	68	67	65	62	61	60	59	58	57	54	52	50	1	2	1	1	2	1	1	1	1	2	1	1	3	2	3	4	1	1	4	3	3	2	2	1	1	2	2	1	2	1	1	3	1	2
34	100	98	96	94	92	91	90	89	88	87	86	85	84	83	82	81	80	79	77	76	75	72	71	67	64	62	60	59	58	56	55	54	52	51	50	2	2	4	2	2	1	1	2	2	1	1	1	1	3	1	1	2	3	1	3	1	1	2	2	2	2	2	1	2	1	1	4	1	2
34	100	99	98	97	94	93	92	90	89	87	86	84	83	82	81	80	79	78	76	75	72	70	68	65	64	62	61	59	58	57	56	54	53	52	51	2	1	1	1	1	2	2	1	3	2	3	1	2	2	3	2	2	1	3	1	1	1	1	1	1	2	3	1	3	3	1	2	3	1
36	100	99	98	97	95	94	92	91	90	89	88	86	85	83	81	80	79	78	76	75	74	71	68	67	66	65	64	63	62	61	60	59	58	55	54	51	50	1	1	2	1	2	2	2	2	1	2	2	1	1	1	2	1	3	1	1	1	2	3	2	1	4	1	1	1	1	1	2	2	3	1	2	3
34	100	99	97	96	95	94	93	92	91	90	89	88	87	86	85	84	82	81	80	78	75	74	73	69	66	64	63	62	61	60	58	57	52	51	50	2	1	2	5	1	2	1	2	3	1	1	2	2	2	2	2	1	1	1	1	1	1	5	1	1	2	1	1	2	1	1	5	2	1
35	100	99	95	94	93	92	91	90	89	88	87	86	85	84	83	80	79	77	74	73	71	70	67	66	65	63	62	60	59	56	55	54	53	52	51	50	2	2	2	2	2	1	1	1	2	1	2	1	3	1	2	2	1	2	1	2	3	1	1	2	2	2	1	3	1	2	3	2	1	2	1
34	100	99	98	97	96	95	94	93	91	90	85	84	83	82	80	79	77	74	73	72	71	69	67	66	65	63	62	61	59	58	56	55	53	52	51	1	3	3	2	1	2	4	2	2	1	2	1	1	1	1	1	2	1	2	3	3	3	2	1	1	1	2	2	1	1	1	2	1	3
38	100	99	98	97	94	93	92	91	88	87	86	85	84	83	80	79	76	75	73	72	71	69	68	67	66	65	64	63	61	60	59	58	56	55	54	53	52	51	50	1	3	1	1	1	1	2	3	2	2	1	1	1	2	3	1	2	1	2	2	1	2	1	1	1	2	2	1	4	1	1	1	1	3	2	1	1	1
32	100	99	97	95	94	93	92	91	90	89	87	86	85	82	81	80	77	76	73	70	68	67	66	64	62	61	59	58	57	54	53	51	50	3	3	2	1	2	1	1	1	5	1	1	1	3	3	3	1	1	2	3	2	2	2	1	3	2	2	1	1	1	1	1	3
36	100	97	96	94	93	92	91	90	89	87	86	85	82	81	80	79	78	77	75	73	72	71	70	69	68	66	65	64	62	61	60	57	55	53	52	51	50	2	1	1	3	1	1	1	1	2	2	1	1	3	2	1	1	3	3	1	2	1	2	3	1	1	2	2	1	2	3	1	1	2	2	2	1
