10
48	200	99	98	97	96	92	90	88	86	85	84	83	82	81	76	75	74	72	70	67	64	60	58	56	55	51	50	47	44	42	39	37	36	34	33	31	30	28	26	24	19	18	16	15	12	11	7	4	1	1	1	1	1	1	2	2	1	3	1	1	1	1	1	2	2	1	1	1	1	1	1	1	1	1	1	1	2	1	3	1	1	1	2	1	1	1	2	1	1	1	1	1	1	1	2	1	1
43	200	98	93	92	91	90	89	84	82	81	79	75	74	73	72	71	60	57	53	50	49	48	44	42	39	38	36	35	32	29	27	25	23	22	21	20	14	13	12	11	10	8	5	1	2	1	2	1	2	4	1	1	1	1	1	1	2	1	2	3	1	2	1	1	1	1	1	1	2	2	1	2	1	1	1	1	1	4	1	1	1	1	1	1	1	1	1
43	200	99	93	92	89	87	84	83	82	81	80	77	75	73	69	65	63	61	60	57	55	51	45	44	43	40	39	38	37	36	30	26	24	22	21	19	18	16	15	9	7	6	5	1	1	1	1	3	1	2	1	2	2	2	2	1	1	1	1	1	1	2	1	1	2	1	1	1	2	1	1	1	2	1	1	1	1	1	1	2	1	1	3	2	3	1	1
45	200	98	97	96	94	90	89	87	86	85	83	82	79	75	72	70	67	66	65	61	60	58	54	51	49	45	44	43	42	38	35	34	33	30	29	27	26	24	21	20	15	12	10	7	6	3	1	1	1	2	1	1	1	1	1	2	3	1	1	1	1	1	2	1	1	2	2	1	1	1	1	3	1	1	2	1	1	1	1	1	2	2	1	2	1	1	1	2	2	1	1
46	200	96	94	85	82	78	77	75	73	70	68	67	66	59	56	52	45	42	41	39	37	36	35	34	32	31	30	29	27	26	23	22	21	20	16	14	13	12	11	9	8	7	6	5	4	2	1	1	3	1	1	1	1	2	1	2	1	1	1	1	1	1	1	3	3	1	1	2	1	1	2	1	1	1	1	2	1	1	1	1	1	1	2	1	1	2	1	1	1	2	1	1	1
42	200	94	93	92	89	87	85	84	83	82	80	78	77	76	73	71	70	69	67	65	61	59	58	54	47	46	45	41	40	34	31	29	23	22	21	14	13	12	11	6	5	4	1	2	1	1	1	1	1	1	1	1	1	1	1	2	1	1	5	1	1	1	1	2	1	1	1	1	3	1	1	1	1	1	3	3	2	2	3	1	2	1	1	1	1
43	200	99	98	97	95	92	91	85	83	79	78	77	76	74	72	71	66	64	61	60	57	52	50	49	47	44	42	40	37	35	29	28	23	21	19	16	15	10	9	8	7	6	5	3	2	1	2	1	1	2	1	1	1	3	1	1	1	2	2	1	2	3	1	1	1	1	1	1	1	2	1	2	1	2	2	1	1	1	1	3	1	1	2	1	1	1	1
47	200	99	96	93	91	88	86	85	84	83	79	78	75	70	65	60	59	58	55	54	52	51	42	40	39	36	35	34	33	30	28	24	23	22	20	19	17	16	15	14	13	11	9	7	6	4	2	1	1	2	1	1	2	1	2	2	1	1	1	1	1	1	1	1	2	2	3	1	2	1	1	1	1	1	1	1	2	1	1	1	1	1	1	1	1	2	1	1	2	1	1	2	1	1	1
47	200	99	98	97	96	95	94	88	86	85	82	81	80	79	77	75	74	71	70	65	64	63	61	59	58	57	56	54	49	47	45	44	43	42	41	37	34	30	27	26	23	22	21	12	6	5	2	1	1	1	2	1	2	2	1	1	1	1	1	1	1	1	1	1	1	1	1	1	1	1	1	1	1	1	1	3	1	1	3	2	1	2	1	2	1	1	1	1	1	3	1	1	1	1	2
45	200	98	97	92	90	89	87	86	85	84	80	74	73	72	68	63	62	59	58	55	54	51	50	49	48	47	46	45	44	41	38	37	34	29	26	24	20	17	15	12	11	9	6	5	2	1	2	1	1	1	1	1	2	2	1	1	1	1	1	1	1	1	1	2	1	1	1	1	2	1	1	1	1	1	1	1	1	1	1	1	2	1	3	1	1	1	4	1	2	4	1
