10
44	200	99	97	96	95	94	93	91	89	85	83	80	78	74	73	71	69	68	66	63	62	60	59	57	55	53	51	50	49	47	46	45	43	42	39	38	36	34	33	30	29	28	26	23	21	1	2	1	1	2	1	1	1	1	1	1	1	1	3	1	2	1	1	1	2	1	2	3	2	1	3	1	2	2	1	1	1	1	1	1	1	1	2	1	1	1	1	2	1
44	200	99	98	97	96	94	92	91	89	88	86	80	78	76	75	73	72	71	69	68	65	59	57	54	52	51	50	49	47	45	44	43	41	37	36	35	34	31	29	28	27	26	24	23	21	1	1	2	1	1	1	1	1	3	1	2	3	1	1	1	1	2	2	1	1	1	2	1	1	2	1	1	1	3	4	1	2	1	1	1	1	1	1	1	1	1	1	1	1
42	200	93	92	91	90	87	86	85	84	80	77	76	74	73	72	70	68	67	66	65	64	62	61	55	53	49	48	46	45	44	43	39	38	36	32	29	28	26	25	24	23	21	20	1	1	1	3	1	1	2	1	2	2	1	1	1	1	1	1	1	2	1	1	2	1	1	2	1	2	2	2	1	1	1	3	2	1	1	3	2	1	1	2	1	1
42	200	98	97	95	92	91	90	88	86	85	82	81	78	77	75	72	71	70	69	67	65	64	61	58	54	51	50	49	47	45	43	42	39	38	36	35	34	30	29	26	24	21	20	2	3	2	1	1	1	1	1	2	1	1	1	1	2	1	1	1	1	1	2	2	1	1	2	1	3	1	1	2	1	1	1	3	1	1	1	2	1	3	1	1	2
44	200	99	97	93	92	91	90	87	84	82	81	78	76	75	74	70	69	68	67	64	59	58	56	55	53	52	51	50	49	48	45	43	41	39	37	34	31	30	29	27	25	24	23	22	21	1	2	1	1	1	1	1	2	2	1	1	3	2	1	1	1	1	1	1	2	2	1	1	2	1	2	1	1	1	1	2	1	2	1	1	1	1	1	1	2	1	1	3	2
42	200	99	97	96	95	94	91	89	88	87	86	84	83	82	80	79	75	73	71	68	65	64	63	55	54	53	49	47	45	44	41	40	39	37	32	31	30	28	27	26	25	24	20	1	4	4	1	2	2	1	1	1	1	1	1	1	1	1	1	1	1	3	1	1	1	1	1	1	1	1	2	3	2	1	1	3	1	2	1	1	1	1	1	2	1
44	200	99	96	94	92	91	85	83	82	80	77	76	75	74	72	67	66	64	62	61	58	57	56	55	53	51	50	48	47	45	43	41	39	38	36	33	32	30	29	28	27	26	23	21	20	2	1	2	1	1	2	1	3	2	1	1	2	1	1	1	1	1	2	2	1	2	1	1	2	1	2	1	1	1	2	1	1	1	2	1	1	1	1	1	2	1	1	1	2
44	200	99	98	97	95	92	91	89	88	86	84	80	79	77	76	72	71	69	68	67	64	63	61	59	58	57	56	54	53	52	51	50	48	47	46	43	41	36	34	33	28	26	24	23	22	2	1	2	1	3	2	1	1	1	1	1	1	2	1	1	1	3	1	2	1	1	1	2	1	1	1	1	1	1	2	2	2	2	1	1	2	1	1	2	1	1	1	1	1
47	200	95	94	93	92	89	87	84	82	78	77	76	75	74	70	68	63	62	61	60	59	56	54	52	51	50	47	46	44	43	42	41	39	38	37	36	35	34	33	32	31	30	29	28	27	26	21	20	4	1	2	1	1	1	1	2	1	1	1	1	1	1	1	2	1	1	2	1	2	1	1	1	1	2	1	1	1	1	1	2	1	2	1	1	1	1	1	2	1	1	1	1	1	1	2
43	200	99	94	93	92	91	90	89	88	87	86	84	83	80	76	74	72	70	67	66	65	64	63	62	58	57	54	52	51	48	47	44	42	41	40	38	37	36	33	30	29	26	22	21	1	1	1	1	1	1	1	1	2	2	1	1	2	1	1	2	2	1	2	2	2	1	1	1	3	1	2	2	1	1	2	2	1	2	3	1	1	1	1	1	1	1	1
