10
34	200	99	98	97	96	95	94	91	90	89	88	86	85	84	83	78	76	74	73	71	69	65	64	63	62	61	60	58	57	56	55	54	53	52	51	1	2	2	2	2	1	2	2	3	2	4	1	1	2	1	1	3	1	1	1	2	2	1	1	1	3	2	2	2	2	2	1	1	3
35	200	99	97	96	95	94	93	92	90	89	88	87	86	85	84	83	82	79	78	76	75	74	71	70	68	67	66	64	63	62	60	58	56	54	52	51	2	2	1	1	2	1	1	2	2	1	2	5	2	2	1	1	2	1	1	2	2	1	3	2	1	2	1	1	1	1	3	2	2	1	3
33	200	98	97	95	94	93	92	91	90	88	86	85	84	81	80	77	75	73	72	70	69	68	65	64	63	62	61	59	58	57	56	54	53	50	1	1	1	3	1	1	3	2	4	1	1	2	1	2	2	1	1	2	1	2	1	2	4	1	3	5	1	2	1	3	2	1	1
35	200	99	98	97	96	95	94	92	89	87	85	84	83	82	81	79	78	76	75	74	72	70	69	68	67	66	65	64	63	62	61	58	57	56	53	51	2	1	1	2	2	1	1	1	3	1	4	1	1	1	1	2	2	3	4	3	2	1	1	2	2	1	3	1	1	1	3	2	1	1	1
31	200	99	98	97	96	91	89	88	86	85	84	83	82	80	79	78	75	74	73	72	71	70	67	65	64	62	61	60	58	57	54	52	2	2	3	1	2	1	3	3	1	5	3	1	1	4	1	1	2	2	1	1	1	2	1	2	4	1	3	3	1	1	1
38	200	99	98	97	95	94	93	92	91	90	89	88	87	86	85	84	83	82	79	77	73	72	71	70	68	67	66	65	64	62	61	60	58	56	55	54	53	52	50	3	4	1	1	2	1	1	4	1	2	1	1	1	1	1	1	1	1	2	1	2	4	1	1	1	1	1	1	4	2	1	2	1	1	1	1	1	3
31	200	99	98	97	96	95	94	93	92	91	90	89	88	86	83	81	80	78	75	74	70	69	68	67	63	60	57	55	54	52	51	50	3	1	3	3	3	3	1	1	2	2	2	1	1	1	2	3	2	1	2	3	1	1	1	1	1	3	2	3	2	3	2
38	200	99	98	97	96	94	92	90	89	87	86	84	83	82	81	80	79	75	74	73	72	71	70	69	68	67	66	65	63	62	61	59	58	57	56	55	54	52	51	2	2	2	2	1	2	1	1	2	2	2	2	1	2	1	1	2	1	1	1	2	2	1	1	2	2	2	1	1	1	2	1	2	4	1	1	1	2
35	200	99	97	96	95	93	92	89	87	86	85	84	82	81	80	78	77	74	73	71	70	69	67	66	65	64	63	62	60	58	57	56	55	54	53	50	1	2	2	1	1	2	2	2	1	2	5	2	1	3	1	2	1	2	2	3	1	1	1	2	2	1	1	3	2	1	2	1	1	2	1
33	200	99	97	96	92	91	90	87	84	83	82	81	80	78	77	76	75	74	72	71	70	68	67	65	64	63	62	61	57	55	53	52	51	50	3	1	2	3	1	2	1	1	3	1	2	2	2	3	2	2	3	1	3	1	1	2	2	2	1	2	3	2	2	1	1	1	1
