10
39	300	98	97	90	89	86	84	82	81	80	78	75	74	72	69	64	62	60	59	58	56	54	52	51	50	47	45	44	42	40	39	37	35	31	30	27	26	24	21	20	4	1	2	2	1	1	1	2	1	1	2	1	1	1	1	1	3	2	1	2	1	2	2	3	1	1	1	1	1	2	1	1	1	2	2	1	1	3	2
43	300	98	97	96	95	94	93	92	91	89	88	86	84	82	78	77	74	71	70	65	63	61	60	59	56	55	52	49	48	46	45	44	38	35	34	31	30	29	28	27	26	25	24	20	2	1	1	2	2	2	1	1	3	1	1	1	1	2	2	1	1	1	1	1	1	1	2	2	2	2	1	1	1	1	1	1	2	1	4	1	1	1	1	2	1	1	1
42	300	99	98	96	95	94	91	88	87	84	83	82	80	79	78	77	76	71	69	68	63	57	56	54	53	49	47	45	43	41	40	39	36	35	34	32	31	30	28	24	23	22	20	1	1	1	2	2	1	5	1	2	1	1	2	2	1	1	1	1	2	2	2	2	1	2	1	1	1	2	1	1	1	1	1	2	1	1	1	2	1	1	2	1	1
47	300	99	97	96	95	93	87	85	81	80	78	77	76	74	72	71	67	66	64	63	61	59	58	53	52	50	49	48	47	43	42	41	40	39	38	37	36	34	33	32	29	28	27	26	25	22	21	20	1	1	1	1	1	2	1	3	1	2	1	1	1	1	1	1	2	1	2	1	2	1	1	1	1	1	1	1	1	1	1	1	1	1	1	1	1	1	1	2	1	2	3	1	1	2	2
40	300	99	95	91	90	88	87	86	80	78	74	68	67	66	65	62	59	58	57	56	55	53	52	50	48	47	45	44	42	38	33	32	31	30	28	27	26	25	23	22	20	1	2	2	2	1	1	4	2	2	1	2	2	1	1	1	2	1	2	2	2	1	1	1	1	1	2	1	1	5	1	1	1	1	2	1	1	1	1	1	1
40	300	99	98	97	96	92	90	89	88	86	84	82	80	79	77	76	73	69	68	66	64	63	61	55	54	52	48	47	45	43	42	40	37	35	34	33	29	28	24	23	20	1	1	1	1	2	1	1	2	1	1	1	2	2	3	1	1	3	2	3	1	1	1	2	1	1	3	1	1	1	1	1	1	1	4	1	2	2	2	1	1
43	300	97	96	92	91	90	89	81	78	77	76	75	72	70	69	68	65	63	62	60	59	58	57	55	54	52	51	49	48	46	45	44	43	40	39	35	33	32	31	27	26	24	22	20	1	1	1	1	1	1	1	1	1	1	1	1	1	1	3	2	2	1	1	1	2	3	1	1	1	1	1	1	1	1	2	2	3	1	1	1	4	1	1	4	1	1	1
40	300	96	95	94	93	90	89	88	85	83	80	78	76	75	74	73	71	66	65	64	63	62	60	55	51	50	48	44	43	41	40	39	34	33	31	27	26	24	22	21	20	1	2	3	1	1	1	3	3	1	3	1	1	1	1	1	1	2	2	3	2	3	1	2	1	1	1	2	2	1	1	1	1	1	2	1	1	1	1	1	1
46	300	96	95	94	93	92	91	89	88	87	81	79	77	74	72	71	69	68	67	65	63	62	61	57	54	51	50	48	47	46	44	43	42	41	39	37	35	33	32	30	29	27	26	25	23	21	20	1	1	1	1	1	1	1	1	1	1	1	1	1	1	1	1	1	1	2	1	1	1	1	1	1	1	1	4	1	1	1	1	1	1	2	1	1	1	3	3	1	1	4	2	1	2
41	300	98	96	95	94	93	92	88	87	83	81	80	79	75	74	72	68	67	66	65	64	61	60	57	53	51	50	49	47	46	44	42	39	36	35	30	27	25	23	22	21	20	1	1	1	3	1	2	2	1	1	1	2	1	1	1	3	1	1	1	2	1	1	2	1	1	1	2	3	1	2	2	1	2	1	2	1	1	1	1	1	2	3
