10
48	300	95	92	88	87	86	83	81	80	72	71	70	69	68	66	65	63	62	61	60	59	58	56	55	54	51	49	47	46	42	41	40	36	35	34	33	29	27	26	23	19	17	16	15	13	10	6	5	3	1	1	1	1	2	1	2	2	1	1	1	2	1	1	1	2	1	1	1	1	2	1	2	1	1	1	1	1	2	2	1	2	1	1	1	2	1	1	1	1	2	1	1	1	1	1	1	1
48	300	98	97	95	92	91	90	89	88	84	82	81	80	79	77	76	73	69	66	65	62	60	58	54	51	50	48	47	43	42	41	39	38	37	33	32	29	27	26	24	23	19	18	12	11	8	4	3	2	1	1	1	1	1	1	1	1	1	1	2	1	1	1	1	3	2	2	1	1	1	1	1	2	1	1	2	1	2	1	1	1	1	1	1	1	1	2	1	1	1	1	1	3	1	1	1	2
47	300	93	92	91	90	87	85	84	76	74	72	69	67	66	65	63	60	57	54	52	51	50	49	48	45	44	43	41	40	39	38	34	30	27	25	23	20	18	17	16	15	12	11	10	9	5	4	2	1	1	1	1	2	2	1	1	1	1	1	2	1	2	1	1	1	2	3	1	1	2	1	1	1	1	1	1	1	1	1	1	3	1	1	1	1	1	1	1	1	2	1	2	1	1	2
49	300	99	93	92	91	90	89	88	87	85	83	79	78	77	69	65	64	63	62	61	58	52	51	49	46	44	43	39	38	37	34	32	30	29	27	26	24	23	19	18	16	15	12	11	10	7	6	3	2	1	2	2	1	2	2	1	1	1	1	1	1	1	1	1	1	1	1	2	1	1	1	1	1	1	2	1	1	1	1	1	1	1	2	1	2	2	2	1	1	1	1	1	1	1	2	1	1	1	1
48	300	98	97	96	95	91	89	88	87	86	80	75	73	71	70	69	67	65	62	60	59	55	53	51	50	49	47	46	45	44	41	38	36	35	34	31	27	24	23	20	17	16	15	12	11	10	8	6	3	1	1	1	1	1	1	3	2	1	1	1	1	2	2	2	1	1	2	1	1	1	1	2	1	2	1	1	1	1	1	1	1	1	1	1	1	1	1	1	2	1	1	2	1	1	1	2	1
49	300	99	97	96	94	93	92	91	90	89	88	83	78	77	76	75	74	73	72	69	68	64	63	61	58	56	55	54	46	44	43	41	40	39	38	35	30	26	23	22	20	17	15	12	11	7	5	4	3	1	1	1	2	1	2	1	1	1	1	1	1	2	2	1	1	1	1	1	1	1	1	1	1	1	1	1	2	1	1	2	1	1	2	1	1	2	1	1	1	1	1	3	2	1	1	1	1	1	1
41	300	98	97	95	94	93	89	85	84	80	76	75	74	70	67	65	63	61	60	55	54	47	41	40	39	36	35	34	33	32	30	26	25	23	20	17	15	9	8	7	5	2	1	1	1	1	3	1	1	1	1	1	1	2	3	2	3	1	1	1	1	1	1	1	1	1	1	1	1	2	1	2	3	1	1	2	2	3	2	1	2	2	1
48	300	99	97	93	91	88	83	81	77	76	73	72	71	69	67	65	64	63	62	60	59	57	55	54	53	50	49	46	44	43	42	39	38	37	36	32	31	30	27	25	20	19	18	12	11	10	7	6	3	1	1	1	1	1	1	2	1	1	1	1	1	1	1	1	1	1	3	1	1	1	1	1	1	1	2	1	1	1	1	1	1	2	3	1	1	1	1	2	1	1	1	1	1	2	1	3	2
42	300	98	96	92	91	88	86	84	81	77	76	75	74	72	69	67	65	60	59	58	57	56	52	47	42	39	38	37	36	33	31	29	27	26	24	12	11	10	6	5	4	3	1	2	1	1	1	1	2	1	2	1	2	1	2	2	2	1	1	2	1	1	2	1	1	3	1	1	1	2	1	1	1	1	1	2	1	3	1	2	1	1	2	2	1
50	300	96	93	91	88	85	83	82	81	80	79	77	76	75	74	72	71	69	68	67	66	61	60	59	57	54	52	51	50	47	46	44	43	41	40	39	37	34	29	23	22	20	19	17	13	11	8	5	4	3	2	2	1	2	1	1	1	1	1	1	1	1	1	1	1	1	1	1	1	1	1	1	1	1	1	2	1	1	1	2	1	1	1	2	1	2	1	1	1	1	2	1	1	2	1	1	2	1	1	2	1
