10
33	300	99	98	96	94	92	91	85	83	81	80	79	78	77	76	75	74	73	72	70	68	67	66	64	63	62	61	60	59	58	57	55	53	50	1	1	1	2	1	3	1	3	3	2	1	2	4	1	1	1	4	2	3	1	1	1	2	1	1	1	2	5	1	2	1	1	3
33	300	99	98	96	95	94	93	92	91	90	89	88	85	84	80	79	76	75	74	72	71	70	69	67	65	64	63	62	60	59	58	54	52	51	1	1	1	1	4	3	3	2	2	1	1	1	1	1	1	5	2	1	3	1	1	3	1	1	1	1	5	2	2	2	1	2	2
36	300	98	95	93	92	89	88	87	86	85	84	83	82	80	79	78	77	76	75	72	71	69	67	66	65	64	63	61	60	59	58	57	55	54	52	51	50	1	1	2	3	1	1	1	3	2	1	2	1	1	2	1	1	2	1	2	2	3	2	1	1	3	1	6	1	1	1	1	1	1	1	4	1
36	300	99	97	96	95	94	93	92	90	88	86	85	84	83	82	81	80	78	77	76	75	73	72	70	69	68	66	64	61	60	59	58	56	55	52	51	50	1	2	4	1	2	1	1	1	2	3	3	2	1	1	1	1	1	1	2	2	1	1	1	1	2	2	2	3	1	3	1	1	2	3	1	2
34	300	99	98	97	94	92	91	89	88	87	86	85	83	82	81	80	79	78	77	76	75	73	72	70	68	67	65	63	62	60	59	58	53	51	50	2	1	2	2	2	1	2	3	2	1	3	1	2	2	2	1	1	2	1	3	3	1	2	2	1	1	2	1	1	3	1	2	2	2
36	300	99	98	97	96	94	93	92	91	90	88	87	86	84	83	82	81	80	79	77	75	74	71	69	68	64	62	61	60	58	57	56	55	54	53	52	51	2	2	1	1	1	3	1	1	2	2	2	1	3	4	1	2	2	1	2	2	1	1	1	1	2	1	2	4	1	1	1	1	2	3	1	1
34	300	97	93	92	91	90	88	87	86	85	83	82	80	76	75	74	73	72	71	70	68	67	66	65	64	63	61	60	59	58	56	55	53	52	50	3	1	2	2	2	1	1	1	1	1	1	3	3	2	1	3	1	1	2	1	5	2	4	1	1	1	2	1	2	1	2	2	1	2
37	300	99	98	97	95	93	92	90	89	87	86	85	84	83	82	81	78	77	76	75	74	73	71	69	68	66	65	64	63	62	61	58	57	55	54	53	51	50	1	2	1	4	1	1	1	2	1	2	1	2	6	1	2	1	2	1	2	4	2	1	1	1	1	1	2	2	1	1	1	2	1	1	2	1	1
37	300	98	97	96	95	94	93	92	91	90	89	88	85	83	81	80	79	78	77	73	72	71	68	67	66	63	61	60	59	58	57	56	55	54	53	52	51	50	4	1	1	1	2	1	2	1	1	1	3	2	2	1	2	1	1	3	2	2	1	2	1	1	2	1	1	1	1	2	1	2	3	1	1	3	2
35	300	99	97	96	95	94	92	91	90	89	88	87	86	85	84	83	81	80	79	78	75	74	73	72	67	65	64	63	62	61	58	56	53	52	51	50	1	1	1	2	3	2	2	1	2	2	2	3	1	2	2	2	1	1	1	1	2	1	2	1	1	2	1	3	1	3	1	2	4	2	1
