10
45	400	98	95	91	90	83	82	81	79	78	71	69	66	65	64	63	61	60	57	55	53	51	48	47	46	44	42	39	37	34	31	30	27	26	25	20	18	17	16	13	12	10	8	6	3	1	1	3	1	1	1	1	2	2	2	2	2	1	1	1	1	1	1	1	2	4	1	1	1	1	2	1	1	1	1	1	1	1	1	1	2	1	1	1	2	2	1	1	1	1	1
44	400	97	94	88	87	83	77	75	74	69	64	63	62	60	58	53	52	50	47	45	44	43	41	40	39	38	37	35	34	33	28	26	25	23	22	21	17	10	9	8	7	5	4	3	2	1	1	1	1	1	2	2	1	1	1	1	1	1	1	1	1	1	1	2	2	2	2	1	2	2	1	1	2	1	1	3	2	1	1	2	2	1	1	1	1	1	2	1	2
43	400	97	95	94	93	90	89	87	85	83	80	77	69	66	65	64	61	56	54	51	50	49	47	45	44	42	39	38	34	33	31	29	28	26	25	21	20	19	12	11	9	7	5	1	1	3	1	1	1	1	1	2	1	1	2	1	2	1	1	1	1	1	1	1	1	1	1	1	2	2	2	1	2	1	1	2	2	1	1	1	2	3	1	2	2	1	2
47	400	99	98	96	95	94	93	89	87	85	84	79	78	73	71	70	67	63	60	55	54	52	49	48	47	42	41	40	39	36	33	29	26	25	23	22	21	20	19	16	15	14	11	9	8	6	4	2	2	2	1	1	1	2	1	1	1	1	1	1	1	1	1	1	1	1	1	1	3	1	1	2	2	1	1	1	2	1	1	3	1	1	1	1	1	1	1	1	1	1	1	3	1	1	2
45	400	99	97	96	94	92	91	86	84	83	81	78	77	73	70	68	67	66	64	62	60	59	57	54	53	52	50	47	46	43	38	37	28	27	25	24	19	17	13	12	10	9	7	4	3	2	1	1	2	1	1	2	2	1	1	1	1	1	1	1	3	2	1	1	1	1	1	2	1	1	2	1	2	1	1	1	2	1	1	1	1	2	2	2	1	1	3	1	1	1	1
44	400	99	96	91	89	88	86	85	75	74	72	71	70	69	65	64	62	61	60	59	57	55	54	52	51	48	47	46	45	44	41	36	33	29	28	24	20	18	16	14	12	8	7	5	2	2	1	1	1	1	2	2	2	1	1	1	2	1	1	1	2	3	1	1	1	2	1	1	1	1	1	1	3	2	2	1	1	1	1	1	1	1	1	1	2	2	2	1	1
40	400	98	97	89	87	83	82	80	78	77	75	71	69	68	67	66	65	63	62	61	58	57	56	54	53	51	49	37	35	30	28	24	23	22	20	17	15	9	6	3	2	1	1	4	2	1	1	1	2	1	1	1	2	1	1	1	1	2	2	1	1	1	1	1	2	3	1	2	1	2	2	1	1	1	2	1	2	1	4	1	2
46	400	96	92	90	88	86	85	84	83	82	80	79	78	74	70	69	67	61	58	56	55	54	53	52	49	43	39	38	34	31	26	25	23	22	21	20	19	17	14	11	9	8	7	5	4	3	1	1	1	2	2	1	3	2	1	1	1	1	1	1	1	1	2	1	3	2	1	2	1	2	1	1	1	1	1	1	1	1	2	1	1	1	1	1	1	1	1	1	1	2	1	1	2
47	400	98	94	91	90	87	86	85	83	80	78	76	75	71	70	69	67	66	65	63	58	55	50	48	46	45	41	40	39	36	33	32	31	30	28	25	24	23	21	20	19	18	15	12	11	10	7	2	1	1	2	1	1	1	2	1	1	3	1	1	1	1	2	1	1	2	1	1	1	2	1	1	1	1	1	2	2	1	1	1	1	1	1	2	1	1	2	1	2	1	1	2	1	1	1
44	400	99	95	94	89	87	86	83	81	79	78	77	72	71	70	68	62	61	60	59	57	55	54	50	49	47	44	42	40	38	37	35	34	33	29	28	25	22	21	16	14	12	11	5	3	1	1	1	3	2	1	3	1	1	1	1	1	1	1	2	4	2	1	1	1	1	1	2	1	1	2	1	1	1	2	1	1	2	1	1	1	1	1	2	1	1	2	1	1
