10
46	400	97	96	95	93	92	91	90	89	88	87	86	84	82	78	77	76	74	73	71	69	68	66	65	63	58	56	55	53	50	47	45	44	41	38	37	36	35	34	33	32	30	29	26	25	24	20	2	1	2	2	3	2	1	1	1	1	1	1	2	1	2	1	1	1	1	1	1	2	1	1	1	2	2	1	1	1	1	1	1	2	1	1	1	1	1	2	2	1	1	1	1	1
45	400	96	95	94	92	91	90	89	88	87	86	85	83	82	78	76	74	73	70	69	68	63	57	55	53	52	51	50	49	48	46	43	41	39	38	37	36	34	33	32	31	29	28	27	22	21	1	1	1	2	1	1	2	1	1	1	2	1	2	1	2	1	1	2	1	2	1	1	2	1	1	1	3	1	1	1	2	1	2	1	1	1	1	1	1	2	1	1	1	3	1
38	400	97	95	93	91	89	86	83	82	78	76	74	72	71	68	66	64	59	57	54	53	52	51	48	47	46	43	42	40	38	36	34	30	28	27	26	24	22	21	1	5	1	1	1	2	2	4	1	2	1	1	1	1	1	2	1	2	2	1	2	1	2	1	3	2	1	1	1	1	3	1	2	1	1	1	2	1
43	400	99	97	91	90	87	86	85	81	80	79	76	75	74	71	68	66	65	63	62	61	60	59	58	56	55	54	52	49	48	47	45	43	42	37	36	35	34	32	29	27	26	21	20	1	2	1	1	1	1	1	1	1	2	3	1	2	1	1	1	2	2	2	1	1	2	2	3	1	1	2	1	1	1	1	3	2	1	1	2	1	1	1	1	1	1	1
45	400	99	95	93	92	90	89	88	87	86	83	82	80	77	76	75	73	65	64	63	62	61	60	57	52	51	48	47	46	45	44	41	40	39	38	36	35	34	33	32	30	28	25	24	22	21	1	2	3	1	2	1	1	1	2	1	1	1	1	1	1	1	1	1	1	1	1	1	1	1	1	4	1	1	2	1	2	1	2	1	1	1	2	1	1	2	1	2	2	1	1
41	400	98	97	92	91	89	88	86	85	84	83	82	78	76	74	73	72	70	69	68	66	65	63	56	54	53	52	51	47	46	43	41	38	37	36	35	33	32	30	24	23	21	1	1	1	2	1	3	1	1	1	1	1	1	1	1	3	2	2	1	1	4	1	2	1	1	1	2	2	1	2	1	1	1	1	1	1	2	2	1	2	2	2
40	400	99	98	92	89	88	85	84	81	79	78	75	74	73	69	68	66	65	64	63	60	58	57	55	52	51	46	42	40	39	38	37	36	33	32	30	27	25	24	23	21	1	2	1	1	1	1	1	3	2	3	2	1	2	2	1	3	1	1	1	1	1	1	3	1	2	1	2	2	2	1	1	1	2	1	1	2	1	1	1	2
40	400	99	91	90	85	84	83	82	80	78	75	72	70	69	68	66	65	64	63	59	57	56	55	53	50	48	47	45	42	41	38	37	34	33	30	29	28	27	26	25	24	2	1	1	1	3	1	1	1	2	1	2	2	1	1	1	1	1	2	1	1	5	1	2	1	2	2	1	1	1	1	3	1	1	2	2	2	1	1	1	2
45	400	99	97	96	95	94	93	92	90	89	88	85	79	78	77	73	72	71	70	68	60	59	58	57	56	51	50	48	47	46	45	44	43	42	41	38	33	32	31	29	28	27	26	23	21	20	2	1	1	1	1	2	2	2	1	2	1	1	1	1	1	1	1	1	2	1	3	1	1	1	2	1	1	1	2	1	2	2	1	2	1	1	1	2	1	1	2	1	1	1	1
39	400	99	98	96	93	92	89	88	85	84	82	80	76	73	72	69	67	65	63	62	61	60	59	56	55	50	49	45	44	42	37	34	32	31	30	29	25	24	23	20	1	2	1	2	1	2	2	1	3	1	1	1	2	3	1	2	1	1	3	2	1	2	1	1	1	1	1	2	1	1	1	2	1	4	1	2	1	1	2
