10
36	400	99	97	95	94	92	89	88	86	85	84	81	80	79	78	74	73	72	71	70	69	68	67	66	63	62	61	60	59	57	56	55	54	53	52	51	50	2	2	3	1	2	1	2	1	1	1	1	1	1	2	1	1	1	3	2	1	1	3	2	2	2	2	1	3	2	1	3	2	1	1	1	3
32	400	99	95	92	91	90	89	88	85	84	83	82	81	79	78	77	76	75	73	72	69	67	66	65	64	63	62	61	60	58	56	52	51	1	1	1	2	1	1	1	4	1	3	2	1	1	4	1	1	2	1	1	3	1	3	2	2	4	1	3	3	1	2	3	2
35	400	99	98	96	95	94	92	90	89	87	85	83	82	81	80	79	78	77	76	74	72	71	69	68	66	64	63	62	60	57	55	54	53	52	51	50	2	1	1	2	1	3	3	1	1	1	4	1	2	1	1	1	2	1	1	1	1	3	1	3	3	2	3	1	2	2	2	2	2	1	1
38	400	99	98	97	96	95	93	92	89	88	87	86	84	83	82	81	80	79	78	77	76	75	74	73	72	70	68	66	65	64	62	60	59	57	55	54	53	52	51	2	1	1	1	2	1	2	1	1	2	2	3	1	1	1	1	1	2	2	1	2	1	2	1	1	1	2	1	1	1	3	2	1	1	4	2	1	4
34	400	96	95	94	93	91	90	89	88	87	86	81	79	78	77	75	71	70	69	67	66	65	64	63	62	61	59	58	57	56	55	54	53	52	50	2	1	3	1	1	3	2	1	2	2	3	2	2	2	1	1	2	1	2	1	1	3	1	3	2	3	1	2	2	2	1	2	1	1
31	400	99	98	96	95	89	88	87	86	84	83	79	78	77	76	73	70	68	67	66	65	64	62	61	58	56	55	54	53	52	51	50	3	1	2	4	2	1	2	2	1	3	2	3	3	1	2	2	1	1	3	2	2	2	1	2	1	2	1	1	2	2	3
37	400	99	98	97	95	94	92	91	90	89	88	85	83	82	78	77	75	74	73	72	70	69	68	67	66	65	64	63	62	61	59	57	56	55	54	53	51	50	1	1	3	1	2	1	2	2	2	1	2	2	3	2	2	2	1	1	1	1	1	2	1	3	1	1	1	3	1	2	1	3	2	1	1	1	2
37	400	99	98	97	96	95	94	93	92	91	89	87	86	84	83	82	81	80	78	77	75	74	72	71	70	68	66	65	64	62	61	60	59	58	56	55	52	50	1	3	2	3	2	3	2	1	1	1	1	1	4	2	1	2	1	1	3	2	1	2	1	1	1	1	2	1	1	1	1	1	1	1	2	2	3
38	400	99	98	97	94	93	92	90	89	86	85	84	83	82	81	80	79	78	77	76	75	72	70	69	68	67	66	65	63	62	61	60	59	58	56	55	53	52	51	1	1	1	2	2	2	2	3	1	1	1	1	2	2	1	1	2	2	1	1	1	3	3	2	2	1	1	2	1	2	1	1	1	1	1	1	3	3
35	400	99	95	92	90	89	88	87	86	85	84	83	82	81	79	78	76	74	73	72	71	70	69	68	67	65	64	63	62	60	57	56	55	54	53	51	1	2	2	2	2	1	3	1	2	4	2	4	3	1	2	1	1	1	1	1	2	2	1	1	2	1	2	1	2	2	2	1	1	2	1
