10
44	500	99	98	97	96	93	92	91	90	87	86	85	84	79	78	77	75	74	73	70	67	64	59	58	57	55	54	53	52	51	50	48	47	42	41	40	38	36	35	31	29	28	27	26	25	1	1	1	2	1	1	1	1	1	2	4	1	1	3	2	1	1	1	1	2	1	1	1	2	2	2	1	1	1	1	1	1	1	3	1	2	1	1	1	1	1	1	1	2
38	500	95	93	92	89	88	85	81	80	79	78	77	74	73	70	69	68	67	66	62	60	59	58	55	54	50	48	44	39	36	35	33	32	31	30	27	25	23	22	2	1	4	1	1	1	2	1	1	1	2	1	1	1	1	2	3	2	1	1	1	1	2	1	2	1	1	2	1	3	2	2	2	2	1	3	1	2
41	500	99	97	94	90	83	82	81	80	79	77	74	73	72	71	67	65	63	60	58	57	56	52	51	50	49	48	46	45	44	41	40	38	37	35	30	29	28	27	26	21	20	1	1	1	1	2	1	2	1	2	1	2	1	1	1	1	1	2	2	2	1	1	1	2	1	1	2	1	3	1	2	2	2	1	3	3	1	1	1	1	1	2
44	500	97	91	90	89	88	87	84	83	82	77	73	72	71	69	68	67	66	64	62	57	50	49	47	46	45	44	42	41	40	39	38	37	36	33	32	30	28	27	26	25	24	23	22	21	2	2	1	1	1	3	1	1	1	1	1	1	1	3	1	1	1	1	1	1	1	1	1	1	2	2	1	1	1	1	2	1	3	1	2	2	1	2	1	1	2	1	2	1
49	500	97	96	95	94	92	91	90	87	84	83	82	81	80	78	76	74	73	72	71	70	68	67	66	65	64	63	62	59	58	56	48	46	45	44	42	41	39	38	36	34	33	32	31	29	27	26	25	23	22	2	2	1	1	1	1	2	1	1	1	1	1	1	1	1	1	1	2	1	2	2	1	1	1	2	2	1	1	1	1	2	1	1	1	1	1	1	1	1	2	1	1	1	2	1	1	1	1	1
43	500	99	98	97	95	94	93	92	91	90	89	84	83	76	75	74	73	72	65	64	63	61	54	53	52	51	50	49	47	46	45	43	41	38	37	36	32	31	30	28	27	25	23	20	2	2	1	1	1	1	2	1	1	1	3	1	1	1	1	1	2	1	1	1	1	1	1	1	2	2	1	1	1	1	3	1	1	2	2	2	4	1	1	1	1	1	2
43	500	99	98	97	94	93	91	90	89	84	82	81	77	75	74	73	72	69	68	67	66	64	62	59	58	57	56	55	51	50	49	46	45	44	40	39	37	36	35	34	32	29	27	22	1	1	1	1	2	1	1	1	2	1	1	2	1	4	2	1	1	2	1	1	1	1	2	1	1	1	2	1	1	1	1	1	1	1	2	2	1	1	3	3	2	1	1
39	500	96	94	91	89	85	84	83	82	80	78	77	75	73	69	65	63	62	61	60	59	58	55	54	53	50	47	43	42	41	40	39	38	36	35	32	30	26	24	23	1	1	4	1	1	2	2	2	1	4	2	2	1	1	1	1	2	3	1	1	1	1	2	2	1	1	1	1	3	2	1	1	1	1	1	2	2	1	1
43	500	98	96	95	92	89	85	83	82	80	78	77	75	73	72	69	67	66	65	64	63	62	60	59	57	55	52	51	47	46	45	44	43	42	36	35	33	30	27	26	25	23	21	20	1	1	3	1	1	2	1	1	1	1	3	1	1	1	1	1	1	1	2	1	2	1	1	1	2	1	1	2	1	1	2	2	1	1	1	1	1	3	3	2	1	1	2
42	500	98	95	94	93	90	88	87	85	83	81	80	79	78	71	70	67	65	63	62	61	59	57	56	52	51	49	47	45	44	43	42	40	34	32	31	30	29	25	24	22	21	20	1	1	2	1	2	1	2	1	1	1	1	1	2	3	2	1	1	1	2	1	2	1	2	1	1	1	1	1	2	3	2	1	2	1	2	1	2	1	1	1	2	1
