10
46	500	99	97	96	93	92	91	90	88	87	86	85	84	82	80	79	77	75	74	72	68	67	66	65	64	60	58	54	50	48	45	44	43	39	37	31	29	22	21	16	15	13	10	9	7	6	3	1	1	1	2	1	1	1	1	5	1	1	1	1	1	2	1	1	1	1	1	1	1	1	1	1	1	1	1	2	1	1	1	1	2	2	1	1	1	2	1	1	2	2	1	3	1
46	500	97	94	93	88	85	81	80	79	76	74	72	71	66	65	64	61	60	58	56	55	52	51	50	49	48	46	44	42	41	40	37	36	33	32	31	28	26	23	20	18	14	12	11	10	6	3	1	1	1	2	1	2	1	1	1	2	2	1	1	1	1	1	2	1	1	1	3	2	2	1	1	1	1	1	2	1	1	1	2	2	1	1	1	2	1	1	1	1	1	1	1	2
39	500	98	96	94	91	90	88	87	86	82	81	78	76	74	73	72	66	65	61	55	45	41	38	36	35	33	31	28	27	26	24	23	22	20	13	12	10	9	3	2	1	1	2	3	1	2	3	1	1	2	1	2	1	1	1	1	1	2	1	1	2	1	1	1	2	1	1	1	1	4	1	2	1	2	2	2	3	1	2
47	500	96	93	87	84	79	78	76	74	72	70	69	66	65	60	58	55	54	52	50	48	47	46	44	43	42	41	39	38	36	35	33	31	29	25	22	21	20	19	18	17	16	14	12	11	10	9	6	1	1	1	1	3	1	1	1	1	2	1	2	1	2	3	1	1	1	1	1	1	1	1	2	1	1	2	1	1	1	1	1	1	1	2	1	2	1	1	2	1	1	2	1	1	1	1
46	500	99	96	93	92	91	89	86	84	83	79	78	77	76	74	72	71	70	68	67	66	65	64	51	50	47	46	45	42	41	40	37	35	33	32	31	30	24	23	20	19	18	15	11	5	4	3	2	1	1	2	1	1	1	1	2	1	2	1	2	1	1	2	1	1	1	2	1	2	1	1	1	1	1	1	1	1	2	1	1	2	3	1	1	1	1	2	1	1	1	2	1	1
45	500	99	98	97	95	94	93	92	90	88	87	86	84	82	81	77	75	71	63	62	59	57	56	53	52	50	49	46	45	44	38	37	35	33	31	27	26	24	21	19	16	9	8	7	2	1	1	1	1	4	1	1	1	2	1	2	1	1	1	1	1	1	2	1	1	1	1	1	1	1	1	2	2	3	1	1	1	1	2	1	1	1	3	1	1	2	2	1	1	1	1
45	500	98	97	95	90	89	87	86	85	82	79	78	74	72	68	67	66	65	59	57	56	55	50	46	39	38	37	33	31	28	27	25	22	21	19	16	12	11	10	9	8	7	6	5	4	3	1	1	1	1	2	1	1	2	1	1	1	1	1	1	1	1	2	3	3	1	2	2	1	1	1	2	3	1	1	1	1	1	1	1	1	1	1	2	1	1	1	2	1	2	1
46	500	98	97	95	90	89	82	81	78	75	74	72	69	68	67	66	65	62	61	60	59	58	56	55	54	53	51	49	48	45	43	38	32	29	28	26	25	24	23	20	19	18	16	14	9	7	5	1	1	2	1	1	1	1	2	1	1	1	1	1	1	2	2	2	2	1	1	1	2	1	1	1	1	1	2	1	1	3	1	2	1	1	4	1	1	1	1	1	1	1	1	1	1
49	500	98	96	95	93	92	91	88	87	85	83	82	78	76	74	71	70	69	67	66	63	62	60	57	55	52	51	50	48	44	43	42	40	39	38	37	34	32	28	25	22	20	19	17	16	14	10	9	6	2	2	2	1	1	1	1	2	1	2	1	1	1	1	1	1	1	1	2	1	1	1	1	1	1	1	3	1	1	1	1	2	1	1	1	1	1	1	1	1	1	2	1	1	2	2	1	1	1	1
50	500	95	91	88	86	81	80	77	76	73	71	70	69	68	67	64	63	62	61	58	56	55	51	50	49	48	47	46	44	43	41	39	37	36	31	29	27	26	23	22	21	19	18	14	13	9	8	7	6	2	1	1	1	1	1	1	2	1	1	1	1	1	1	1	3	1	1	2	1	2	1	1	2	2	1	1	1	1	1	1	2	1	1	1	1	1	1	1	2	1	1	1	1	1	1	1	1	1	1	2	1
