10
34	500	99	96	94	93	92	91	89	88	87	86	83	78	77	75	74	73	72	71	70	69	68	65	64	62	61	60	58	57	56	55	54	53	52	50	3	1	1	2	3	3	3	2	1	2	1	1	1	2	2	1	1	1	1	1	1	2	3	3	2	1	2	1	1	2	1	5	2	1
35	500	98	96	95	94	93	92	91	89	88	87	85	84	83	81	80	79	78	77	76	73	72	71	69	68	67	66	64	63	62	59	58	56	53	52	51	1	1	1	1	1	2	1	1	3	4	4	3	2	1	1	1	2	1	3	2	1	1	2	2	2	1	2	2	2	2	1	1	1	3	1
34	500	99	98	97	96	95	94	92	89	87	86	85	84	83	79	78	77	76	75	71	69	68	66	65	64	63	62	60	59	57	55	54	52	51	50	2	2	2	2	2	4	2	1	1	3	2	3	1	1	1	2	1	1	1	1	2	1	2	2	2	2	1	2	2	1	1	1	2	4
32	500	98	97	96	95	94	93	91	90	88	85	83	81	78	75	73	71	70	69	68	66	65	63	62	61	58	57	55	54	53	52	51	50	2	2	1	1	3	1	1	1	2	1	2	1	3	1	1	6	1	2	3	1	4	3	1	3	4	1	1	1	1	2	1	2
36	500	99	97	96	95	94	93	92	91	89	88	86	84	81	80	78	77	76	75	74	73	71	70	69	68	67	66	65	64	62	60	57	56	55	53	51	50	3	4	1	2	1	4	1	1	1	1	1	2	1	2	3	1	2	2	1	2	1	1	1	3	1	1	1	1	2	3	2	1	2	1	1	2
34	500	98	97	95	93	92	91	90	89	88	87	86	85	83	82	80	78	76	75	73	72	69	68	67	66	65	64	63	62	60	58	57	56	54	50	1	1	1	1	1	2	1	2	1	2	2	2	4	3	1	3	1	1	1	1	4	1	1	2	1	2	5	1	3	1	3	1	2	1
39	500	99	98	97	95	94	92	91	90	89	88	87	86	85	84	83	82	80	79	77	76	74	73	72	70	69	68	67	66	65	64	62	61	60	58	56	54	53	51	50	1	1	1	2	1	2	2	1	2	1	1	2	2	3	1	1	2	2	2	1	1	1	1	3	2	1	2	4	1	1	1	1	2	1	2	1	1	2	1
38	500	99	96	95	94	93	92	91	90	88	87	83	82	81	80	78	77	76	75	74	72	71	70	69	68	67	66	65	64	63	61	60	59	58	57	55	52	51	50	1	1	1	1	2	1	1	3	2	1	1	2	1	1	1	3	1	1	2	1	1	1	1	5	1	1	2	1	3	2	2	1	2	1	3	2	2	1
34	500	99	98	97	94	93	92	90	88	87	86	85	84	83	81	79	78	77	73	72	71	69	68	67	66	64	60	59	58	57	55	54	53	52	50	4	1	1	1	2	1	2	3	5	1	1	1	2	1	1	2	1	1	1	5	1	2	1	1	2	3	1	1	3	2	2	1	2	1
35	500	99	98	96	95	94	93	92	90	88	87	86	85	83	82	81	80	79	78	77	76	75	71	70	69	68	67	66	65	63	62	61	60	55	52	51	1	1	1	1	1	2	2	4	2	1	1	2	3	1	2	2	1	2	2	2	1	1	2	2	3	1	1	1	4	1	1	4	2	1	1
