10
52	120	99	98	96	95	94	92	91	89	88	87	85	82	81	79	78	77	74	73	72	70	68	67	66	65	62	60	58	57	56	55	54	53	52	49	47	46	44	42	41	40	39	38	37	33	30	29	28	27	26	25	24	22	2	2	1	2	2	1	1	4	1	1	1	1	2	1	1	2	3	1	2	1	1	1	1	3	1	2	1	3	1	4	2	1	1	1	1	2	2	1	2	2	2	1	1	1	1	2	1	2	1	1	1	1
52	120	99	98	96	95	93	91	88	86	85	83	82	81	78	77	76	75	74	73	72	70	68	66	65	64	61	59	58	57	56	55	54	53	52	51	49	47	46	44	42	41	40	38	37	34	32	31	30	28	27	25	24	22	2	3	1	2	2	2	3	1	2	1	2	2	2	1	2	1	1	2	2	3	1	1	2	2	2	1	1	2	1	1	1	1	1	1	1	1	2	1	1	2	1	1	1	1	1	1	2	2	3	1	1	2
46	120	97	95	93	92	91	90	86	85	84	83	79	78	77	76	75	71	70	69	68	66	65	64	63	61	60	59	57	52	50	49	48	45	43	40	39	38	34	33	30	28	26	24	23	22	21	20	1	3	3	4	1	1	3	1	1	1	1	1	1	2	1	3	1	2	2	2	1	1	1	3	1	2	1	1	3	1	1	2	1	1	1	4	3	1	1	3	1	1	2	4	2	2
47	120	98	97	95	94	93	91	87	86	83	82	81	80	77	76	75	74	70	68	66	65	64	63	60	58	57	55	52	51	50	49	48	47	46	45	41	38	33	32	31	30	27	26	25	24	22	21	20	4	2	1	1	1	2	1	2	3	1	2	1	2	1	3	1	1	1	2	1	2	4	3	1	1	2	1	1	1	3	2	1	1	2	1	4	1	2	1	1	1	1	4	2	2	1	1
46	120	99	98	97	95	94	93	88	87	85	84	81	78	77	76	75	73	72	71	70	69	66	64	62	61	60	58	57	53	50	49	48	47	46	44	43	42	34	32	30	29	28	27	26	25	24	23	1	1	1	4	2	2	2	1	3	2	1	3	2	3	2	1	1	1	1	2	1	1	1	1	2	1	2	2	1	4	2	1	1	2	4	1	2	1	3	1	1	2	3	2	1	1
49	120	99	98	97	95	93	91	89	88	86	84	82	80	79	78	77	76	75	74	69	67	65	64	63	62	57	56	55	49	48	46	45	44	43	42	40	39	38	37	36	35	33	32	29	27	26	24	23	22	21	1	2	1	2	1	1	1	3	2	3	1	4	1	2	1	1	1	3	2	1	2	2	1	1	3	4	3	2	3	1	1	1	2	2	1	2	1	1	2	1	1	1	1	1	2	1	1	1	1
46	120	95	93	92	90	88	84	82	80	76	75	74	73	72	71	69	68	67	64	63	62	61	60	59	58	57	56	54	50	49	48	46	45	44	43	41	37	36	35	34	33	31	30	28	25	23	21	3	2	1	2	1	3	2	1	1	2	3	3	3	2	2	4	1	1	3	1	1	1	1	1	2	1	1	1	2	3	1	1	1	2	1	1	4	1	1	2	1	1	1	3	2	2
51	120	99	96	95	94	92	91	90	89	88	84	83	82	81	79	77	76	75	72	71	69	67	66	64	63	60	59	58	57	56	52	49	48	47	46	42	41	40	39	38	37	35	33	31	30	29	28	27	25	24	21	20	2	1	1	1	1	1	3	1	1	1	4	1	3	3	1	3	1	1	1	1	1	2	2	2	1	1	1	3	3	1	1	1	1	1	4	1	1	2	3	1	2	1	1	2	1	1	2	1	1	1	2
49	120	99	98	97	96	95	94	93	91	89	88	87	86	84	83	82	80	79	78	74	73	70	69	67	64	62	61	58	56	55	54	53	52	48	47	46	44	41	40	38	37	35	34	33	32	31	28	27	24	21	3	2	2	2	3	3	2	2	1	1	1	1	1	2	4	1	1	1	1	1	3	1	2	1	1	2	1	3	1	3	2	1	1	2	1	1	4	1	1	1	1	1	3	1	2	1	1	1	1
48	120	94	93	92	89	88	85	84	83	80	77	76	75	72	71	70	67	66	65	64	63	62	61	59	58	57	56	55	53	52	51	50	48	47	46	45	43	39	37	34	33	32	31	30	29	28	23	22	21	2	1	1	1	1	1	4	1	1	2	2	1	1	2	1	1	1	3	2	2	1	1	1	1	1	1	1	2	1	6	2	3	1	1	2	1	3	1	3	1	2	1	3	3	1	1	1	3
