10
38	120	99	97	96	95	94	90	89	88	87	86	85	84	83	81	80	78	77	76	75	74	73	72	71	68	67	66	65	63	61	60	59	58	57	56	55	53	51	50	5	1	2	1	1	2	2	1	2	1	3	1	3	1	3	2	2	3	4	1	1	2	1	5	3	1	1	2	4	3	3	4	4	1	1	1	1	1
39	120	98	97	96	94	93	92	91	90	89	88	87	85	84	83	81	79	78	77	76	75	74	72	71	70	68	67	66	64	63	62	60	59	58	57	56	53	52	51	50	2	2	5	3	1	1	2	2	2	3	3	3	3	1	1	1	2	4	2	4	4	1	1	2	3	2	2	1	1	1	1	1	1	4	1	3	1	2	1
43	120	99	97	96	95	94	93	92	91	89	88	87	86	85	84	83	82	81	80	79	78	77	75	74	73	72	71	69	68	66	65	64	62	61	60	59	58	57	55	54	53	52	51	50	4	1	2	3	3	1	1	1	3	2	1	4	2	1	1	1	1	1	3	2	1	1	1	2	3	2	2	1	3	1	5	1	1	2	3	1	2	2	2	2	1	1	2
38	120	99	94	93	92	91	90	89	88	87	86	85	84	83	82	81	80	79	78	77	75	74	73	72	71	68	67	66	65	64	63	62	61	60	59	58	53	52	51	3	3	1	2	1	3	1	1	2	2	2	1	1	5	2	2	1	4	2	1	2	3	3	1	2	1	2	4	2	1	4	2	3	4	1	1	1	3
39	120	98	97	96	95	94	91	90	88	87	86	85	83	82	80	79	78	77	76	75	74	73	72	71	70	69	67	66	63	62	61	60	59	57	56	55	54	53	52	51	1	2	3	2	2	3	3	4	1	2	1	2	4	1	2	3	4	1	1	3	1	4	1	3	1	1	1	2	2	2	1	3	2	3	2	1	1	3	1
39	120	98	97	96	95	94	93	91	89	88	87	86	85	84	83	82	81	80	79	78	76	75	74	73	72	71	70	69	67	65	64	63	61	60	59	58	57	55	53	52	4	2	2	2	2	3	2	3	4	1	2	4	1	1	4	4	5	2	1	1	2	1	1	1	2	1	1	2	2	1	1	2	2	1	1	2	2	3	2
38	120	98	95	93	92	91	90	89	88	87	85	84	83	82	79	78	76	75	74	73	72	71	70	69	68	66	65	64	61	60	59	58	57	56	55	54	53	52	50	2	2	2	2	1	2	2	2	2	1	3	3	3	1	5	3	2	2	1	1	2	2	1	4	1	1	4	1	3	1	1	3	2	1	4	1	4	2
40	120	99	98	97	96	95	93	92	91	90	89	87	86	85	84	83	82	81	79	78	76	75	74	72	71	70	68	66	65	63	62	60	59	58	57	56	55	53	52	51	50	2	1	5	1	2	2	3	1	2	2	3	3	1	1	1	1	1	1	2	3	2	2	3	1	4	2	2	1	1	2	1	3	2	3	3	1	1	1	4	3
37	120	98	97	95	94	93	90	89	88	85	84	83	82	81	80	79	78	77	76	74	73	71	70	69	68	67	66	65	62	61	59	58	57	55	53	52	51	50	3	3	1	2	4	2	1	2	3	2	2	3	1	1	1	3	2	4	2	2	3	3	3	1	1	4	2	2	3	1	2	2	2	1	1	3	2
38	120	97	96	95	93	91	90	89	88	86	84	83	81	80	79	78	77	76	75	74	71	70	69	67	66	65	64	63	62	61	59	58	57	56	55	54	52	51	50	5	1	1	5	3	1	1	2	1	2	4	1	1	1	1	2	1	3	2	2	2	1	3	1	3	3	2	2	3	2	1	3	2	1	4	4	2	1
