10
51	150	99	98	93	92	90	89	88	84	81	79	78	76	74	73	71	70	67	65	63	61	60	59	58	56	55	53	51	49	48	47	46	45	44	43	42	41	40	38	37	33	32	31	29	28	27	26	25	23	22	21	20	1	1	1	1	1	2	2	1	1	1	1	1	1	3	2	1	1	1	1	2	2	1	1	1	2	1	2	1	3	2	3	3	1	2	2	2	1	1	2	1	3	2	2	2	2	1	1	1	2	2	2
48	150	97	96	95	93	91	90	89	86	85	84	82	81	80	79	78	74	73	72	65	64	62	58	54	53	51	50	49	47	46	45	43	42	41	40	39	37	35	34	32	31	30	28	27	26	24	23	21	20	1	3	1	1	1	1	1	1	1	1	1	4	1	4	2	3	1	1	2	1	2	1	2	2	1	4	2	1	2	1	1	3	2	1	1	1	2	1	1	2	1	2	3	2	1	3	1	2
56	150	99	96	95	94	93	92	91	89	88	87	86	85	83	82	81	80	79	78	77	76	72	71	70	69	68	67	66	64	60	58	51	50	49	48	47	45	44	43	42	41	40	39	38	37	36	35	34	32	31	30	29	28	25	24	22	21	1	1	1	1	1	1	2	1	1	1	1	1	1	2	3	1	1	1	1	1	1	1	1	1	2	2	1	1	1	3	1	1	1	1	2	2	1	2	2	1	2	1	1	1	1	1	1	2	2	3	4	1	1	1	3	3
51	150	99	96	94	93	91	90	89	88	86	85	84	83	82	77	75	74	72	71	69	68	67	66	61	60	58	57	56	55	54	53	52	51	48	47	44	43	42	41	38	37	36	35	33	32	29	28	27	25	24	23	21	2	2	2	5	1	1	1	1	1	2	2	1	3	2	2	1	1	2	1	2	1	1	1	2	1	2	2	1	2	1	1	3	1	1	1	1	1	2	1	1	2	1	2	2	1	1	1	2	4	1	1
47	150	99	98	97	96	93	92	90	88	87	86	85	83	80	79	78	77	74	73	72	70	69	67	66	61	58	57	54	53	52	51	50	48	45	44	43	42	41	40	39	36	35	30	29	28	26	24	21	2	1	3	1	1	1	2	2	1	1	1	2	2	2	2	2	2	2	2	2	1	3	2	2	3	2	1	2	1	1	1	2	1	3	1	1	3	2	1	2	1	2	2	1	1	2	2
45	150	98	97	94	93	90	89	88	87	86	84	83	80	79	77	76	75	74	73	72	71	70	69	65	64	55	53	50	47	46	45	44	41	38	37	36	35	33	32	30	28	27	25	24	22	20	2	2	2	2	1	1	2	3	2	1	4	1	1	1	2	1	1	1	1	1	2	1	2	1	4	2	1	1	4	4	2	1	2	5	1	1	2	2	2	1	3	1	1	1	1
49	150	99	98	96	95	93	91	89	88	87	86	84	83	82	81	80	79	78	75	73	72	71	70	67	65	63	61	60	59	58	57	55	51	49	48	47	45	41	39	37	35	32	31	29	28	26	25	24	22	21	1	3	1	1	1	4	1	3	1	1	2	2	1	2	4	1	2	1	2	1	2	1	1	2	1	1	2	4	1	2	1	3	1	2	1	1	3	2	1	2	2	1	1	1	1	1	1	1	2
49	150	97	96	94	92	91	89	88	87	83	82	80	79	78	75	73	71	70	69	68	67	65	64	63	62	60	59	57	55	53	51	50	48	46	45	44	43	42	41	40	38	35	30	29	28	27	25	24	23	22	1	3	2	1	3	1	1	1	2	1	1	3	2	3	3	2	1	1	1	2	1	2	2	1	1	2	1	1	4	1	1	1	1	1	2	4	1	2	1	2	2	2	1	2	1	1	1	2	1
50	150	98	97	96	94	93	92	91	90	88	87	86	85	83	82	80	77	75	74	72	71	70	67	66	61	59	58	56	55	54	52	51	50	49	48	47	46	45	42	41	40	38	34	33	32	28	27	25	24	23	21	1	1	1	3	1	1	2	1	2	1	1	1	1	1	1	1	1	1	3	1	2	1	1	4	1	3	1	2	2	1	1	2	2	1	1	3	2	1	2	2	1	2	1	1	1	2	1	3	3	4
50	150	99	97	96	95	94	91	90	89	88	87	86	84	81	80	77	75	73	70	69	67	66	63	61	60	59	58	55	54	53	52	50	49	47	46	45	43	42	38	37	36	35	33	32	31	26	24	23	22	21	20	2	1	1	1	1	1	1	2	5	3	1	1	1	1	2	1	1	2	1	1	1	1	4	2	2	1	1	2	1	3	2	1	1	3	2	1	1	2	2	1	3	1	1	1	1	1	1	2	2	3
