10
52	150	99	96	95	93	88	87	86	85	83	79	78	77	76	75	73	72	69	68	66	65	62	61	60	59	58	57	55	52	51	46	44	43	39	38	34	33	32	31	29	28	27	25	22	19	18	17	14	11	6	5	2	1	2	1	1	2	1	1	2	2	1	5	1	1	2	2	2	1	2	3	1	2	1	2	1	1	1	1	1	1	1	1	1	1	1	1	3	1	2	1	2	1	1	1	2	1	3	2	2	1	2	1	1	3
54	150	99	98	97	96	94	93	90	89	88	86	84	82	81	80	79	77	71	69	68	66	64	61	55	54	53	50	49	48	47	46	45	44	43	41	40	39	38	35	34	32	24	22	20	19	18	17	16	15	14	12	10	9	6	3	1	1	2	2	1	1	3	2	1	1	2	1	1	2	1	1	1	1	2	2	1	1	2	1	1	1	2	2	2	1	3	1	1	1	1	1	1	1	2	1	3	2	1	1	1	3	1	1	1	1	1	4	2	2
52	150	99	96	94	93	92	86	84	82	80	78	77	74	73	71	70	69	67	66	63	60	59	56	55	53	51	50	49	46	45	44	43	41	39	38	35	34	32	28	27	26	25	24	22	21	20	18	16	15	14	6	2	1	2	2	4	1	1	1	3	1	4	1	2	1	2	1	1	1	1	1	2	1	2	1	1	1	1	2	1	1	1	2	5	1	2	1	4	1	2	2	1	1	1	1	1	1	1	1	1	2	1	2	1	1
56	150	98	96	94	92	90	87	86	85	84	82	80	79	78	77	76	74	72	71	68	63	60	59	58	54	53	50	49	46	43	42	41	40	38	37	35	34	33	31	30	22	20	19	18	17	16	14	13	10	8	7	6	5	4	3	2	1	3	1	1	1	1	1	1	1	4	1	1	2	1	1	1	1	1	1	1	1	1	1	1	2	2	2	1	1	2	1	1	1	1	1	2	2	2	1	1	1	2	2	2	1	1	1	2	1	1	4	2	2	2	1	2	1
54	150	99	98	96	95	93	92	89	87	85	84	83	82	77	76	75	74	73	71	70	69	68	66	64	61	56	55	53	51	50	49	48	43	41	40	39	37	36	32	31	30	28	23	22	21	20	16	13	11	10	9	8	7	2	1	2	1	1	1	3	2	2	1	1	1	2	1	1	1	1	1	1	3	1	1	2	2	3	1	1	3	3	1	1	1	1	3	2	1	1	1	1	1	2	1	2	1	1	1	2	3	1	1	2	1	1	2	1	1
51	150	99	98	97	89	88	84	80	79	76	74	72	71	70	69	64	63	62	60	59	58	57	54	53	52	48	47	44	43	41	40	39	36	35	34	32	30	24	23	22	21	19	18	16	13	12	11	10	9	8	5	2	2	1	1	2	1	1	3	2	1	1	1	2	2	2	1	4	1	2	1	1	1	1	1	1	1	1	1	2	2	1	3	1	1	1	3	1	1	2	2	2	1	1	1	1	2	3	1	3	3	1	2
50	150	97	96	94	93	92	91	88	84	83	80	75	73	71	70	67	66	65	64	62	61	60	57	56	53	52	50	47	45	44	43	40	39	38	37	35	30	25	23	22	20	16	13	12	10	9	8	6	5	3	1	1	1	2	2	1	2	2	1	3	1	1	3	1	2	1	1	1	1	2	2	2	1	2	2	3	1	3	1	1	1	1	2	3	1	2	1	1	1	2	3	3	1	1	1	1	2	1	1	3	1
54	150	99	97	96	94	92	91	90	89	85	84	83	81	80	79	78	76	73	72	71	69	68	66	65	64	63	60	59	57	55	52	51	50	49	47	45	42	38	35	34	33	31	30	29	24	23	22	19	18	16	14	9	8	6	4	1	3	1	1	3	1	1	1	1	1	2	2	3	1	1	2	2	1	1	1	1	1	3	1	1	3	2	1	1	1	1	2	1	1	1	1	1	2	1	1	1	1	2	2	1	1	3	4	1	1	1	1	2	2
54	150	99	98	97	96	95	94	93	92	91	89	88	87	86	85	84	83	82	78	76	75	74	73	72	71	68	67	66	62	59	56	51	50	48	47	46	45	43	41	39	36	35	34	33	32	31	29	27	26	24	23	17	13	9	7	1	1	2	2	2	1	1	2	2	1	2	2	1	3	1	1	1	1	2	1	2	1	1	2	2	1	1	1	2	3	2	1	1	1	1	1	1	2	1	1	1	4	2	1	1	1	3	3	1	1	1	1	1	1
51	150	99	95	94	93	92	91	90	89	88	87	86	83	82	80	77	75	74	69	66	62	61	60	59	57	56	55	52	50	45	42	41	39	37	36	35	34	32	31	30	27	26	22	21	17	15	14	11	10	8	7	2	1	1	2	1	3	1	1	2	1	2	1	1	2	1	4	2	2	3	1	1	1	1	5	2	3	1	2	1	1	1	1	1	2	4	2	2	1	1	1	1	1	1	1	2	1	1	1	2	1	1	1
