10
42	150	99	97	96	95	94	93	92	91	89	88	86	85	84	83	81	80	79	76	75	74	73	72	71	70	69	68	67	66	64	63	62	61	60	59	58	57	55	54	53	52	51	50	2	2	1	3	1	2	2	1	1	3	4	2	2	1	2	2	1	2	2	1	1	3	3	4	2	1	1	1	1	1	1	1	1	1	5	2	3	5	1	1	1	3
42	150	99	98	97	96	94	93	92	91	90	89	88	87	86	84	83	81	80	79	78	77	75	74	73	72	71	69	68	67	66	65	64	63	62	61	59	58	57	55	54	53	52	50	2	2	1	2	1	2	1	1	2	1	1	2	2	2	3	2	1	3	3	2	1	4	3	1	1	2	3	3	3	2	2	2	1	2	1	2	2	2	2	2	1	2
44	150	99	98	97	96	95	94	92	90	88	87	86	85	84	83	82	81	80	79	78	77	76	75	74	73	72	70	69	68	66	65	64	63	61	60	59	58	57	56	55	54	53	52	51	50	1	1	1	1	1	1	4	4	3	1	1	1	2	1	3	1	1	1	1	1	1	4	2	1	2	3	3	2	1	1	2	2	2	2	1	1	2	1	3	3	3	2	4	1
41	150	99	98	97	96	95	94	93	92	89	88	86	85	83	82	81	80	79	77	76	74	73	72	71	70	69	67	66	65	64	63	62	61	60	59	58	57	56	54	53	52	50	3	1	2	2	2	3	1	3	1	2	1	1	2	1	3	3	1	4	1	4	1	1	2	3	2	2	2	2	2	3	1	2	2	2	1	2	1	3	3	1	1
38	150	99	98	96	95	94	93	92	91	90	89	88	87	86	85	84	80	79	78	77	76	75	74	73	70	69	68	67	66	65	63	61	60	58	55	54	52	51	50	1	1	2	2	4	1	1	3	2	1	1	2	1	4	4	3	2	4	2	2	2	5	2	1	1	2	1	1	2	2	3	2	2	3	1	1	3	3
40	150	99	98	97	96	95	94	93	92	91	90	89	88	85	82	81	79	77	76	75	74	73	72	71	68	67	66	65	64	63	62	61	59	58	56	55	54	53	52	51	50	3	2	4	2	3	2	4	1	5	3	2	1	1	3	1	3	2	3	4	1	1	1	1	1	1	1	3	1	1	1	1	1	2	1	3	3	1	2	1	3
44	150	99	98	97	95	94	93	92	91	90	89	88	87	86	84	83	82	81	80	79	78	76	75	74	73	71	70	69	67	66	65	64	63	61	60	59	58	57	56	55	54	53	52	51	50	1	1	1	1	2	4	1	7	2	1	2	1	2	2	2	1	2	1	2	4	1	2	1	2	1	1	1	1	1	3	1	1	3	1	1	1	5	1	2	1	2	3	2	2
42	150	98	97	95	94	93	92	91	90	89	88	86	85	83	82	81	80	79	78	77	76	75	74	73	71	69	68	67	66	65	64	62	61	60	59	58	56	55	54	53	52	51	50	4	2	2	3	1	4	1	2	2	3	2	2	3	1	1	1	2	1	3	1	1	2	1	3	1	2	2	2	2	3	1	2	1	3	2	4	1	1	2	1	1	1
37	150	98	97	96	95	94	93	91	90	88	86	85	84	81	80	79	78	77	74	73	69	68	67	66	65	64	63	62	61	60	59	58	57	56	54	53	52	51	4	2	1	1	2	4	4	1	6	3	3	1	2	1	1	5	2	1	2	3	2	1	2	1	3	1	3	1	1	2	1	1	1	5	3	1	2
39	150	98	97	96	94	93	92	91	90	89	88	87	86	82	81	80	78	77	76	73	72	71	70	69	68	67	66	64	63	62	61	60	59	58	57	56	55	54	52	50	1	1	3	1	1	7	3	1	1	3	3	2	1	1	2	2	5	5	1	2	1	2	2	1	1	3	2	2	1	1	1	1	4	4	2	2	1	2	1
