10
53	100	99	98	97	96	95	94	93	91	90	89	88	87	86	83	82	81	77	76	74	72	71	70	69	68	67	66	65	64	63	57	54	52	49	48	47	46	45	44	42	40	39	38	36	35	33	32	30	28	26	24	22	21	20	1	1	2	2	3	1	1	1	1	2	1	1	2	2	1	1	1	1	2	1	1	1	1	4	1	1	2	2	2	3	2	2	2	1	1	2	1	1	3	1	1	2	1	1	1	2	1	1	2	1	2	1	2
51	100	99	97	96	95	94	93	91	90	89	88	86	84	83	82	77	76	73	72	70	68	66	65	63	62	60	59	58	54	53	52	51	49	48	46	44	42	39	38	37	36	35	33	31	30	28	27	26	25	24	22	21	1	2	1	1	2	1	2	1	2	1	1	2	2	1	1	2	2	3	3	1	1	2	3	1	3	1	1	2	1	1	2	1	1	1	1	3	1	1	1	1	1	1	1	3	4	1	2	2	2	1	1
49	100	99	98	96	93	91	90	88	83	82	81	80	79	78	77	73	69	68	67	66	65	61	60	59	57	55	54	51	48	47	46	45	43	42	41	38	37	36	35	34	33	32	31	30	28	27	26	25	24	20	3	2	3	1	1	1	1	1	3	1	1	4	1	3	1	1	1	1	3	2	1	2	2	1	1	1	1	3	1	1	3	1	2	2	2	3	2	2	1	2	2	1	1	1	1	1	2	1	1
52	100	97	96	95	94	91	89	86	85	83	82	78	77	73	72	71	70	69	68	67	66	65	63	62	61	60	59	58	57	53	52	51	50	49	48	47	45	44	43	42	41	40	39	38	37	35	34	33	30	26	22	21	20	1	1	2	2	1	1	3	1	1	1	2	1	2	1	2	1	1	1	2	2	1	2	2	1	2	1	1	2	4	1	1	1	3	1	2	1	3	1	1	1	2	1	1	2	2	1	1	1	1	3	2	2
49	100	99	96	95	94	90	89	88	87	85	84	82	77	76	73	72	71	70	69	67	66	65	62	61	60	56	55	51	49	46	45	44	43	42	41	40	39	38	36	34	33	29	28	27	26	25	24	23	22	20	1	1	3	1	1	1	2	3	3	1	1	2	1	1	1	2	1	2	2	1	1	1	1	1	1	2	1	2	1	3	1	2	2	1	1	1	1	1	2	1	5	1	4	3	2	2	2	2	1
51	100	99	95	94	93	92	91	89	88	87	86	84	83	82	81	74	71	68	67	65	64	61	58	57	54	53	52	51	50	48	47	46	44	43	42	41	40	38	37	36	35	34	33	32	31	30	29	27	26	25	22	20	2	1	2	4	2	1	1	1	1	1	1	1	1	2	1	1	4	1	1	1	1	2	2	2	1	1	2	2	2	1	1	1	1	2	2	1	1	3	1	2	1	2	1	4	3	1	3	1	1	1	1
55	100	99	98	96	95	94	93	92	91	89	87	86	85	84	83	82	81	80	76	73	72	71	69	68	67	65	63	62	61	60	59	58	57	56	50	49	48	47	45	44	43	42	41	40	38	37	36	34	33	32	31	29	28	26	23	20	1	2	1	1	1	1	1	1	1	2	1	1	1	2	2	1	1	2	1	1	1	1	3	1	1	1	2	1	2	1	1	2	1	2	1	2	1	1	1	2	1	3	2	1	1	1	1	1	4	4	1	2	1	2	2
52	100	98	97	96	94	93	92	91	90	88	86	85	84	83	80	77	76	75	71	70	69	68	67	65	64	63	61	60	57	56	55	54	53	52	48	47	46	45	42	41	40	39	38	36	34	32	30	27	25	24	23	22	20	3	4	1	1	2	1	1	1	1	3	1	1	1	1	1	1	2	2	1	1	1	3	1	2	2	1	3	1	2	1	1	2	3	1	2	1	2	1	1	1	1	1	1	2	1	4	2	1	2	1	1	1
51	100	99	98	97	96	94	93	91	90	89	88	87	86	85	84	83	82	80	78	77	75	74	72	70	69	68	67	63	62	60	59	54	52	50	48	46	45	42	39	38	36	34	33	32	30	28	27	26	25	24	22	20	2	1	2	1	1	2	1	2	2	1	2	3	1	2	1	1	2	1	2	3	2	1	2	1	2	2	1	1	1	1	1	2	3	1	1	1	1	1	1	2	2	2	4	1	2	2	1	1	1	2	1
55	100	98	97	95	93	90	89	88	87	86	84	82	81	80	79	78	77	74	73	72	70	69	68	67	65	63	59	58	57	55	53	52	51	50	49	48	47	46	45	44	41	40	36	35	34	32	31	30	28	27	26	25	24	23	21	20	1	1	4	1	1	1	2	1	1	1	1	4	1	2	1	1	1	1	1	1	3	1	2	1	2	3	1	1	1	1	1	1	2	1	1	1	1	1	4	1	1	1	2	5	1	1	1	1	2	1	1	1	1	2	1
