10
51	120	99	98	93	90	87	86	82	79	78	75	70	67	66	65	64	62	61	58	57	51	50	49	47	44	43	42	41	40	37	36	33	32	31	30	29	28	26	25	24	23	22	21	20	18	17	13	12	7	5	3	2	2	3	1	4	1	1	2	2	1	1	2	3	2	2	1	1	3	2	1	3	1	1	2	1	1	1	1	1	2	1	1	1	1	2	1	1	1	3	1	1	1	1	2	1	1	3	2	1	2	2	1
52	120	99	98	97	93	92	91	90	89	88	86	85	82	81	80	79	77	76	74	73	72	65	63	62	61	59	58	57	56	52	50	48	47	46	43	42	41	39	38	37	34	33	31	29	27	26	19	18	15	14	13	11	1	1	1	5	2	2	2	1	2	1	3	1	1	1	1	1	2	2	2	1	1	1	1	1	1	2	1	1	1	2	2	3	1	1	2	3	1	1	2	3	1	1	1	1	1	1	3	1	1	2	2	1	1
56	120	99	98	96	95	94	93	91	89	88	87	86	85	82	80	78	76	73	71	70	69	68	67	66	65	64	63	61	60	58	56	55	54	53	52	51	45	44	41	39	38	37	35	33	31	30	28	26	22	20	19	14	11	9	8	5	4	2	1	2	1	2	2	1	1	1	1	1	1	2	1	1	2	1	1	1	1	2	2	1	2	2	2	2	3	1	1	1	1	1	2	1	2	2	1	1	1	1	1	1	1	1	2	3	1	2	1	1	1	2	2	1	2
50	120	99	96	95	94	92	89	86	84	83	82	81	79	75	72	70	69	68	67	66	63	62	58	57	53	52	51	47	41	40	37	35	34	33	30	29	25	21	19	18	17	15	14	12	10	9	8	7	6	3	1	1	1	2	1	2	3	4	1	1	1	1	1	1	1	2	2	3	2	1	2	2	1	2	1	2	1	2	1	1	2	2	3	1	2	1	1	2	1	2	1	1	1	1	2	2	4	1	1	2	1
55	120	99	96	94	93	92	91	90	87	85	83	81	79	78	77	73	70	67	64	63	62	59	58	56	54	53	52	50	47	44	43	42	41	40	38	37	33	31	30	29	28	27	22	21	20	18	17	16	12	11	10	9	8	4	2	1	2	1	1	2	1	1	2	1	2	2	1	4	2	2	1	1	1	2	1	1	1	1	1	2	1	1	2	1	1	1	2	1	2	2	2	2	2	1	1	2	1	1	1	1	1	1	2	1	1	2	2	1	2	2	1
53	120	99	98	96	94	93	91	90	88	87	84	83	81	80	79	78	76	75	74	72	70	68	66	65	62	60	56	55	54	53	52	50	49	48	45	41	39	37	34	33	32	31	30	28	27	25	23	22	20	19	12	11	5	4	1	1	1	1	1	1	2	1	1	3	1	1	1	1	1	1	2	2	1	1	1	1	1	2	1	1	1	3	2	3	3	1	1	3	1	1	2	1	2	2	1	3	2	2	1	1	2	1	2	4	1	1	1
49	120	99	98	97	95	94	93	91	90	85	84	83	82	81	74	73	71	67	66	65	64	63	56	55	51	50	47	44	43	42	41	37	31	29	28	27	23	22	20	18	17	16	15	14	12	9	7	6	2	1	1	2	1	2	2	4	1	2	2	2	2	1	2	1	1	1	1	1	1	2	2	2	1	1	1	1	3	3	3	1	4	2	1	1	2	1	1	2	1	2	1	2	2	1	1	1	1	3	1
52	120	97	96	92	91	89	87	85	84	81	80	79	78	77	76	75	74	72	71	70	69	68	67	64	61	59	56	54	53	51	47	45	44	41	40	38	34	30	27	26	25	22	21	19	18	16	15	14	13	10	9	2	1	3	2	1	3	2	1	1	1	1	2	1	1	1	2	2	2	1	1	2	1	1	2	1	3	1	3	1	1	1	1	3	1	1	1	2	1	1	4	2	2	2	2	2	1	1	1	1	1	1	2	1	1
51	120	99	97	96	93	92	91	90	88	86	85	84	83	81	80	77	76	75	73	72	71	69	68	62	61	58	57	56	55	53	52	47	45	35	34	32	31	30	29	27	26	24	23	21	18	17	14	10	7	5	4	1	1	2	1	1	1	1	3	2	1	2	1	2	1	1	1	1	1	2	1	2	2	2	1	2	3	1	1	1	2	1	1	3	1	2	1	1	2	1	1	1	6	1	1	1	3	1	1	3	2	2	1
50	120	99	98	96	95	94	93	92	91	90	88	86	85	83	81	80	76	74	72	71	70	69	67	64	63	62	58	57	55	53	52	51	49	48	46	44	41	38	36	35	28	24	21	20	16	15	12	9	7	6	2	1	1	1	2	1	1	2	1	3	1	1	1	2	2	1	2	3	2	1	2	1	1	3	1	1	1	2	2	2	1	3	1	1	2	1	1	1	4	2	2	1	1	1	1	2	1	2	1	2	4
