10
58	100	99	96	95	94	92	91	89	87	85	84	82	81	80	76	75	74	73	72	69	68	67	66	63	62	61	60	58	53	51	50	49	48	47	46	45	44	43	42	38	36	34	33	32	31	30	29	27	25	24	21	20	17	16	13	11	10	9	1	2	1	1	1	2	1	1	1	1	2	1	3	1	1	2	1	3	1	1	1	1	1	1	1	1	1	2	2	1	1	1	1	1	2	2	1	1	1	1	1	1	1	2	1	1	4	3	1	1	1	1	1	4	1	2	1	1	1
55	100	99	97	94	91	90	88	83	82	81	80	79	78	77	76	75	74	73	72	68	67	66	65	64	62	61	60	59	56	55	47	46	42	41	40	38	37	36	33	30	26	24	22	20	18	17	16	15	13	12	11	10	8	7	3	1	1	1	1	3	2	1	3	1	1	1	1	2	2	1	2	2	1	1	2	1	1	1	2	1	2	1	3	2	2	1	2	2	1	2	1	1	2	1	1	1	1	1	2	1	2	2	1	1	1	1	1	2	2	1	1
52	100	99	98	96	95	92	91	88	86	82	81	80	79	76	74	72	71	69	68	66	64	63	60	59	58	57	55	52	51	49	47	46	41	40	37	34	33	32	29	24	21	20	19	17	16	15	12	9	7	5	4	3	1	5	1	2	1	1	1	1	1	1	2	1	1	1	2	1	1	1	1	1	3	1	1	3	2	1	2	1	3	1	1	1	1	3	1	1	1	1	1	1	2	1	2	1	3	2	1	3	2	1	2	1	3
55	100	99	97	96	95	94	88	85	83	80	79	77	76	75	74	72	70	69	68	67	66	62	61	60	59	55	52	51	46	42	41	40	38	36	35	34	31	30	27	25	24	23	21	18	17	16	15	14	13	12	11	7	6	5	4	1	2	2	1	1	1	1	2	3	2	3	1	1	2	1	1	1	1	2	1	1	2	1	1	1	1	1	1	2	1	1	2	2	1	2	2	1	1	4	1	1	1	2	1	1	1	1	1	4	1	1	1	1	1	2	2
56	100	99	97	95	93	90	88	86	84	81	80	79	78	76	75	74	72	71	68	66	65	64	63	61	59	58	57	56	54	53	51	48	47	46	45	41	40	39	38	34	31	30	29	28	26	25	20	18	11	10	9	7	6	5	4	3	1	1	1	1	1	2	1	1	2	1	1	1	1	2	1	3	2	1	1	1	2	3	1	1	3	2	1	1	1	1	2	2	2	1	2	1	1	1	1	1	2	1	1	1	2	1	1	1	1	1	3	3	1	2	2	1	1
60	100	98	96	94	93	91	90	89	86	84	81	80	78	77	76	75	72	71	68	67	66	65	63	61	60	59	55	54	52	51	50	49	47	46	45	44	40	39	38	35	33	32	29	28	27	26	25	23	22	20	17	13	11	10	9	8	6	5	4	3	1	2	1	2	1	1	1	1	2	1	1	3	1	2	1	1	1	1	1	2	2	1	1	1	1	1	1	1	1	1	2	2	2	2	2	1	1	1	1	1	2	1	1	1	1	1	1	1	1	1	3	1	1	1	2	1	2	1	3	1	1
55	100	98	96	91	87	85	84	83	81	80	75	73	72	71	70	69	68	66	65	63	62	61	59	58	57	54	52	51	50	43	41	40	39	38	36	34	33	29	28	27	26	24	22	20	18	13	12	11	10	8	6	5	4	3	2	1	2	1	2	3	1	1	1	1	1	3	1	2	1	2	2	1	1	1	3	2	1	1	1	2	1	1	1	1	1	1	1	2	1	1	2	2	1	3	1	2	2	1	1	1	1	2	1	1	2	1	1	2	2	1	2
64	100	99	98	97	95	94	90	89	87	85	84	82	81	80	79	78	77	75	74	72	71	70	68	67	66	65	64	63	61	59	56	52	50	49	47	46	42	40	39	37	36	35	34	33	31	29	28	27	26	25	23	21	19	17	16	15	12	11	9	8	5	4	3	2	1	1	1	1	2	1	2	1	1	2	1	1	2	1	1	1	1	1	1	1	2	1	1	1	1	1	1	1	1	1	1	1	1	3	3	1	1	1	4	1	1	1	1	2	1	1	1	1	1	1	1	1	1	2	1	1	1	1	2	1	1	1	2	1	1
54	100	97	95	93	90	89	88	87	86	85	82	81	79	78	76	70	69	68	67	65	64	60	59	58	57	55	52	51	49	48	47	45	44	43	41	40	39	37	36	35	34	33	29	23	22	17	15	14	12	11	10	9	8	6	1	1	1	1	1	2	2	1	2	1	3	2	1	2	2	3	1	1	2	1	3	1	3	1	1	1	1	1	2	1	1	1	1	1	1	1	1	1	2	2	1	1	2	1	1	2	2	1	2	3	1	3	1	1	1
49	100	98	97	96	93	91	90	89	88	81	79	78	77	75	73	69	63	62	58	56	55	54	52	51	50	47	45	42	41	40	38	37	36	34	33	31	28	27	23	22	21	17	15	14	13	12	9	7	6	2	2	1	1	1	1	1	3	1	1	3	1	2	1	2	1	2	1	2	4	1	1	1	1	2	4	3	2	1	1	2	2	1	2	2	2	1	2	1	1	1	1	3	1	2	2	3	1	1	1
