10
40	200	99	98	97	96	95	93	92	90	87	86	85	84	83	82	81	80	79	78	77	76	75	74	73	72	70	69	67	66	65	64	63	62	60	59	57	56	55	54	53	50	3	1	2	2	3	1	2	3	3	2	2	2	1	1	3	1	1	4	5	1	1	3	2	1	1	1	2	2	1	1	3	2	1	1	3	4	3	2	1	2
40	200	99	98	96	95	94	93	92	91	90	89	88	85	83	82	80	79	78	77	75	74	73	72	71	70	69	68	67	66	65	64	63	62	60	58	56	55	54	53	52	50	3	4	3	2	2	1	1	4	3	1	4	1	3	1	1	1	2	3	1	1	2	2	3	2	3	2	2	1	1	3	2	1	1	1	3	2	2	3	1	1
37	200	98	97	96	95	94	93	91	90	88	87	86	85	84	83	82	81	79	78	74	72	70	69	68	66	65	64	63	61	60	59	58	56	55	53	52	51	50	1	2	2	2	4	1	1	2	3	2	3	2	1	6	2	1	2	3	5	1	2	1	1	2	2	3	1	3	3	1	2	2	1	3	2	3	2
41	200	98	97	96	95	94	93	92	90	89	87	85	84	83	82	81	80	79	76	75	74	73	71	70	69	68	66	65	64	63	61	60	59	58	57	56	55	54	53	52	51	50	4	1	1	1	2	1	1	2	3	1	3	2	2	1	3	1	2	4	3	6	1	2	1	3	2	2	1	2	2	4	1	1	2	2	1	1	1	2	1	1	3
41	200	98	97	95	94	93	92	91	90	89	88	87	86	85	84	83	82	79	78	76	75	72	71	70	69	68	67	66	65	64	63	62	61	60	58	57	56	55	54	53	51	50	2	3	1	3	1	3	1	1	4	1	3	1	1	3	2	3	1	1	3	1	2	3	2	1	3	5	1	1	1	3	1	1	1	4	2	2	2	1	1	2	2
40	200	98	97	96	95	94	93	92	91	90	88	87	86	84	83	82	81	79	78	76	75	74	73	72	71	70	68	67	66	65	64	62	60	59	58	56	55	54	53	52	51	2	3	2	2	2	1	1	2	2	1	2	4	2	2	2	2	4	3	1	4	2	1	2	1	3	1	2	2	2	2	2	1	3	1	1	2	2	3	2	1
40	200	99	95	94	93	92	91	90	89	87	86	85	84	83	82	81	80	79	78	77	76	75	73	72	71	70	69	66	65	64	63	62	61	59	58	56	55	54	53	52	50	5	1	1	1	2	1	3	1	3	1	4	1	4	1	1	1	1	3	2	4	2	2	3	1	3	2	1	1	3	1	1	4	2	2	2	2	3	2	1	1
42	200	99	98	97	96	95	94	93	90	88	87	86	85	84	83	82	81	80	79	77	76	75	74	73	72	71	69	68	67	66	65	64	62	61	60	58	57	56	54	53	52	51	50	2	1	4	1	1	3	1	1	3	2	2	1	1	4	3	1	1	1	1	1	2	1	1	3	3	2	3	3	2	2	1	2	1	4	2	2	3	2	1	3	1	1
36	200	98	97	95	94	91	90	89	88	87	86	85	84	83	81	80	79	77	75	73	72	70	69	68	67	65	64	63	60	59	56	55	54	53	52	51	50	5	1	3	2	3	1	2	2	3	4	3	4	3	2	2	3	2	5	1	1	1	1	1	1	2	1	3	2	3	1	3	2	2	1	3	1
46	200	99	98	97	96	95	94	93	92	91	90	89	88	87	86	85	84	83	82	81	79	78	77	76	75	74	73	72	71	70	69	67	66	65	64	63	62	61	60	59	58	56	55	53	52	51	50	1	1	1	2	2	5	1	2	1	3	1	1	2	1	1	1	1	1	3	1	1	3	1	3	3	1	3	3	1	1	2	4	1	1	1	1	2	1	1	1	4	1	2	2	2	2
