10
53	200	97	95	94	93	90	89	88	87	86	85	84	83	81	80	79	77	76	73	71	67	66	65	64	61	58	57	56	55	54	53	52	51	50	49	46	45	44	43	42	41	40	38	36	35	34	33	30	29	27	25	23	22	20	1	1	2	1	1	2	1	1	1	1	2	1	1	3	2	2	1	3	1	2	1	1	2	2	2	3	2	2	1	1	2	1	4	1	2	1	2	3	1	2	1	2	1	1	1	1	1	1	1	1	1	1	1
49	200	98	97	93	92	90	89	88	87	86	82	81	79	77	75	74	72	71	70	69	68	67	65	64	62	58	55	53	52	50	48	46	45	42	41	37	36	35	34	33	32	30	29	27	26	25	24	23	22	21	1	1	2	1	1	3	4	2	1	1	3	2	2	2	1	2	1	2	3	3	1	1	3	3	1	1	1	2	2	1	1	2	1	3	1	2	1	1	1	1	3	1	1	1	1	1	2	1	1
52	200	98	95	92	90	88	85	84	83	82	81	79	78	75	73	70	67	65	64	63	62	61	59	58	57	56	55	53	51	50	49	48	47	46	45	44	42	40	39	38	37	36	35	33	32	31	30	28	27	25	24	22	20	2	1	1	2	1	3	2	1	1	3	2	1	1	2	1	2	1	2	1	1	1	1	1	1	1	1	1	3	1	1	1	2	1	3	1	1	2	1	2	3	2	1	2	1	2	1	3	4	1	1	1	1
51	200	92	91	89	88	87	86	84	83	82	81	80	79	78	76	75	70	69	68	67	66	65	64	63	62	58	57	56	55	54	52	50	49	48	47	45	44	42	40	39	38	37	33	32	31	30	29	27	25	22	21	20	2	1	1	2	3	1	2	1	1	2	1	2	1	2	1	1	1	1	1	2	1	4	1	2	1	2	1	2	1	1	1	1	2	2	4	1	1	1	3	1	1	1	2	2	1	1	4	2	1	2	1
49	200	99	97	96	95	93	92	91	88	87	86	85	84	83	82	81	79	78	77	76	75	74	73	71	70	69	68	65	63	62	56	54	52	48	47	42	39	38	37	35	34	33	32	30	29	28	26	24	23	21	1	2	1	1	2	3	1	1	1	1	1	2	2	2	1	1	1	3	2	2	1	1	2	1	2	1	1	1	1	1	1	2	2	1	2	1	2	3	1	1	2	5	1	5	2	2	1	2	1
45	200	99	97	96	95	94	92	91	90	86	85	83	82	80	79	76	75	73	72	69	68	66	62	60	57	54	53	51	50	48	46	44	42	40	38	35	33	32	30	29	28	27	25	24	22	21	3	1	1	2	3	2	1	2	2	2	1	1	1	1	3	1	3	1	1	2	2	2	1	1	1	3	4	5	1	1	2	1	1	1	1	3	4	3	1	1	2	1	1	1	2
48	200	98	97	96	94	92	91	90	88	85	84	83	82	81	79	78	76	75	73	72	71	69	66	64	63	62	61	60	59	56	53	50	49	46	43	41	40	37	36	35	34	33	32	31	29	27	26	23	20	2	2	1	2	1	1	1	2	2	1	1	1	2	1	3	1	1	2	2	1	1	2	1	2	1	1	1	2	1	1	2	1	2	4	1	3	1	2	2	1	1	1	2	2	4	3	2	3
53	200	99	97	96	95	94	93	92	90	89	88	86	85	84	82	81	80	76	74	73	72	71	70	69	68	67	66	65	64	62	61	60	59	58	55	54	53	52	51	50	49	47	45	43	40	39	38	36	33	31	30	29	28	26	1	1	2	3	1	2	1	1	3	1	1	2	1	1	1	3	1	1	1	2	1	1	2	1	4	1	1	1	1	3	1	2	2	1	2	1	1	2	1	1	2	2	1	1	1	1	3	3	1	1	1	1	2
51	200	99	96	95	92	90	89	87	84	83	82	81	79	78	75	74	73	72	70	69	68	64	62	61	60	59	58	56	53	52	51	50	48	47	46	45	44	42	41	40	39	38	37	35	34	33	32	30	29	28	26	22	1	1	4	4	1	1	1	1	1	1	3	2	1	1	1	4	3	1	3	1	1	1	3	1	2	1	1	3	1	1	1	1	1	1	1	2	1	1	1	1	1	2	1	1	2	4	2	1	2	1	1
51	200	98	97	96	94	89	87	85	83	81	79	78	76	74	72	71	70	69	68	67	64	63	61	59	58	57	54	53	52	51	49	48	47	46	45	44	42	41	40	39	36	35	34	32	30	28	26	24	23	22	21	20	2	1	1	2	1	2	1	1	3	2	2	1	1	1	2	2	1	1	1	2	1	2	2	2	1	1	1	1	1	1	1	1	2	3	1	1	1	1	3	4	3	3	1	1	2	3	1	1	2	1	1
