10
55	200	99	97	96	95	94	93	92	91	90	89	88	86	84	82	81	78	77	74	71	68	67	66	64	61	59	58	57	56	55	53	52	51	50	48	46	44	42	38	34	33	31	30	28	26	24	22	19	17	16	14	10	6	4	2	1	1	1	1	2	2	2	1	1	1	3	2	3	1	1	3	1	1	2	1	2	3	1	1	2	2	1	1	1	1	1	1	1	1	2	2	1	1	1	1	2	1	1	1	2	1	2	1	2	1	2	1	1	3	1	1
59	200	98	97	96	94	89	88	84	81	79	77	75	73	72	71	69	67	66	65	64	63	62	61	60	59	58	57	55	52	51	50	47	42	41	40	39	38	37	33	29	28	26	25	24	23	20	17	16	15	14	13	12	11	9	7	5	4	3	2	1	1	1	1	1	1	2	1	1	1	1	2	2	3	1	1	1	1	3	2	1	1	1	3	1	2	1	2	1	1	2	1	2	3	1	1	1	1	1	2	1	1	1	1	1	2	1	2	1	1	2	1	1	1	1	1	1	2	1	1
46	200	98	96	94	90	88	84	80	78	76	71	69	67	65	62	57	56	55	52	51	49	48	46	45	44	43	42	41	40	39	36	35	34	32	31	28	26	24	17	15	14	13	11	10	6	4	2	2	2	2	1	1	3	2	2	2	2	2	2	3	3	1	1	1	2	2	1	1	3	1	1	2	2	1	2	2	1	2	1	4	1	4	1	1	3	2	1	1	1	2	1	1	1
52	200	98	95	94	93	92	91	90	87	82	80	79	76	74	73	71	70	69	68	66	63	60	58	57	55	54	53	51	49	48	46	43	42	40	39	38	37	36	34	31	30	28	27	26	24	21	18	13	12	9	5	4	3	1	1	2	1	1	1	1	1	2	1	2	1	3	2	2	2	3	3	1	1	2	2	1	2	1	1	3	1	2	3	1	1	1	1	2	1	1	1	3	2	1	1	1	1	1	2	1	1	2	3	1	1
54	200	99	96	93	92	90	87	86	85	83	82	81	79	77	75	74	72	68	66	65	63	61	59	58	57	51	50	49	48	46	45	43	42	40	39	38	36	35	32	31	29	28	27	24	23	22	18	17	15	14	10	8	7	5	1	2	1	4	1	1	2	2	1	1	1	1	1	1	3	1	1	1	1	2	1	1	1	1	1	2	6	3	1	1	1	2	2	1	1	1	1	2	1	1	3	1	1	1	2	1	1	1	2	1	1	2	2	1	1
53	200	97	96	95	91	90	86	83	81	78	77	75	74	68	66	65	64	63	62	59	58	54	52	49	48	47	45	43	42	41	39	37	34	32	30	29	28	26	25	24	23	21	16	14	11	10	9	8	7	6	5	3	2	1	1	1	1	1	1	1	1	3	1	1	1	1	1	1	1	1	2	2	2	2	2	1	2	4	3	1	1	2	1	2	3	2	1	1	2	1	1	1	1	3	1	2	1	3	2	2	2	1	1	1	1	1	1
56	200	99	98	96	95	93	92	91	90	89	88	87	86	85	81	79	78	77	70	68	66	65	63	62	60	58	57	55	54	53	52	50	49	47	45	43	42	41	40	39	38	37	36	35	34	33	31	30	25	23	15	13	11	6	5	4	2	1	1	2	2	1	1	1	1	1	1	1	1	3	2	1	1	2	1	2	3	2	1	1	2	1	2	1	1	1	1	2	1	1	2	2	1	3	3	1	1	1	2	2	1	1	1	1	1	1	2	3	1	1	1	1	1
56	200	99	94	89	88	87	86	85	82	81	80	79	78	77	75	70	69	68	66	65	64	63	61	60	59	58	53	52	46	45	44	43	42	41	40	36	34	33	29	28	27	26	25	24	22	18	16	15	14	13	11	10	8	7	4	2	1	1	4	2	1	1	1	1	1	1	1	2	1	1	1	2	2	2	1	2	2	1	2	1	1	2	1	1	2	2	1	1	3	1	2	1	1	1	2	1	3	1	1	1	1	1	1	1	1	1	1	1	1	3	3	1	1
53	200	96	95	93	92	91	90	87	86	82	81	79	74	73	70	69	66	65	63	60	59	58	57	56	55	51	50	47	46	44	43	40	32	31	30	27	25	24	22	21	20	19	18	17	15	14	13	12	10	8	7	3	2	1	1	1	2	1	1	1	1	1	1	1	4	2	1	1	1	1	1	2	1	1	1	1	1	1	1	3	3	2	1	2	2	2	1	1	1	1	2	4	2	1	1	2	2	1	1	1	3	2	2	2	1	1	2
54	200	97	96	88	87	80	79	76	74	73	71	69	67	66	65	64	62	61	60	57	54	51	50	49	48	47	46	45	44	43	41	39	37	35	32	31	28	27	26	25	23	22	20	19	18	16	15	14	13	11	10	9	4	2	1	2	2	1	1	2	1	3	1	1	1	1	3	1	1	1	1	2	1	1	2	2	2	2	1	1	1	1	1	1	2	1	3	3	1	1	2	1	1	3	1	2	2	1	1	1	2	3	1	1	2	1	1	1	1
