10
39	300	99	98	97	94	93	92	91	90	88	86	85	84	83	82	81	80	79	78	77	76	75	73	72	71	70	69	68	67	66	65	64	63	61	59	56	54	53	52	51	2	1	1	5	3	1	4	2	1	1	1	4	2	1	3	2	2	1	2	3	2	1	2	1	2	2	2	1	3	3	1	2	2	1	2	3	3	2	3
38	300	99	97	96	95	92	90	88	87	86	85	84	82	81	80	79	78	77	75	74	72	70	69	68	67	66	65	64	63	62	61	60	59	57	55	54	52	51	50	1	4	1	2	4	2	3	1	5	1	2	1	2	1	2	2	3	2	1	2	3	1	1	1	2	2	1	2	2	3	3	3	2	2	4	3	2	1
42	300	99	98	97	96	95	94	93	92	91	90	88	87	85	84	83	82	81	80	78	76	75	73	72	71	70	69	68	67	66	64	63	62	61	60	59	58	57	56	55	54	52	51	3	3	1	1	1	1	2	1	2	3	1	4	1	4	1	2	1	1	2	2	3	2	1	2	2	1	2	1	1	2	2	4	1	2	2	2	3	2	1	4	2	1
39	300	99	98	97	95	93	92	90	88	87	86	84	83	81	80	77	76	75	74	73	72	71	70	69	67	66	65	64	63	62	61	60	59	58	57	56	55	54	53	50	3	2	3	3	1	3	1	5	1	1	2	2	4	5	2	1	2	1	2	2	1	2	4	1	1	1	1	2	2	2	1	2	2	3	2	2	2	2	1
40	300	99	98	97	96	95	94	93	91	90	89	86	85	84	83	82	80	79	77	76	74	72	69	68	67	66	64	63	62	61	60	59	58	57	56	55	54	53	52	51	50	3	2	4	2	2	2	1	1	3	1	3	2	2	1	3	4	1	2	2	1	1	2	1	1	2	1	1	1	1	1	3	1	1	4	1	2	2	4	4	4
40	300	99	98	97	96	95	94	92	89	86	85	84	83	82	81	80	79	78	77	76	74	73	72	71	69	68	67	66	65	64	63	61	60	59	58	57	56	54	53	52	51	1	5	2	2	4	1	1	2	1	1	3	1	1	1	6	1	2	1	2	2	3	2	2	2	2	3	3	1	3	1	2	1	1	2	6	1	2	1	1	1
44	300	99	98	97	96	95	93	92	91	90	89	88	87	86	85	84	83	81	80	79	78	77	76	74	73	72	71	70	69	66	65	64	63	62	61	60	59	58	57	56	55	54	52	51	50	1	4	2	1	2	3	2	1	1	1	2	3	1	2	2	2	4	1	1	1	1	1	1	3	2	2	1	2	3	1	1	1	2	1	2	1	1	5	2	2	3	2	1	2
45	300	99	98	97	96	95	94	93	92	91	90	89	88	87	85	84	83	82	81	79	76	75	74	73	71	70	69	68	67	66	65	64	63	62	61	60	59	58	57	56	55	54	53	52	51	50	2	2	1	2	2	3	1	1	3	4	2	1	2	1	2	2	1	3	1	3	1	2	1	1	3	1	2	1	2	1	1	2	1	2	1	1	2	1	1	1	1	4	4	2	2
40	300	99	98	97	96	95	94	93	92	90	88	86	85	84	82	81	80	79	78	77	73	71	70	69	67	66	65	64	63	62	61	60	59	58	57	56	55	54	53	52	50	2	1	3	2	2	1	4	2	2	1	1	2	1	1	1	3	1	1	2	1	2	1	1	3	4	3	2	3	2	1	5	2	2	1	1	2	1	2	3	5
38	300	98	97	96	95	94	92	89	88	87	86	84	82	81	80	79	78	76	75	72	71	69	67	66	65	64	63	62	61	60	59	58	57	56	55	53	52	51	50	1	1	1	1	3	2	2	2	3	2	4	3	3	2	2	3	1	1	1	3	3	4	5	4	1	2	2	2	2	2	1	2	1	1	1	1	4	1
