10
49	300	98	97	95	94	92	91	90	89	88	87	86	85	84	83	78	76	75	74	72	71	68	66	65	64	63	60	59	58	57	52	51	49	48	47	44	43	41	40	39	37	36	34	31	30	28	26	25	24	20	1	3	2	3	2	2	1	1	1	1	1	1	1	2	1	1	1	3	2	2	2	2	3	1	2	1	4	2	1	2	1	1	1	3	1	1	1	2	2	2	1	1	1	1	2	1	1	3	2
48	300	99	98	97	96	95	94	93	92	90	89	88	86	85	84	82	78	77	76	73	72	70	69	68	67	64	63	62	61	60	59	56	54	53	51	49	46	44	43	41	40	39	37	33	32	30	28	27	20	2	2	1	4	1	1	1	1	2	2	2	1	2	1	2	2	2	1	2	3	2	2	1	2	1	1	2	1	2	1	1	3	4	1	1	1	1	2	1	1	2	3	1	1	3	2	1	1
51	300	95	93	92	91	90	88	86	85	84	83	82	81	76	74	73	69	66	64	63	62	61	56	55	54	53	52	51	50	49	48	47	46	45	44	42	41	40	37	36	35	34	33	32	31	30	28	27	26	23	22	20	2	1	1	3	2	1	2	1	1	1	1	1	1	1	2	1	1	1	1	1	2	2	1	3	2	1	3	2	2	2	1	3	3	3	1	1	1	1	2	2	1	1	1	3	1	1	1	2	2	2	1
50	300	99	98	96	95	94	93	91	87	86	84	83	82	80	79	77	76	73	72	70	69	67	66	65	64	59	58	56	55	52	51	48	45	44	41	40	39	38	36	35	34	32	31	30	28	27	26	25	24	21	20	1	1	1	1	1	1	1	1	1	2	2	1	2	1	3	2	1	1	1	1	1	1	2	1	1	2	3	1	1	1	2	1	3	1	3	2	1	1	2	2	1	1	1	1	3	3	1	3	6	2
52	300	99	97	96	95	92	90	89	84	82	81	80	79	77	75	73	72	71	70	67	63	61	60	59	58	56	53	52	51	50	49	48	47	46	44	43	42	41	38	37	35	34	33	31	29	28	27	26	25	24	22	21	20	1	1	1	1	3	1	1	1	1	2	1	2	2	1	3	1	1	2	1	1	1	2	2	2	2	5	1	1	3	1	2	1	1	2	1	2	2	2	2	1	1	1	1	2	1	1	1	1	2	2	1	2
50	300	98	97	95	90	89	88	85	84	83	82	81	80	79	77	76	74	73	71	69	68	64	63	62	60	59	58	57	56	55	54	52	51	50	49	47	44	42	41	40	38	35	34	32	31	30	29	27	26	24	21	1	1	1	2	1	1	1	1	1	3	1	1	1	2	3	5	1	1	2	1	1	1	1	2	2	3	1	1	1	2	1	1	2	1	1	2	1	4	1	2	1	2	4	1	1	2	2	2	2	1
47	300	96	92	91	90	89	85	84	83	82	81	80	79	78	77	76	71	68	67	66	65	64	63	60	59	58	56	55	54	53	51	49	48	47	45	43	41	40	39	37	36	34	29	28	26	25	24	23	1	1	1	1	3	1	3	2	3	3	1	1	4	3	1	1	1	3	5	1	2	1	1	1	2	1	1	3	1	2	1	1	2	2	1	2	1	2	1	2	2	2	2	1	1	1	1
50	300	98	97	94	93	92	91	90	89	88	87	84	81	80	78	77	76	75	74	73	71	70	69	68	66	64	63	61	59	57	55	53	52	51	50	49	48	47	46	43	40	37	36	32	31	30	29	27	25	24	22	2	1	1	1	2	2	1	3	3	1	3	1	1	2	1	3	1	1	1	1	1	1	1	1	1	2	1	1	2	3	1	2	1	2	2	3	1	2	2	1	2	1	3	2	1	3	2	1	1	1
51	300	98	96	94	93	92	91	89	88	87	86	85	83	82	80	79	75	74	73	70	67	64	62	61	60	58	57	54	53	52	51	50	49	48	46	45	44	39	38	37	34	33	32	31	30	28	27	26	25	24	21	20	1	1	1	4	1	1	2	2	1	2	1	2	2	2	1	1	4	1	2	4	2	3	1	1	2	2	1	1	1	2	1	1	1	1	1	1	1	1	1	1	2	1	3	1	3	2	1	1	2	1	1
51	300	99	98	93	89	88	85	84	81	80	79	77	76	75	73	72	70	68	67	66	64	63	61	60	59	58	57	56	55	54	52	51	50	48	46	45	44	43	41	39	38	37	36	32	31	30	27	26	25	23	22	20	2	2	2	1	4	3	1	1	2	1	1	2	1	1	1	3	2	1	2	1	2	1	2	1	2	3	1	2	1	1	2	1	1	1	1	2	2	1	1	1	4	1	2	1	1	1	2	1	1	2	1
