10
53	300	98	96	95	91	89	88	87	86	84	83	78	77	73	72	71	70	65	64	60	59	58	57	56	55	52	51	50	46	45	44	43	41	40	39	38	37	36	35	34	33	32	30	28	27	25	24	19	16	15	13	8	6	3	1	2	3	3	1	1	1	1	2	1	2	1	1	2	2	2	1	1	1	2	1	1	1	2	1	1	1	1	1	2	1	2	2	1	3	1	1	2	1	5	2	1	1	1	1	3	1	1	1	1	1	2	2
59	300	98	97	96	94	93	91	89	88	87	86	84	80	76	75	73	72	71	70	68	65	64	63	61	60	59	58	56	55	54	53	52	51	50	49	48	46	45	43	41	37	36	35	34	33	32	31	28	24	19	17	16	13	11	10	7	6	5	4	3	3	1	1	1	1	1	2	1	1	1	2	2	1	1	2	3	1	1	1	1	1	1	2	1	2	1	2	1	1	3	1	2	2	1	1	1	1	1	3	2	1	1	1	1	1	1	1	1	2	1	1	1	1	1	1	1	2	2	1
56	300	99	98	97	95	93	92	91	90	89	86	85	84	83	82	80	77	74	72	71	68	67	66	65	64	59	58	57	55	54	53	50	48	46	42	40	39	38	37	36	35	32	31	30	29	28	27	25	22	13	11	10	9	8	7	5	3	2	2	1	2	1	2	3	2	1	2	2	1	2	1	1	2	1	1	3	1	1	1	1	1	2	1	2	1	1	2	1	1	1	3	1	1	2	1	1	1	2	1	3	1	1	1	1	2	1	1	1	1	1	1	2	1
52	300	95	94	93	92	91	90	89	88	86	85	83	82	81	78	77	75	73	69	68	67	64	63	62	61	59	57	56	53	52	51	49	47	45	43	41	40	39	37	33	32	31	29	28	23	20	18	15	13	12	6	4	3	1	1	1	1	1	2	1	1	5	3	2	1	1	1	2	2	2	1	1	3	2	3	1	2	1	2	1	2	2	2	2	1	2	2	1	1	2	1	2	1	2	1	2	1	1	1	1	1	1	1	1	1
53	300	98	97	95	93	87	84	83	81	80	77	75	68	67	66	62	61	60	57	55	54	53	52	51	50	48	47	46	45	42	41	40	39	36	35	33	27	26	22	21	20	19	17	15	14	13	12	10	9	8	6	4	3	2	1	2	1	2	1	4	1	3	2	1	1	3	1	1	1	1	1	2	1	1	2	1	2	1	1	2	1	1	1	1	1	1	4	1	2	1	2	1	1	1	3	1	2	1	2	2	1	1	2	2	1	2	1
54	300	97	96	95	94	92	91	88	85	83	82	81	78	77	76	73	72	71	68	67	66	65	64	63	62	61	57	55	53	52	50	48	47	46	43	41	40	38	36	35	34	32	29	26	25	23	20	19	17	15	12	11	10	8	4	1	1	2	2	2	4	1	2	3	1	1	1	2	1	1	2	2	2	1	1	1	1	2	1	1	1	1	2	1	2	2	1	2	1	1	1	2	1	1	1	1	2	1	1	2	4	1	1	2	1	2	1	1	1
57	300	98	96	95	93	90	88	87	85	84	83	82	80	79	76	73	70	69	66	65	60	58	57	54	53	52	48	46	45	44	43	42	41	39	38	37	35	33	32	31	29	28	26	23	22	21	20	19	18	15	14	13	12	11	7	5	3	1	1	2	1	2	1	1	2	1	1	1	1	2	2	1	2	2	1	3	2	1	2	1	2	1	1	1	1	1	1	1	2	2	1	1	3	1	1	1	1	2	1	1	1	1	1	1	3	2	1	1	1	1	3	2	1	1	1
53	300	98	97	96	94	91	89	88	86	85	82	78	77	76	73	71	70	69	68	66	65	64	63	62	57	56	55	54	53	52	51	49	48	47	41	37	36	35	34	33	29	28	26	24	23	21	19	18	17	16	9	8	6	5	1	3	2	1	1	1	1	1	2	2	1	1	2	1	1	2	1	1	3	1	1	1	2	2	1	2	3	1	3	1	1	3	1	1	1	1	1	2	1	1	1	4	1	1	3	1	2	1	2	1	1	1	2
59	300	99	98	96	95	93	91	90	88	86	84	83	81	79	78	76	70	68	67	66	65	64	62	61	55	53	52	51	50	47	46	44	43	42	41	38	36	35	33	31	30	29	28	27	26	23	21	20	19	17	15	14	13	12	10	8	6	5	3	2	2	1	1	2	1	1	2	1	1	1	1	3	2	2	1	1	1	3	1	2	1	2	2	2	1	1	2	1	1	1	3	1	1	3	1	1	1	1	1	1	1	1	2	1	1	1	2	1	2	1	1	1	1	1	1	1	1	1	1
55	300	98	88	87	86	85	84	83	81	80	79	78	77	76	73	72	71	70	68	65	62	60	59	52	49	48	46	44	43	42	39	37	36	35	34	33	32	30	28	25	24	23	20	19	17	16	15	14	13	10	9	8	7	6	5	3	2	2	1	2	1	1	1	1	2	1	1	2	1	1	1	2	1	1	3	2	3	2	1	1	1	1	1	3	1	1	3	2	2	1	1	1	1	1	1	2	1	2	1	1	1	2	1	2	2	2	1	2	1	1	1
