10
53	400	99	98	96	94	93	92	91	89	88	87	85	84	83	78	77	76	73	72	67	66	65	64	63	58	55	53	50	49	48	47	46	45	43	41	40	39	36	33	31	30	29	26	25	23	20	19	17	16	11	9	7	6	5	1	1	1	1	1	1	1	3	1	1	1	1	3	1	2	1	2	2	1	2	1	2	1	2	2	1	1	1	1	1	2	1	1	2	2	1	1	1	1	2	1	4	1	1	1	2	2	2	3	1	1	3	3
51	400	94	93	92	91	90	89	85	84	82	79	77	75	72	71	69	67	66	60	55	54	52	50	49	48	47	46	45	44	41	40	35	32	31	28	26	25	23	22	21	19	17	16	14	13	12	11	8	7	4	3	2	1	1	3	1	1	1	2	1	1	1	2	2	2	1	1	4	2	1	1	1	1	1	1	1	2	4	4	2	2	1	2	1	1	2	1	2	1	1	1	1	1	1	1	3	2	2	1	3	1	1	2
56	400	98	96	95	93	92	90	88	84	83	82	80	79	76	75	71	69	66	63	62	60	59	57	56	54	51	49	48	46	44	42	41	39	38	37	35	33	32	29	28	27	26	25	23	20	19	17	16	15	13	10	9	8	7	6	5	4	2	1	2	1	2	1	1	1	1	1	1	1	1	2	1	1	1	3	1	3	2	1	1	1	2	1	1	3	1	1	1	2	1	2	1	2	2	1	1	1	1	1	3	1	1	1	1	2	1	2	1	2	1	2	2	2
54	400	99	97	96	93	89	88	84	81	79	78	75	74	73	71	69	68	65	64	63	62	61	60	59	58	54	53	52	49	46	45	43	42	41	40	38	37	36	34	32	30	28	26	25	22	18	15	12	11	10	7	5	4	2	1	1	2	2	2	1	1	1	1	1	1	1	1	1	3	3	2	1	2	2	1	1	1	1	2	2	1	1	3	2	1	1	3	2	1	1	3	1	2	1	2	1	2	1	2	1	2	1	1	1	1	1	1	1	2
56	400	98	96	95	94	93	92	90	88	86	84	83	81	77	74	73	72	71	68	67	65	64	62	57	56	55	53	50	47	45	44	43	38	36	34	32	31	30	29	28	25	24	23	22	21	17	15	13	12	10	8	7	5	4	3	2	1	2	2	1	1	2	1	1	1	2	1	1	1	1	1	1	1	2	1	1	1	3	1	2	3	2	1	3	1	1	2	1	1	2	1	2	1	1	2	1	1	1	1	1	2	2	1	1	1	1	1	1	3	1	1	2	3
52	400	95	92	91	90	89	88	86	85	78	77	75	71	70	69	65	64	63	62	60	59	58	53	52	51	49	48	47	44	43	39	38	37	36	35	34	33	32	31	28	27	25	24	23	21	20	19	15	13	11	7	6	5	1	2	1	2	1	1	1	1	2	6	2	1	1	1	1	1	1	1	3	1	1	3	3	1	1	3	1	1	1	1	1	3	2	1	1	1	2	1	1	1	2	3	1	2	1	1	2	2	1	2	1	1
52	400	99	98	94	93	86	85	83	82	81	79	76	75	74	72	70	67	66	65	63	61	57	56	55	51	49	46	45	44	42	41	40	39	36	33	32	31	27	25	24	23	19	17	14	12	11	10	8	7	6	5	4	1	2	1	2	1	2	1	1	1	1	2	1	1	1	1	2	1	1	1	1	1	1	4	1	1	1	1	1	2	1	2	3	2	1	1	2	2	2	2	3	1	2	2	2	1	3	2	1	1	1	4	1	1
58	400	99	97	96	95	94	92	88	87	86	84	83	82	80	79	78	77	75	74	73	68	67	65	64	62	61	59	57	55	50	49	48	47	45	43	41	39	38	34	33	32	30	29	27	25	23	21	20	19	17	16	11	10	8	7	5	3	2	1	1	1	1	1	2	2	1	1	1	1	2	3	1	1	2	1	2	2	3	2	1	1	1	1	2	1	3	1	1	3	1	1	1	1	1	1	1	1	1	2	3	1	1	1	1	2	1	1	1	1	1	1	3	1	1	1	1	1
52	400	99	97	96	95	93	90	89	88	87	86	84	82	81	79	77	76	75	73	70	69	67	66	65	64	63	61	58	57	52	51	48	47	40	37	36	35	32	30	28	27	26	25	24	23	22	17	15	14	11	9	8	4	1	2	1	1	1	3	1	1	1	1	3	1	1	1	2	1	1	2	2	1	1	2	2	1	3	3	1	1	1	1	2	2	1	1	1	1	1	2	2	1	1	2	2	2	3	3	1	1	1	3	1	2
53	400	99	97	93	89	86	84	83	80	78	75	74	73	72	71	69	67	64	62	61	60	59	58	54	53	49	48	47	46	45	43	42	40	37	36	32	31	26	22	20	19	18	17	15	14	13	12	11	9	8	7	6	5	1	1	1	1	2	1	1	1	3	1	3	2	2	1	2	1	1	1	4	2	1	1	1	2	1	1	2	1	1	1	2	1	1	1	2	1	2	4	2	1	1	1	1	1	1	2	1	3	1	3	1	2	1	1
