10
41	400	99	98	97	96	94	93	91	90	89	88	87	86	85	83	82	80	79	78	76	75	74	73	72	71	70	69	68	67	66	65	64	63	61	60	59	58	57	56	54	52	51	2	1	1	2	3	2	2	4	1	2	1	2	1	1	2	1	3	4	1	1	2	3	1	1	2	3	2	1	3	4	2	1	2	1	2	1	3	3	3	2	1
41	400	96	95	94	93	92	91	90	89	87	86	84	83	81	80	79	78	77	76	75	73	72	71	68	67	66	65	64	63	62	61	60	59	58	57	56	55	54	53	52	51	50	2	1	2	3	1	3	2	1	3	3	3	1	2	1	1	1	2	1	1	4	2	1	2	4	2	3	3	2	4	1	1	3	1	1	1	2	3	1	1	3	1
40	400	99	98	96	95	94	93	92	91	88	87	86	85	83	82	79	78	77	76	75	73	72	71	69	68	67	66	65	64	63	62	61	60	59	58	57	56	54	53	52	50	4	1	2	3	1	1	1	1	2	2	5	1	1	3	2	1	4	2	3	2	2	1	3	3	1	3	2	2	2	1	2	3	2	1	2	1	1	4	1	1
39	400	99	98	96	95	94	93	92	91	90	88	84	83	82	81	80	79	78	77	76	75	74	73	72	70	69	67	66	65	64	62	61	60	59	57	54	53	52	51	50	1	3	1	1	3	2	3	2	2	1	1	2	3	1	3	3	2	3	1	1	2	1	1	2	2	2	2	3	1	4	2	2	2	1	2	4	3	1	4
42	400	99	98	97	96	95	94	93	92	91	89	87	86	85	84	83	82	81	80	79	78	76	75	71	70	68	67	66	65	64	63	62	61	60	59	58	57	56	55	53	52	51	50	3	2	2	3	3	1	2	2	1	1	3	2	1	1	2	2	2	2	1	1	2	1	4	3	2	1	4	1	2	3	3	2	2	3	1	1	1	1	1	1	1	3
38	400	99	96	95	94	92	90	89	88	87	86	85	84	83	81	80	78	77	76	75	73	72	71	69	68	67	66	65	64	62	61	60	59	58	57	55	54	51	50	2	1	3	1	3	1	2	3	2	1	1	3	2	2	1	3	1	1	2	4	1	3	1	1	1	2	4	3	3	3	1	3	2	1	1	4	3	4
38	400	99	98	95	94	93	92	91	90	89	88	85	83	82	81	79	78	77	76	74	72	70	69	68	67	66	64	63	62	61	60	58	57	56	55	54	53	51	50	3	3	2	2	2	4	2	1	4	3	2	3	3	1	1	3	3	4	2	2	1	3	1	1	1	4	1	1	4	1	2	1	1	1	1	1	2	3
41	400	99	96	95	94	93	92	91	90	89	88	85	83	82	81	80	79	77	76	75	74	73	72	71	70	69	68	67	66	65	61	60	59	58	57	56	55	54	53	52	51	50	1	1	1	1	3	2	2	1	3	3	1	1	2	1	2	1	2	5	5	2	3	1	2	1	3	2	1	1	2	1	1	4	1	2	2	1	2	4	2	2	2
42	400	99	98	97	95	94	93	92	91	90	89	88	87	86	85	83	82	81	80	77	75	73	70	69	68	67	66	65	64	63	62	61	60	59	58	57	56	55	54	53	52	51	50	1	1	2	1	2	2	2	1	1	3	2	2	1	1	1	2	1	2	1	2	1	3	1	1	1	1	1	1	4	3	4	4	5	2	1	1	1	2	4	2	5	1
43	400	99	97	95	93	91	90	89	87	86	85	84	83	82	81	80	79	78	77	76	75	74	73	72	71	70	69	68	67	66	65	64	63	61	60	59	58	57	56	54	53	52	51	50	3	1	3	2	1	2	1	1	2	3	2	2	1	3	3	1	3	1	2	4	2	2	2	2	1	2	2	2	3	1	1	2	2	1	1	1	1	3	1	1	2	3	1
