10
52	400	98	97	96	95	94	89	88	86	85	84	83	82	81	80	79	75	73	72	70	68	67	66	65	64	63	62	61	60	59	55	53	52	51	50	49	48	43	41	38	36	35	34	32	30	27	26	25	24	23	22	21	20	1	2	3	1	1	1	1	1	1	2	1	1	3	3	1	1	2	2	1	2	2	2	1	1	1	1	2	1	2	1	2	1	2	2	1	1	1	2	3	1	2	3	1	1	2	2	1	2	1	1	2	1
49	400	96	93	92	91	89	87	86	85	84	83	82	80	79	77	75	72	71	70	69	67	65	64	63	61	60	57	54	52	50	49	47	45	44	42	41	40	39	37	36	35	33	32	31	28	27	26	25	21	20	1	1	2	3	1	3	1	1	2	1	1	2	1	1	3	1	2	1	3	1	3	1	6	1	1	1	1	2	1	2	1	1	1	1	2	1	1	2	2	3	1	1	1	1	2	1	3	3	1
52	400	98	97	96	95	94	93	92	88	87	85	81	80	79	77	76	75	74	73	72	70	69	68	65	63	61	60	59	58	55	54	52	51	50	49	46	45	44	42	41	39	38	37	35	32	29	27	26	24	23	22	21	20	1	3	1	1	1	1	1	1	1	1	2	1	2	1	1	1	2	3	2	3	1	1	1	3	2	3	1	1	3	3	1	1	1	1	1	1	1	2	4	2	1	2	1	2	2	1	1	1	1	1	1	2
49	400	99	96	94	93	92	91	89	85	84	83	82	81	80	77	76	72	71	68	66	65	64	63	61	60	58	56	55	54	53	52	51	50	49	48	46	43	41	40	39	38	37	36	34	29	26	25	22	21	20	2	2	3	1	1	1	1	2	2	4	1	1	5	1	3	1	2	1	1	1	1	1	3	2	1	1	1	1	3	1	3	1	2	1	1	1	1	1	1	2	1	2	2	1	2	1	3	1	2
50	400	96	95	94	93	92	91	90	89	88	86	84	81	79	78	77	75	74	73	72	71	70	69	68	67	63	60	59	57	54	52	50	49	48	47	45	44	43	39	36	34	32	31	30	29	27	26	25	24	22	21	1	3	2	1	2	3	2	1	1	2	1	1	3	1	2	2	1	2	1	1	1	1	1	2	1	2	2	2	2	1	1	1	1	2	3	1	1	1	2	1	1	4	2	3	1	2	2	1	1	1
55	400	99	98	97	96	95	94	90	87	86	85	84	83	82	81	80	79	77	75	74	73	72	71	68	67	65	64	63	62	61	60	59	58	57	55	54	53	52	47	45	43	40	38	37	36	35	34	33	32	29	28	27	25	24	23	22	1	4	1	1	3	2	1	1	1	2	1	2	1	1	1	1	1	1	1	1	1	3	1	1	1	2	1	1	1	1	1	1	1	2	1	1	1	2	2	3	4	1	2	2	1	3	1	2	1	2	1	1	1	1	1
48	400	99	95	93	92	91	89	88	87	85	84	83	81	78	77	74	73	72	70	69	68	66	65	61	59	58	55	53	51	50	49	48	44	42	41	40	36	35	34	33	32	31	30	28	27	26	25	23	20	2	2	1	2	1	1	1	1	2	1	2	2	2	1	3	1	2	1	2	1	1	3	3	1	1	1	1	3	1	3	2	2	1	1	3	1	2	2	1	1	1	1	3	2	3	2	1	2
54	400	99	98	96	95	94	93	92	91	90	89	86	84	83	82	81	80	79	77	76	75	74	71	70	69	68	66	65	63	62	60	59	56	52	51	49	47	46	45	44	43	39	38	34	32	31	30	29	28	27	25	24	23	22	20	1	1	2	1	1	1	1	1	3	1	1	2	1	2	1	1	2	1	1	2	1	1	1	1	2	2	2	2	2	3	1	3	1	1	1	2	3	1	1	1	1	2	1	2	3	2	1	1	2	1	2	1	1	1
52	400	98	97	95	94	93	91	90	89	88	87	86	85	84	81	80	79	75	74	73	72	69	67	65	64	62	60	59	58	57	56	55	54	52	48	47	45	44	41	40	38	37	36	35	34	33	32	31	29	27	22	21	20	1	1	2	3	1	2	1	1	1	3	1	1	2	2	2	1	2	1	1	2	2	1	1	1	2	1	1	1	2	2	2	2	1	2	1	1	1	1	1	2	1	1	1	2	3	1	3	1	1	2	4	1
50	400	99	98	96	92	91	88	84	82	79	78	77	76	75	74	73	71	69	68	67	66	65	63	62	61	60	58	57	55	53	51	50	47	46	45	44	40	39	37	36	34	32	31	29	28	27	26	25	24	23	20	1	2	1	1	3	1	2	1	2	1	1	1	1	3	1	3	2	2	1	3	1	2	1	1	1	1	1	1	1	2	3	1	2	3	2	2	1	1	2	1	2	1	1	1	2	3	1	2	3	1
