10
51	500	98	97	93	92	91	90	84	83	82	81	79	77	76	75	73	72	71	70	69	67	65	64	63	62	61	59	58	57	50	48	47	46	42	40	38	36	33	30	27	25	22	18	17	15	11	10	6	5	4	3	2	4	2	1	3	1	1	1	1	1	1	3	1	3	2	1	2	1	1	1	2	2	1	3	1	2	2	2	1	3	1	2	1	1	1	1	1	4	2	1	3	1	1	1	1	1	1	1	1	1	1	2
53	500	97	96	95	92	90	89	87	84	80	79	78	75	72	71	70	69	66	65	63	60	59	58	57	56	53	52	51	49	48	47	45	40	38	32	29	28	26	25	24	23	22	21	20	19	16	15	14	13	11	4	3	2	1	2	2	1	1	3	1	1	1	2	2	1	1	1	1	1	2	1	2	1	1	2	1	2	1	2	3	1	1	3	1	2	1	1	1	1	1	2	1	2	2	2	1	2	2	2	2	3	1	1	1	1	2	1
51	500	99	98	97	92	90	89	88	86	85	81	80	70	65	62	60	59	58	57	55	54	53	52	50	46	45	44	42	41	40	39	36	35	33	31	30	29	28	27	26	24	21	19	15	12	11	9	8	6	5	2	1	2	3	1	1	4	1	1	3	2	1	1	1	2	1	1	1	3	1	2	1	1	2	1	1	2	3	1	1	2	1	1	1	1	2	1	2	1	1	1	1	3	1	1	1	1	1	3	1	1	1	6
51	500	99	98	96	93	91	88	83	81	79	78	76	74	73	71	70	68	67	65	64	62	61	58	56	54	52	50	49	47	45	44	43	41	39	36	35	32	28	27	25	24	22	21	19	18	16	14	13	7	5	2	1	4	1	1	1	1	1	1	2	1	1	1	2	2	4	1	1	1	2	1	2	1	1	1	3	1	2	1	3	3	2	1	2	2	2	1	1	1	1	2	1	1	1	2	1	2	3	1	1	1	3	1
47	500	97	96	94	93	92	91	90	89	87	86	83	82	79	77	72	71	65	61	60	57	52	51	48	47	46	43	41	40	38	37	36	32	31	30	29	26	23	22	20	19	14	11	10	7	4	3	1	1	1	1	4	1	3	1	1	3	2	3	1	2	2	2	1	1	2	5	1	1	1	2	2	1	1	2	1	3	1	1	2	2	1	2	2	1	1	2	3	1	1	1	3	1	2	1
56	500	98	96	95	93	91	90	89	88	87	85	84	82	81	80	75	74	70	69	68	65	64	62	60	58	54	49	48	47	45	41	40	36	33	32	31	30	29	28	27	26	25	23	21	20	19	16	15	14	12	11	10	9	8	7	6	5	1	2	1	1	1	1	1	3	3	3	2	2	2	2	1	1	1	1	1	1	1	1	1	1	2	1	1	1	1	1	2	2	1	2	1	2	1	1	1	1	2	1	2	2	1	2	1	1	2	1	1	2	1	1	3	1
53	500	99	98	97	95	94	93	92	91	90	89	86	85	83	80	76	74	73	72	67	65	64	62	60	59	58	55	54	51	49	48	45	43	39	35	34	33	32	31	30	29	28	27	25	23	22	21	17	15	11	9	8	7	2	1	2	1	1	1	2	2	1	1	1	1	1	1	1	1	2	1	1	1	1	1	2	2	1	1	4	1	4	3	1	2	1	1	1	2	2	2	1	1	1	1	2	2	2	1	1	1	1	2	2	3	1	3
56	500	96	92	88	87	84	82	81	80	79	78	77	76	75	73	70	69	67	66	65	64	62	61	59	58	56	55	53	51	49	44	42	40	37	36	34	33	32	31	29	28	26	23	22	21	20	19	18	15	14	12	10	6	5	4	3	2	1	1	1	1	1	1	2	1	1	1	2	2	2	1	2	2	1	2	1	1	1	1	2	2	1	1	1	2	1	2	2	1	3	2	2	1	1	1	1	2	1	2	1	2	1	1	2	1	2	2	1	3	1	1	1	1
52	500	99	96	94	93	91	90	89	87	82	80	79	77	76	74	73	71	69	68	67	65	59	58	55	53	52	48	47	46	45	42	41	39	37	36	35	34	33	29	28	27	25	23	21	20	19	17	11	10	8	6	4	3	1	1	1	1	1	1	1	2	1	1	2	2	1	2	2	1	1	2	1	1	1	2	3	2	2	1	1	1	1	1	2	1	1	1	2	1	1	2	1	4	4	4	1	3	1	1	2	1	1	1	3	1
60	500	97	96	95	92	90	86	85	84	83	82	81	80	79	77	76	75	74	72	70	68	65	64	62	61	60	59	58	55	54	53	51	46	44	42	41	40	38	35	34	32	31	30	29	28	27	21	20	18	16	15	14	13	11	10	9	8	5	3	2	1	1	1	1	1	1	3	2	1	1	1	1	1	1	1	1	1	1	1	2	1	1	1	1	1	1	2	1	2	1	1	2	1	1	1	1	1	1	1	1	1	2	2	1	1	1	1	1	3	1	2	2	4	1	2	1	2	1	1	2	2
