10
50	500	99	98	97	96	95	94	92	90	89	88	87	85	84	83	82	79	78	77	76	74	73	71	67	65	62	61	59	58	56	54	53	52	51	50	49	47	46	45	44	42	40	39	36	35	34	32	29	26	23	20	1	3	2	2	3	1	1	1	1	1	1	1	2	2	1	1	1	2	1	3	1	2	1	4	2	2	4	1	2	3	1	2	3	1	1	1	1	1	1	1	2	2	1	1	1	1	1	1	2	2
48	500	99	98	97	95	94	91	90	89	88	86	84	83	81	80	79	76	74	73	72	70	69	68	66	65	64	62	59	58	57	53	52	50	48	44	41	40	36	34	33	32	30	29	28	27	26	25	24	20	1	1	1	1	1	1	2	1	3	1	1	1	2	4	1	2	4	2	1	1	2	1	3	1	1	1	4	2	1	2	1	2	3	1	2	3	1	2	3	1	1	1	1	3	1	2	1	1
50	500	98	97	96	95	94	93	92	91	89	87	86	84	82	81	80	78	76	75	74	73	71	70	69	66	65	64	63	60	59	58	55	54	53	52	51	50	48	47	41	40	38	37	33	32	31	29	28	25	23	20	2	1	3	1	1	1	1	2	1	2	1	2	2	1	2	1	1	2	1	1	4	2	2	3	1	1	1	1	2	1	1	3	2	1	1	2	1	3	2	1	2	1	3	1	2	1	1	3	1	1
53	500	98	97	96	95	93	92	91	90	87	86	85	84	80	77	76	74	73	72	71	70	69	68	67	66	64	63	62	61	60	58	57	56	55	53	52	51	48	47	46	42	41	40	39	38	36	35	31	30	29	27	25	24	23	1	2	1	1	3	1	2	1	1	1	1	2	1	1	1	2	2	1	1	2	2	1	1	1	3	1	2	1	1	2	1	2	3	1	4	2	1	2	1	1	1	1	1	1	1	2	2	2	1	4	1	1	1
43	500	99	97	95	92	88	87	84	83	82	80	79	78	77	76	74	73	72	71	67	64	63	62	61	59	56	55	54	53	51	49	46	45	44	40	38	35	34	30	29	28	24	22	20	2	2	4	2	3	2	1	1	3	3	1	1	3	1	2	1	1	3	2	1	3	2	4	1	3	1	3	1	2	1	1	3	1	3	3	1	1	1	1	2	1	1	1
54	500	98	97	96	95	94	93	91	90	89	88	86	85	84	82	76	73	72	71	70	69	68	64	63	60	59	58	57	56	55	54	52	50	49	48	45	44	43	41	39	38	37	36	35	34	33	32	31	30	29	27	26	24	23	20	3	1	4	2	1	1	1	1	1	2	1	1	2	1	1	1	1	2	2	2	1	1	2	2	1	2	3	3	1	2	1	1	1	1	1	2	1	1	3	1	1	1	2	1	1	1	1	1	2	2	1	1	1	2
51	500	99	97	94	93	92	91	88	87	86	85	84	83	82	81	80	79	78	77	76	75	74	73	68	67	63	62	61	59	58	55	54	53	52	50	45	44	43	40	38	37	36	33	32	31	30	29	28	27	24	22	21	1	1	1	1	1	1	1	1	1	2	2	1	2	2	3	1	1	1	4	1	1	3	2	1	1	1	2	1	2	1	2	2	2	1	2	2	2	3	3	1	1	2	1	2	2	2	1	1	1	1	2
52	500	98	97	96	95	94	92	91	88	87	86	82	80	79	78	77	74	73	69	68	65	63	62	60	59	57	53	52	51	49	48	47	46	45	44	43	41	40	39	37	36	35	34	33	31	30	28	26	25	24	22	21	20	1	1	1	1	1	1	1	1	3	2	1	1	1	1	3	1	3	1	1	2	1	3	1	2	2	1	1	3	1	2	1	1	2	1	2	2	2	3	2	1	1	1	2	1	1	2	2	2	1	3	1	1
44	500	98	97	96	95	89	88	87	85	84	83	82	81	79	74	73	72	70	68	67	65	64	60	59	56	55	54	53	52	50	48	47	46	44	43	39	38	34	30	28	27	24	23	22	21	5	1	1	2	1	1	3	3	2	2	1	1	2	1	2	3	2	1	2	2	1	2	1	4	2	1	4	4	2	2	1	2	1	1	2	2	1	1	1	1	2	1	1	2
52	500	99	96	95	94	91	89	88	87	86	85	82	81	79	78	77	74	72	69	68	67	66	65	62	61	59	58	57	56	55	53	51	50	49	45	44	42	41	40	38	36	35	33	32	31	30	29	25	24	23	22	21	20	1	2	2	2	1	3	2	2	1	1	1	1	1	1	4	1	1	1	1	1	2	2	1	1	1	2	2	2	1	1	1	1	3	1	1	1	1	3	1	3	1	2	1	1	2	1	1	2	2	1	3	2
