20
58	150	98	96	94	93	92	91	90	87	86	85	84	83	82	81	80	79	78	76	74	73	72	71	70	69	67	66	64	62	60	59	58	57	55	50	49	47	46	45	44	43	42	41	39	38	37	36	35	33	32	30	29	28	27	26	25	24	23	20	3	2	1	2	1	2	1	1	1	2	5	2	2	1	3	2	4	1	2	4	1	1	3	3	1	1	1	2	2	1	3	4	3	1	3	1	2	2	2	4	5	3	2	3	1	3	1	3	2	3	1	1	2	1	2	1	2	1
59	150	100	99	98	97	95	94	92	90	88	85	82	81	80	79	78	76	75	74	72	71	70	68	67	66	65	64	62	61	60	59	58	57	55	53	52	50	49	48	47	46	45	44	43	41	39	38	37	36	35	33	32	30	29	27	25	24	23	22	20	2	2	5	3	3	1	1	2	2	1	1	3	3	2	2	1	2	1	2	1	3	1	4	2	2	1	1	2	3	1	1	3	2	6	2	1	2	2	3	2	3	1	3	1	3	2	1	3	1	1	1	2	2	3	1	1	2	3	2
61	150	100	98	97	96	94	92	91	90	88	85	84	83	81	80	79	76	75	74	73	70	69	68	67	66	65	64	62	61	60	59	57	53	51	50	48	47	46	45	44	42	41	40	38	37	36	35	34	33	32	31	30	29	28	27	26	25	24	23	22	21	20	2	1	2	1	1	2	2	3	1	1	3	1	2	4	3	2	2	1	1	1	2	2	4	3	1	5	2	2	1	2	1	2	2	2	3	1	3	2	1	2	2	1	3	4	2	2	2	1	3	2	1	4	2	1	2	1	2	2	1	2	1
68	150	100	99	97	96	95	94	92	91	90	89	88	87	86	85	84	83	82	81	80	79	78	76	75	74	73	71	70	68	67	66	65	63	62	61	60	59	58	57	56	54	53	52	49	48	47	46	45	44	43	42	40	39	37	35	34	33	32	31	30	29	28	27	26	25	24	22	21	20	2	1	3	2	4	1	2	2	3	1	1	2	2	1	3	1	2	1	3	1	1	1	1	2	3	2	2	1	1	1	1	3	1	1	2	1	2	1	2	3	1	1	1	1	2	3	3	1	2	3	3	1	2	4	2	1	2	1	1	2	1	2	3	3	1	1	1	1
62	150	99	98	97	96	95	92	91	90	89	88	87	86	85	84	82	81	79	78	77	76	75	74	73	72	71	70	69	68	67	66	65	61	60	59	57	56	55	53	52	50	49	48	45	43	42	41	40	39	37	36	35	34	32	31	30	28	27	25	24	23	21	20	2	2	2	1	1	4	3	1	2	1	3	1	1	4	2	1	1	2	2	2	3	1	4	1	4	1	5	2	1	1	2	1	2	1	5	1	1	1	2	2	1	1	2	2	5	1	2	2	3	1	1	1	2	2	1	1	1	1	2	1	5	3
61	150	100	99	98	97	95	94	92	91	90	88	87	85	84	83	82	81	80	79	78	77	75	72	70	69	68	67	66	64	62	60	58	56	55	54	53	52	51	50	48	47	46	45	44	42	41	40	39	38	37	36	34	32	31	30	27	26	25	24	23	21	20	2	1	1	4	1	1	2	3	1	3	2	1	3	1	3	1	2	2	5	1	1	3	2	1	1	3	1	1	1	3	2	4	2	1	3	1	1	1	3	2	2	2	3	2	2	1	2	1	2	2	3	4	2	1	3	2	1	2	1	3	2
65	150	100	99	98	97	96	95	92	91	90	89	88	86	85	84	83	82	81	80	78	76	75	72	71	69	66	65	64	63	62	61	60	59	58	57	55	54	53	52	51	50	49	48	46	45	44	43	42	41	38	37	36	35	34	33	32	31	30	29	28	27	25	24	23	22	20	3	1	1	1	2	3	1	1	2	2	4	1	2	1	4	1	3	1	1	1	1	4	1	2	2	1	1	1	3	1	2	3	1	1	4	2	3	2	2	2	2	5	1	1	3	4	1	1	1	2	1	1	1	1	1	2	1	2	1	6	1	1	1	2	2
64	150	100	99	98	96	95	94	93	92	91	89	88	87	86	85	84	83	82	81	79	77	76	75	74	71	70	69	68	66	65	64	63	62	61	60	59	57	56	55	54	53	52	51	50	49	48	47	46	45	44	43	41	40	38	37	36	35	34	32	27	26	25	24	23	20	1	3	2	2	1	3	1	1	1	2	1	2	1	1	1	1	2	1	1	2	1	1	2	2	3	3	1	4	1	3	2	3	4	4	1	2	2	2	2	4	1	1	3	1	1	3	1	2	3	1	2	3	1	3	1	2	3	2	1	2	1	2	2	1
67	150	100	98	97	96	95	94	92	91	89	88	87	86	85	84	82	81	80	79	77	76	75	74	73	72	71	70	69	67	65	64	63	62	61	60	59	58	57	54	53	52	51	49	48	47	46	45	44	43	42	40	39	38	37	36	35	34	33	32	30	29	27	26	25	23	22	21	20	3	3	3	1	2	2	2	4	3	2	1	1	3	1	2	2	1	2	1	1	2	1	1	1	1	2	3	3	2	2	1	1	1	2	1	4	4	2	1	3	2	3	1	1	1	3	1	1	1	2	2	1	2	1	1	2	2	1	1	3	1	2	1	2	1	1	2
64	150	100	98	95	94	93	92	91	90	89	87	86	83	82	81	80	79	77	76	75	74	72	70	68	67	66	65	64	63	62	61	60	59	58	57	56	55	54	52	50	48	46	45	44	43	42	41	40	39	38	37	36	33	32	31	30	29	28	27	26	25	23	22	21	20	2	1	1	2	1	3	2	3	2	1	2	3	2	1	2	1	1	2	2	5	2	1	1	1	5	2	1	1	4	1	1	1	2	1	1	1	2	3	1	1	2	2	1	1	1	1	5	2	2	3	1	3	1	2	1	1	2	1	2	1	1	3	5	4
64	150	100	99	98	97	96	93	92	91	90	89	88	87	86	84	83	82	81	80	79	78	77	76	74	73	72	71	69	68	67	66	65	64	63	62	60	59	58	56	55	54	52	51	50	48	46	45	44	43	42	40	39	38	37	35	34	32	30	29	28	26	23	22	21	20	1	4	2	5	1	1	4	1	4	1	3	1	2	2	1	2	2	1	2	3	1	2	1	1	1	1	2	1	2	2	2	1	3	1	2	3	1	2	2	2	5	3	3	1	1	3	2	1	1	1	2	2	1	1	4	1	3	2	1	2	1	1	1	1
60	150	100	99	98	97	95	94	93	91	90	89	88	85	84	83	81	80	79	78	77	76	75	73	70	69	68	67	66	65	64	63	62	61	60	59	58	57	55	54	52	51	50	49	47	45	41	40	38	37	36	35	33	31	30	28	27	26	24	23	22	21	1	2	3	2	1	2	1	4	3	2	1	1	1	2	1	1	4	6	2	2	2	1	1	1	1	1	1	3	2	1	2	3	2	3	2	3	1	2	2	1	3	1	1	1	3	2	3	1	2	6	1	1	1	3	4	1	2	2	3	2
63	150	99	96	95	93	91	90	88	87	86	84	82	81	80	79	78	77	76	74	73	72	71	69	68	66	65	64	63	62	60	59	58	57	56	55	54	52	51	50	49	48	47	46	45	44	43	42	41	38	37	36	35	34	33	32	30	29	28	27	26	24	23	22	20	1	1	1	1	3	1	2	3	2	3	3	2	1	2	5	2	3	2	1	2	3	4	1	4	1	3	1	2	1	2	2	3	3	1	3	2	2	1	2	1	1	2	3	1	1	2	2	1	3	2	1	1	2	2	1	1	1	1	3	1	2	2	1
62	150	100	99	98	97	96	95	92	91	90	89	88	84	83	82	81	80	78	77	76	74	73	72	71	69	66	65	64	63	62	61	60	59	57	56	55	54	53	52	51	50	47	45	44	43	42	41	40	39	38	37	36	33	32	31	30	29	28	26	25	24	22	20	2	2	2	2	2	3	1	3	3	1	2	4	1	1	4	1	1	2	1	2	2	1	2	2	3	1	1	2	1	3	2	1	1	2	3	1	3	2	3	2	2	2	1	1	1	2	2	3	3	1	1	2	3	1	2	2	3	1	1	1	4	3
61	150	100	99	97	96	93	92	90	89	87	86	85	84	83	82	81	80	79	78	76	75	74	73	72	71	70	69	68	66	65	64	63	62	61	59	57	54	53	51	50	49	48	47	46	45	44	43	42	41	40	39	35	34	33	31	28	27	25	24	23	22	21	3	2	2	2	4	1	2	2	2	2	2	2	1	2	1	1	1	3	1	1	4	2	2	2	1	1	4	2	3	3	3	1	2	1	1	3	1	2	1	3	2	2	4	2	2	1	1	1	1	3	2	2	1	4	2	2	2	3	1	2	1
63	150	100	99	98	97	96	95	93	91	90	89	88	86	85	83	82	81	80	78	77	76	75	74	73	72	71	70	69	68	67	64	63	61	60	58	56	55	54	53	49	48	47	46	44	43	42	41	40	39	38	37	36	34	33	32	31	30	28	27	24	23	22	21	20	2	3	3	2	1	1	3	2	2	2	2	2	1	1	2	2	2	1	2	2	1	2	2	1	2	1	2	1	1	2	1	5	1	1	2	2	2	2	1	1	1	1	2	3	2	3	2	2	3	2	4	2	1	1	2	3	2	2	3	3	2	1	2
64	150	100	99	98	96	95	94	93	92	91	90	89	88	87	85	84	83	82	81	79	78	76	75	73	72	71	70	69	68	67	66	65	64	63	62	61	60	59	58	56	55	54	53	52	51	50	49	48	47	45	44	42	40	38	35	34	33	32	30	28	27	25	23	22	21	3	4	1	1	2	4	1	3	1	3	1	1	2	1	4	2	1	1	2	2	3	4	1	2	1	3	1	1	1	2	1	2	1	2	3	1	3	3	2	1	1	1	1	1	1	2	2	2	2	3	1	2	3	2	2	2	2	2	1	4	1	2	1	1
64	150	100	99	98	95	94	93	92	91	90	89	88	87	86	85	84	83	82	80	79	78	77	76	74	73	72	71	70	69	68	65	64	63	62	61	60	59	58	56	55	54	53	51	50	49	48	47	46	45	44	43	42	41	40	39	38	37	34	31	30	29	28	27	26	22	3	1	1	2	2	1	2	2	2	2	2	1	5	3	2	1	1	3	4	1	3	1	2	1	4	1	1	2	2	1	1	2	2	2	2	1	2	3	3	1	4	4	1	2	1	2	1	1	2	2	2	1	1	1	1	2	1	1	5	1	1	1	2	2
66	150	100	98	97	96	95	94	92	89	88	87	86	85	84	83	82	81	80	79	76	75	74	73	72	71	70	69	68	67	66	65	64	63	62	61	59	58	57	56	55	54	52	51	50	48	47	46	45	44	43	42	41	40	39	37	36	35	34	33	32	28	27	26	24	23	22	21	4	2	2	1	3	1	2	3	1	1	1	2	1	1	1	2	1	1	2	2	1	6	2	1	1	1	2	2	1	1	3	2	2	1	2	2	1	2	2	2	1	4	3	1	1	3	3	1	1	1	2	2	2	1	3	3	3	1	1	1	1	2	1	2	3	2
68	150	100	99	97	96	95	94	93	92	90	89	88	86	85	84	83	80	79	78	77	76	75	74	73	72	69	68	67	66	65	64	63	62	60	59	58	57	55	54	52	51	50	49	48	47	46	44	43	42	41	40	39	38	37	36	35	34	33	32	31	29	28	27	26	25	24	23	22	21	2	3	5	2	4	2	1	1	4	1	1	2	2	1	1	1	1	1	3	1	1	2	1	2	1	1	1	2	2	1	2	3	2	1	3	1	1	3	1	1	6	2	2	1	1	3	2	1	1	1	2	2	1	1	1	1	3	2	2	1	2	1	1	1	2	3	1	2
