20
71	150	100	99	98	97	96	95	94	93	92	91	90	88	87	86	85	84	83	82	81	80	79	78	76	75	74	73	72	71	70	69	68	67	66	65	64	62	61	60	59	58	57	55	53	52	50	49	48	47	46	45	44	43	42	41	39	38	37	36	35	33	32	30	29	28	27	26	25	24	23	22	20	3	2	8	3	2	3	2	2	3	2	3	2	1	1	3	5	2	3	4	6	4	6	2	2	3	4	3	2	6	4	1	5	3	2	2	3	2	6	2	4	7	5	6	2	2	5	2	4	4	5	3	7	6	4	5	6	2	6	2	4	4	5	3	1	5	1	3	3	5	3	4
78	150	100	99	98	97	96	95	94	92	91	90	89	88	87	86	85	84	83	82	81	80	79	78	77	76	75	74	73	71	70	69	68	67	66	65	64	63	62	61	60	59	58	57	56	54	53	52	51	50	49	48	47	46	45	44	43	42	41	40	39	38	37	36	35	34	33	32	31	30	29	28	27	26	25	24	23	22	21	20	3	1	2	6	4	4	2	3	5	6	2	2	2	3	2	7	2	2	3	7	4	2	1	4	3	3	4	4	3	1	3	5	4	2	5	3	3	3	2	3	2	3	2	3	3	1	2	2	1	4	3	6	5	2	2	5	2	4	1	2	6	2	7	4	2	4	3	3	6	3	4	5	5	3	1	2	4	1
76	150	100	99	98	97	95	94	92	91	90	89	88	87	86	85	84	83	82	81	80	79	78	77	76	75	74	73	72	71	70	69	68	67	66	65	64	62	61	60	59	58	57	56	55	54	53	52	51	50	49	48	47	46	45	44	43	42	41	40	39	38	37	36	35	34	32	31	30	29	28	27	26	25	24	23	21	20	3	3	3	6	3	1	6	6	3	1	7	5	1	3	6	2	5	4	2	3	6	2	1	4	1	4	5	2	3	6	3	4	3	2	1	2	1	6	2	2	4	5	4	1	4	4	1	3	1	7	2	2	4	3	3	6	3	3	4	1	6	3	1	4	6	4	1	1	1	4	2	1	3	2	7	6
79	150	100	99	98	97	96	95	94	93	92	91	90	89	88	87	86	85	84	83	82	81	80	79	78	77	76	75	74	72	71	70	69	68	67	66	65	64	63	62	61	60	59	58	57	56	55	54	53	52	51	50	49	48	47	46	45	44	43	42	41	40	38	37	36	35	34	33	32	31	30	29	28	27	26	25	24	23	22	21	20	6	4	3	2	4	4	4	1	3	2	1	5	2	2	2	3	2	4	3	3	2	2	1	2	2	2	2	3	4	4	5	1	1	5	3	5	4	5	5	5	3	3	3	2	5	4	8	2	4	5	3	3	4	2	3	6	4	1	3	4	2	5	2	2	5	2	3	2	2	2	1	6	3	3	3	5	3	1	3
76	150	100	99	98	97	96	95	94	93	92	91	90	89	88	87	86	85	84	83	82	81	80	79	77	76	75	74	73	72	70	69	68	67	66	65	64	63	62	61	60	59	58	57	56	55	54	52	51	50	49	48	46	45	44	43	42	41	40	39	38	37	36	35	34	33	32	31	30	29	28	27	26	25	23	22	21	20	2	1	3	3	1	2	3	1	7	5	6	4	5	2	3	2	1	3	5	3	2	3	2	5	4	7	2	3	2	4	2	3	6	5	3	1	6	2	4	5	5	5	1	2	5	7	3	3	3	2	4	6	3	2	2	1	7	5	3	4	2	1	4	4	2	2	2	3	2	2	3	1	2	4	5	5
78	150	100	99	98	97	96	95	94	93	92	91	90	89	88	87	86	85	84	83	82	81	80	79	78	77	76	75	73	72	71	70	69	68	67	66	65	64	63	62	61	60	59	58	57	56	55	54	52	51	50	49	48	47	46	45	44	43	42	41	40	39	38	37	36	35	34	33	32	31	30	29	28	27	26	24	23	22	21	20	2	6	5	5	1	1	2	2	1	6	4	3	2	3	2	1	4	3	3	3	3	6	11	4	2	2	1	2	2	1	4	1	3	5	3	4	5	3	3	3	4	3	5	4	2	6	7	3	4	3	2	1	1	5	1	2	2	4	2	1	5	5	4	7	1	2	2	1	4	2	5	4	5	3	4	3	3	1
78	150	100	99	98	97	96	95	93	92	91	90	89	88	87	86	85	84	83	82	81	80	79	78	77	76	74	73	72	71	70	69	68	66	65	64	63	62	61	60	59	58	57	56	55	54	53	52	51	50	49	48	47	46	45	44	43	42	41	40	39	38	37	36	35	34	33	32	31	30	29	28	27	26	25	24	23	22	21	20	4	3	2	3	4	4	3	2	5	5	1	3	2	2	1	8	1	4	6	1	2	5	3	5	7	4	4	5	1	4	3	6	3	2	3	3	5	3	3	1	2	3	4	3	4	3	5	4	2	2	4	2	4	3	2	3	3	3	5	4	1	1	2	2	4	4	3	2	3	4	3	2	2	2	1	8	1	4
77	150	100	99	98	97	96	95	94	93	92	91	90	89	88	87	86	85	84	83	82	81	80	78	77	76	75	74	73	72	71	70	69	68	67	65	64	63	62	61	60	59	58	57	56	55	54	53	52	51	50	49	48	47	46	45	44	43	42	41	40	39	38	37	36	35	34	33	32	31	30	28	27	25	24	23	22	21	20	6	8	3	3	3	1	3	6	1	3	5	5	3	2	3	3	4	4	3	2	3	5	2	4	4	3	4	1	4	2	4	3	1	2	7	4	1	8	2	2	4	1	3	3	4	2	1	1	1	3	3	3	4	3	5	3	3	4	2	3	5	2	4	3	4	2	2	4	5	4	4	2	5	5	2	2	2
78	150	100	99	98	97	95	94	93	92	91	90	89	88	87	86	85	84	83	82	81	80	79	78	77	76	75	74	73	72	71	70	69	68	67	66	65	64	63	62	61	60	59	58	57	56	55	54	53	52	51	50	49	48	47	46	45	44	43	42	41	40	39	38	37	36	35	34	33	32	31	30	29	28	27	26	24	23	22	21	5	1	3	2	6	4	1	5	2	3	5	2	3	5	5	2	2	2	2	4	7	1	3	4	4	3	7	8	2	4	2	5	2	3	3	4	4	5	3	2	3	4	1	5	5	3	5	1	8	4	3	2	4	2	3	4	2	3	1	5	1	2	3	3	2	4	2	1	1	5	1	2	3	3	1	2	5	1
80	150	100	99	98	97	96	95	94	93	92	91	90	89	88	87	86	85	84	83	82	81	80	79	78	77	76	75	74	73	72	71	70	69	68	67	66	65	64	63	62	61	60	59	58	57	56	55	54	53	52	51	50	49	48	47	46	45	44	43	42	41	40	39	38	37	36	35	34	33	32	31	30	29	28	27	26	25	24	23	22	21	5	5	1	6	3	5	2	4	3	2	4	1	5	3	6	5	6	2	1	1	1	3	2	5	2	2	2	2	3	1	3	5	2	3	2	4	1	2	6	2	3	4	4	1	1	1	4	1	1	2	7	4	3	1	4	1	4	5	2	4	2	5	3	2	2	5	4	3	5	4	1	2	4	5	4	1	6	3	2	7
77	150	100	99	97	96	95	94	93	92	91	90	89	88	87	86	85	84	83	82	81	80	79	78	77	76	75	74	73	72	71	70	69	68	67	66	65	64	63	62	61	60	59	58	57	56	55	54	53	52	51	49	48	47	46	45	44	43	42	41	40	39	38	37	35	34	33	32	31	30	29	28	26	25	24	23	22	21	20	5	6	2	2	2	8	3	4	6	1	3	4	4	3	4	1	7	1	5	5	2	5	1	2	1	5	3	4	3	4	2	2	2	4	3	1	2	3	4	2	6	4	4	5	5	5	3	4	4	2	4	1	3	1	5	5	3	5	4	2	3	4	3	4	1	1	2	1	4	2	2	4	3	1	5	2	2
80	150	100	99	98	97	96	95	94	93	92	91	90	89	88	87	86	85	84	83	82	81	80	79	78	77	76	75	74	73	72	71	70	69	68	67	66	65	64	63	62	61	60	59	58	57	56	55	54	53	52	51	50	49	48	47	46	45	44	43	42	41	40	39	38	37	36	35	34	33	32	31	30	29	27	26	25	24	23	22	21	20	5	3	1	5	4	7	1	1	6	2	7	1	1	6	2	1	3	4	5	2	5	1	4	2	1	3	1	4	3	2	3	2	4	3	4	2	2	3	3	6	3	2	1	2	6	3	4	2	3	4	1	3	1	1	2	5	4	2	6	5	4	3	2	3	3	6	2	4	5	1	2	5	4	5	6	1	2	1	2	4
76	150	100	99	98	97	96	95	94	93	92	91	90	89	88	87	86	85	84	82	81	80	79	78	77	76	75	74	73	72	71	70	69	68	67	66	65	64	63	62	61	60	59	58	57	56	55	54	53	52	51	50	49	48	47	46	45	44	43	42	41	40	38	37	36	34	33	32	31	30	29	28	27	26	24	23	22	20	5	4	7	6	3	8	4	2	1	3	3	4	3	4	1	3	4	5	4	2	2	2	1	2	3	3	1	2	4	4	1	4	5	4	3	3	4	4	3	2	3	5	7	2	4	4	1	1	4	4	4	2	5	4	3	4	6	4	2	2	3	2	2	2	5	3	3	2	5	2	5	4	1	1	4	2
75	150	100	99	97	96	95	94	93	92	91	90	89	88	87	86	85	84	83	82	81	80	79	78	77	76	75	74	73	71	70	69	68	66	65	64	63	61	60	59	58	57	56	55	53	52	51	50	49	48	47	46	45	44	43	42	41	40	39	38	37	36	35	34	32	31	30	29	28	27	26	25	24	23	22	21	20	1	1	2	5	4	2	6	3	2	4	1	3	5	4	3	1	3	4	2	7	3	2	7	6	1	4	4	6	4	6	6	5	2	2	4	5	6	2	1	2	4	1	6	3	2	2	4	4	5	6	4	3	5	5	6	5	1	2	4	2	3	4	2	2	1	3	2	3	2	2	2	1	3	1	4
79	150	100	99	98	97	96	95	94	93	92	91	90	89	88	87	86	85	84	83	82	81	80	79	78	77	76	75	74	73	72	71	70	69	68	67	65	64	63	62	61	60	59	58	56	55	54	53	52	51	50	49	48	47	46	45	44	43	42	41	40	39	38	37	36	35	34	33	32	31	30	29	28	27	26	25	24	23	22	21	20	4	1	4	2	2	4	5	6	2	1	3	1	5	3	1	1	2	4	5	2	2	7	4	6	3	6	5	4	1	2	3	1	4	1	4	2	4	2	3	2	5	1	5	1	3	3	2	5	2	5	3	6	2	3	5	5	3	3	2	1	3	4	5	2	2	2	2	3	1	2	4	1	3	6	1	6	6	5	3
78	150	100	99	98	97	96	95	94	93	92	91	90	89	88	87	86	85	84	83	82	81	80	79	78	77	76	75	74	73	72	71	70	69	68	67	65	64	63	62	61	60	59	58	57	56	55	54	53	52	51	50	49	48	47	46	45	44	43	42	41	40	39	37	36	35	34	33	32	31	30	29	28	27	26	25	24	23	21	20	5	3	2	6	5	2	3	2	5	5	2	5	6	6	2	3	1	4	6	3	2	2	1	1	2	4	6	4	3	4	4	2	1	2	4	4	7	3	3	1	1	2	2	5	5	4	4	3	2	5	8	5	1	2	1	6	3	1	3	2	1	4	3	3	2	3	3	3	2	3	2	1	5	4	4	2	2	2
76	150	100	99	98	97	96	95	94	93	91	89	88	87	86	85	84	83	82	81	80	79	78	77	76	75	74	73	72	70	69	68	67	66	65	64	63	62	60	59	57	56	55	54	53	52	51	50	49	48	47	46	45	44	43	42	41	40	39	38	37	36	35	34	33	32	31	30	29	28	27	26	25	24	23	22	21	20	1	1	1	3	3	7	3	1	1	3	4	2	7	4	3	6	4	7	4	4	2	4	1	2	6	6	3	3	3	2	1	2	3	1	5	2	3	4	4	2	3	3	4	1	1	2	4	6	3	4	1	2	1	5	3	5	3	6	3	5	2	1	3	5	6	4	4	4	6	3	4	3	1	4	4	3
76	150	100	99	98	97	96	94	93	92	91	90	89	88	86	85	84	83	82	81	80	79	78	77	76	75	74	73	72	71	70	68	67	66	65	64	63	62	61	59	58	57	56	55	54	53	52	51	50	49	48	47	46	45	44	43	42	41	40	39	38	37	36	35	34	33	32	31	30	28	27	26	25	24	23	22	21	20	5	2	3	4	4	2	4	2	1	2	3	1	2	2	3	2	5	2	4	4	2	4	3	5	5	2	7	3	1	10	9	1	1	4	5	2	2	1	2	6	6	6	1	3	2	4	6	4	2	5	1	1	1	5	6	2	6	4	4	3	3	4	1	2	4	6	4	1	3	1	2	4	2	1	7	1
76	150	100	99	98	97	96	95	94	93	92	91	90	89	88	87	85	84	83	82	81	80	79	78	77	75	74	73	72	71	70	68	67	66	65	64	63	62	61	60	59	58	57	56	55	54	53	52	50	49	48	47	46	45	44	42	41	40	39	38	37	36	35	34	33	32	31	30	29	28	27	26	25	24	23	22	21	20	3	6	2	5	4	5	5	2	1	1	7	2	2	3	2	4	2	2	3	3	3	3	7	4	3	4	3	2	4	2	4	4	2	1	1	3	3	3	6	7	3	3	6	2	1	2	4	6	6	2	5	2	2	2	1	3	3	1	3	1	4	4	6	2	7	3	2	5	4	2	3	5	3	3	4	2
81	150	100	99	98	97	96	95	94	93	92	91	90	89	88	87	86	85	84	83	82	81	80	79	78	77	76	75	74	73	72	71	70	69	68	67	66	65	64	63	62	61	60	59	58	57	56	55	54	53	52	51	50	49	48	47	46	45	44	43	42	41	40	39	38	37	36	35	34	33	32	31	30	29	28	27	26	25	24	23	22	21	20	3	2	2	5	4	4	5	2	2	1	1	6	2	2	2	2	1	1	3	4	5	3	2	5	3	2	8	3	5	5	2	2	2	3	1	5	3	6	4	3	3	4	1	3	2	5	4	4	8	3	4	2	4	3	4	3	2	2	4	4	4	4	2	4	6	2	1	1	1	2	6	2	1	2	2	3	2	5	2	2	1
