20
89	150	100	99	98	97	96	95	94	93	92	91	90	89	87	86	84	83	82	80	79	78	77	75	74	73	72	71	70	69	68	67	65	64	63	62	61	60	59	58	57	54	53	52	51	50	49	48	47	46	45	44	43	42	41	40	39	38	37	36	35	34	33	32	31	29	28	27	26	25	24	23	21	20	18	17	16	15	14	13	12	11	9	8	7	6	5	4	3	2	1	3	3	3	1	3	3	1	1	1	3	3	1	2	3	2	2	3	3	1	1	5	1	1	4	1	3	1	1	4	1	6	1	2	3	1	1	1	2	2	2	2	4	2	2	3	2	1	1	1	3	1	2	1	1	5	1	8	2	4	2	2	2	2	3	1	1	2	2	1	1	3	2	2	3	4	2	1	7	1	1	1	2	1	3	4	5	2	3	2
81	150	100	99	98	96	95	91	90	89	88	87	85	84	83	82	81	80	79	78	77	76	75	74	73	72	71	70	69	68	67	66	65	64	63	62	61	59	58	57	56	55	54	53	52	51	50	49	48	46	43	42	40	39	38	36	35	34	33	32	31	29	27	26	25	24	23	22	21	20	19	18	17	15	14	13	12	10	9	8	5	4	1	1	2	7	1	1	2	5	1	2	3	3	2	2	1	4	5	4	1	2	1	1	2	5	1	3	3	5	3	2	1	2	3	3	1	5	3	4	1	3	4	2	2	2	2	4	2	3	4	1	3	1	5	1	3	2	2	1	1	2	1	1	3	2	3	1	2	2	2	2	2	5	2	3	2	5	7	1	1	1	3	1
83	150	100	99	98	97	96	95	94	93	91	90	89	88	87	85	84	83	82	81	80	78	77	76	75	74	73	72	70	67	66	65	63	62	61	60	59	58	57	56	54	53	52	51	50	49	48	47	46	45	42	39	38	37	36	35	34	33	31	29	28	27	26	25	24	23	22	21	20	19	16	15	14	13	12	11	10	9	8	7	6	5	3	2	1	4	2	2	1	2	2	3	1	1	2	4	6	1	2	3	2	2	1	2	7	3	3	2	5	2	1	1	3	5	3	3	2	5	2	1	1	1	1	3	1	2	1	2	1	3	4	3	3	2	3	2	3	2	1	3	2	5	1	2	2	6	3	1	1	3	4	2	1	3	3	2	2	3	1	3	3	1	2	3	3	3	1	1
86	150	100	99	98	97	96	95	94	93	92	91	90	89	87	86	85	84	83	81	80	79	78	77	76	73	72	71	70	67	66	65	63	62	61	60	59	58	57	56	55	54	53	52	51	50	49	48	47	46	44	43	41	40	39	36	35	33	32	31	30	29	28	26	25	24	23	22	21	20	19	18	17	15	14	13	12	11	10	9	8	7	6	5	4	3	2	1	4	3	1	2	3	3	2	1	3	2	1	1	2	5	1	2	2	1	2	1	2	1	3	1	2	1	2	3	2	1	2	2	1	2	1	1	1	3	4	3	3	2	2	3	1	2	1	2	5	1	2	3	4	5	4	3	4	1	2	4	2	3	5	1	2	4	5	5	1	1	4	3	1	2	4	1	2	3	3	2	2	1	3	3	1	2
90	150	100	99	98	97	95	94	93	92	91	90	89	88	87	86	85	84	83	82	81	80	79	78	77	76	75	74	73	72	71	70	69	68	67	66	65	64	63	62	61	60	59	57	56	55	54	53	52	50	48	47	46	45	44	43	42	41	40	39	36	35	34	33	32	31	30	29	28	27	24	23	21	20	19	18	17	16	15	14	13	12	11	10	9	8	7	6	5	4	3	1	3	3	4	4	2	2	2	2	2	4	4	2	1	1	1	4	2	4	1	1	1	2	1	2	1	3	1	1	2	6	2	3	1	1	1	2	2	2	1	1	1	3	1	4	2	2	4	1	3	2	2	2	2	3	4	2	2	2	1	1	1	1	2	1	1	2	2	2	4	6	2	2	2	1	3	2	4	2	3	4	3	2	2	4	3	1	1	2	2	4
88	150	100	99	98	96	95	93	92	91	89	88	87	86	85	84	83	82	80	79	78	77	76	75	74	73	72	71	70	69	68	66	65	64	63	62	61	60	59	58	57	55	53	52	51	50	49	48	46	45	44	43	42	41	40	39	37	36	35	33	32	31	30	29	28	27	26	24	22	21	20	19	18	17	16	15	14	13	12	11	10	9	8	7	6	5	4	3	2	1	3	2	4	2	2	1	3	1	2	3	4	3	2	1	2	1	3	2	2	1	2	2	2	3	1	1	3	4	2	4	1	6	3	2	1	2	1	6	2	3	1	3	2	3	5	2	2	3	1	1	3	2	3	3	3	4	3	4	2	4	1	4	1	3	2	1	3	2	1	1	1	2	2	1	2	1	1	4	1	1	1	5	2	1	3	2	1	1
88	150	100	97	96	95	94	92	91	90	89	87	86	85	84	83	81	80	78	77	76	75	74	73	72	71	70	69	68	66	65	64	63	62	61	60	59	58	57	55	54	53	52	51	50	49	48	47	46	45	44	43	41	40	39	37	36	35	34	33	32	31	30	29	28	27	25	24	23	22	21	20	19	18	17	16	15	14	13	12	11	10	9	8	6	5	4	3	2	1	2	3	4	5	2	2	2	1	1	1	4	1	4	2	3	1	1	2	1	2	2	3	1	3	2	1	1	1	2	4	3	1	3	4	1	6	2	3	2	1	2	6	1	3	1	1	2	2	3	3	2	3	1	1	2	4	3	1	1	2	3	2	2	4	2	1	1	2	7	1	1	1	2	2	2	2	5	1	1	1	2	2	2	4	3	3	3	4
84	150	100	99	98	97	96	95	94	93	92	91	90	89	88	87	86	85	84	83	82	81	80	78	77	76	75	74	70	69	68	67	66	65	64	63	62	60	58	57	56	55	53	51	50	49	47	44	43	42	40	38	37	36	35	34	33	32	30	29	28	27	26	25	24	23	22	21	19	18	17	16	15	14	13	12	11	10	9	8	7	6	4	3	2	1	2	2	2	1	6	1	3	1	1	2	1	3	1	1	4	3	6	1	2	1	1	2	5	2	2	4	3	3	4	1	3	3	5	2	2	1	1	1	6	5	2	3	2	1	3	1	3	2	2	3	3	2	1	3	4	2	2	1	2	2	3	5	2	2	2	3	3	1	2	2	1	3	4	1	2	2	3	3	3	1	4	1	1	2
85	150	100	99	98	97	96	94	93	92	91	90	89	88	86	85	84	83	82	81	79	76	75	74	73	72	71	68	67	66	65	64	63	62	61	60	58	57	56	55	54	53	51	50	49	48	47	46	45	44	43	41	40	39	37	36	34	33	32	31	30	29	28	27	24	23	22	21	20	19	18	17	16	15	14	13	12	11	10	8	7	6	5	4	3	2	1	5	3	1	1	1	1	3	2	1	1	2	7	5	2	3	6	2	1	2	4	6	2	1	1	3	2	3	3	2	2	3	3	1	3	2	2	2	3	4	1	1	2	1	2	3	2	2	1	2	1	2	3	3	1	1	1	1	4	2	5	1	1	2	5	2	2	1	2	2	4	3	5	3	1	4	3	1	2	1	2	5	3	1	1	1
86	150	99	98	96	95	94	93	92	91	90	88	86	85	84	83	82	81	80	79	78	77	76	74	73	72	71	70	68	67	66	65	64	63	62	61	60	59	58	57	56	55	54	53	51	50	49	47	46	45	44	43	42	41	40	39	37	36	35	34	33	32	31	29	28	27	26	25	22	21	19	18	17	16	15	14	13	12	11	10	9	8	7	6	5	4	3	2	3	3	1	2	3	2	3	2	1	1	2	2	3	1	3	3	2	3	3	3	1	2	2	1	4	2	3	1	5	1	1	3	1	1	2	1	3	4	1	1	1	2	4	3	1	3	2	5	1	2	2	2	2	2	2	2	2	5	1	3	2	1	1	2	3	8	3	6	3	1	6	2	1	3	2	1	1	4	1	1	1	1	1	4	6	2
86	150	100	99	98	97	96	95	94	93	92	91	90	88	87	86	85	84	83	82	81	77	76	75	74	73	72	71	70	69	68	66	65	64	63	62	61	59	58	57	55	53	52	49	48	47	46	45	44	43	41	40	39	38	37	35	34	33	32	31	29	28	27	26	25	24	23	22	21	20	19	18	17	15	14	13	12	11	10	9	8	7	6	5	4	3	2	1	1	4	3	1	1	1	1	3	1	5	2	3	3	2	2	3	2	1	4	2	2	1	3	2	2	2	1	4	2	2	1	1	3	1	2	3	2	4	2	2	2	3	2	2	4	2	1	3	1	3	2	3	2	3	2	2	1	2	2	2	1	1	2	3	6	3	1	1	3	5	1	2	1	3	1	1	1	2	6	2	3	4	9	2	1	4
89	150	100	99	97	96	95	94	92	91	90	89	88	87	86	85	84	83	81	80	79	78	77	76	75	74	72	71	70	69	68	67	65	64	63	62	61	60	59	58	57	56	55	54	53	52	51	50	49	48	45	43	42	41	40	39	38	37	36	35	34	33	32	31	30	29	28	27	26	25	24	22	21	20	19	18	15	14	13	12	11	10	9	8	7	6	5	4	3	2	1	3	1	2	1	3	1	1	4	2	3	2	3	3	5	2	2	3	3	3	2	4	1	1	3	2	2	1	1	2	1	1	2	3	4	2	6	4	2	1	1	4	1	2	3	4	2	2	1	2	1	2	1	2	2	2	1	2	2	3	2	1	4	1	5	3	1	2	2	3	2	1	1	4	3	3	2	2	2	1	2	2	3	3	3	3	1	2	1	3
87	150	100	99	98	97	96	95	94	93	92	91	90	89	86	85	84	83	82	81	80	79	78	77	76	75	73	72	71	70	68	67	65	64	62	61	60	59	58	57	56	55	54	53	52	51	50	49	48	47	46	45	44	43	42	41	39	37	36	35	34	33	32	31	30	29	28	27	26	25	24	23	22	21	18	17	16	15	14	13	12	11	9	8	5	4	3	2	1	1	3	1	2	2	1	1	3	6	4	2	4	3	2	1	3	3	2	3	1	1	4	4	2	1	2	1	4	5	1	2	2	2	1	2	5	2	2	4	1	1	4	3	3	4	6	3	1	3	1	1	1	3	1	1	2	2	3	2	2	2	3	1	4	2	1	1	4	1	5	3	1	3	1	3	1	2	2	1	4	1	2	1	2	1	3	2
86	150	100	99	98	97	96	95	94	93	92	91	90	88	87	86	85	84	82	81	80	79	78	77	76	75	73	72	71	70	69	68	67	66	65	64	63	62	61	60	59	57	56	55	53	52	51	50	49	48	47	46	45	43	42	41	40	38	36	35	34	33	32	31	30	28	27	26	25	22	21	20	19	18	17	16	14	13	12	11	10	9	8	7	6	4	3	1	1	2	2	2	1	4	2	1	4	1	1	1	7	2	2	3	4	4	4	2	2	1	1	4	1	2	3	3	2	1	1	3	1	1	1	3	3	1	2	2	2	2	2	1	4	2	4	1	7	3	5	4	1	1	1	4	3	2	2	2	2	1	2	3	3	2	2	1	1	1	2	1	4	1	3	3	2	3	2	1	1	1	2	6	5	4
82	150	100	99	98	97	96	95	94	92	91	90	89	88	87	86	85	82	81	80	79	78	77	76	75	74	73	71	70	69	68	67	66	64	63	61	59	58	57	55	54	52	51	50	48	47	46	45	44	43	42	41	40	39	38	36	34	33	32	31	30	28	26	25	24	23	20	18	17	16	15	14	13	12	11	10	9	8	6	5	4	3	2	1	2	1	2	2	3	2	1	2	6	3	2	2	2	1	1	1	4	4	2	4	4	1	1	5	5	1	3	4	2	1	1	3	1	1	1	2	2	1	2	5	1	2	2	3	1	3	1	3	1	1	2	2	4	2	3	2	4	3	3	2	6	4	2	3	5	1	1	4	2	1	2	3	3	3	2	2	1	2	5	3	3	4
90	150	100	99	98	97	96	95	94	93	92	91	90	89	88	87	85	83	82	81	80	79	78	77	76	75	73	72	71	70	69	68	67	66	65	64	63	62	61	60	58	56	55	54	53	51	49	48	47	46	45	44	42	41	40	39	38	37	36	34	33	32	31	29	28	27	26	25	24	23	22	21	20	19	18	17	16	15	14	13	12	11	10	9	8	7	6	5	4	3	2	1	5	2	2	2	3	2	4	1	1	2	6	2	1	1	3	3	3	3	2	3	2	3	3	3	2	3	2	3	1	1	5	2	2	3	1	2	4	3	3	1	1	2	4	2	3	3	1	2	1	2	5	5	2	1	2	1	2	4	1	3	3	2	1	1	2	2	1	1	1	4	1	2	1	2	2	2	1	3	1	3	2	2	3	2	1	2	1	2	1	1
83	150	100	98	97	96	94	93	92	91	90	89	88	87	86	85	83	82	81	80	79	78	77	76	75	74	73	72	71	70	69	67	66	64	63	62	61	60	59	58	57	56	55	54	53	51	50	49	48	47	46	45	44	43	42	41	40	39	38	37	36	34	33	30	29	28	27	25	24	23	22	19	18	16	15	14	13	11	10	8	7	5	4	2	1	1	2	5	4	3	2	1	2	3	3	1	2	2	2	4	3	1	1	2	4	6	1	1	2	1	3	1	2	3	2	8	1	1	3	3	3	3	2	1	3	1	7	5	3	4	2	1	1	2	3	3	2	1	2	3	3	2	3	5	4	1	1	2	2	3	4	2	1	4	1	2	2	1	1	3	2	2	1	1	3	2	1	3
85	150	100	99	98	97	96	94	93	92	91	90	89	88	87	86	85	84	82	81	78	77	76	74	73	72	71	70	69	68	67	66	65	64	63	61	60	59	58	57	55	54	52	51	50	49	48	47	46	43	42	41	40	39	38	37	36	35	34	33	32	31	30	29	28	25	23	22	20	19	17	16	15	14	13	12	11	10	9	8	7	6	5	4	3	2	1	2	5	1	3	3	4	1	1	3	3	1	2	2	5	1	1	1	2	3	3	2	3	1	2	1	1	3	5	1	3	1	4	1	1	2	1	1	2	3	2	3	2	1	1	2	3	4	5	3	3	5	4	3	4	2	1	1	2	1	4	1	3	3	2	2	3	3	3	2	3	1	1	2	2	1	2	4	5	2	4	3	2	1	2	2
79	150	99	97	96	95	94	93	92	91	90	89	87	86	85	84	83	78	75	74	71	70	69	68	67	65	64	63	62	61	60	59	58	57	56	55	54	53	51	50	49	48	47	44	43	42	41	40	39	38	37	36	35	33	32	31	30	29	28	27	26	25	24	23	22	20	17	16	14	13	12	11	10	9	8	7	6	5	4	2	1	2	1	2	4	3	5	2	2	3	3	1	4	1	4	3	2	4	2	2	4	6	1	5	3	2	1	3	2	1	4	1	4	3	2	7	2	1	1	5	1	3	1	1	1	1	4	2	5	2	2	2	4	3	2	4	2	4	4	2	3	4	2	1	1	4	3	1	1	2	2	1	2	1	2	3	1	2	4	2
88	150	100	99	98	97	96	95	94	92	91	90	89	88	87	86	85	84	83	82	80	79	78	77	76	75	74	73	72	71	70	69	68	67	66	65	63	62	61	60	59	58	57	56	55	53	52	50	49	47	46	45	44	43	42	41	40	39	37	36	35	34	33	32	31	30	29	27	25	23	22	21	20	19	18	17	16	14	13	12	11	10	9	8	7	6	5	4	2	1	1	1	6	3	1	1	5	1	3	1	1	3	2	4	3	2	3	2	5	2	1	2	1	1	2	2	1	2	1	3	2	4	3	1	3	1	5	1	2	1	2	4	2	2	2	2	2	3	4	1	2	1	3	4	3	2	5	2	4	1	3	2	2	2	1	1	2	2	3	2	2	5	3	2	2	3	1	2	1	2	2	1	2	1	3	3	3	2
