20
65	100	100	99	98	97	96	95	94	93	92	91	90	89	88	87	86	85	84	83	82	81	80	79	78	77	75	74	73	72	71	70	69	68	67	65	64	63	62	60	59	58	57	56	55	54	52	51	50	49	48	47	46	45	44	43	42	41	40	39	38	37	36	35	33	32	30	4	4	5	2	2	4	2	2	1	5	3	5	5	4	3	3	2	3	4	4	2	5	1	4	1	2	3	2	2	3	4	2	6	4	3	3	4	3	3	1	2	4	2	6	5	3	2	2	3	3	2	2	3	4	2	3	2	5	2	2	4	4	1	4	3
67	100	100	99	98	97	96	95	93	92	91	90	89	88	87	86	85	84	83	82	80	79	78	77	76	75	73	72	71	70	69	68	67	66	65	64	63	62	61	60	59	58	57	56	55	54	53	52	51	50	49	48	47	46	45	44	42	41	40	39	38	37	36	35	34	33	32	31	30	2	2	2	3	3	3	5	4	3	2	2	1	4	2	4	4	6	1	3	3	6	1	3	5	3	3	2	6	2	5	2	4	3	3	1	1	3	3	2	6	5	1	4	5	3	4	2	1	4	2	1	3	1	2	4	3	4	4	3	5	4	2	2	2	2	2	2
62	100	100	99	98	97	96	95	94	92	91	90	89	87	86	85	84	83	81	80	79	78	77	76	75	74	73	72	70	69	68	67	66	65	64	63	62	61	60	59	58	57	55	53	52	51	49	48	46	45	44	43	42	41	40	39	38	37	35	34	33	32	31	30	2	2	2	2	7	2	2	7	3	1	5	1	1	2	4	5	2	4	4	4	6	5	4	4	1	3	5	3	2	2	1	4	5	1	2	1	7	3	4	2	3	3	4	2	7	5	2	4	4	6	3	1	5	1	4	2	1	4	3	3	1	5
68	100	99	98	97	96	95	94	93	92	91	90	89	88	87	86	85	84	83	82	81	80	79	78	77	76	75	74	73	72	71	70	69	68	67	66	65	64	63	62	61	60	59	58	57	56	55	53	52	51	50	49	48	47	46	44	43	42	41	40	39	38	37	36	35	34	33	32	31	30	2	4	2	2	1	4	3	8	4	2	2	2	6	2	3	2	6	5	4	1	1	2	3	2	3	4	6	2	1	5	3	3	2	5	1	1	4	3	1	4	4	1	1	3	5	3	3	3	2	4	4	2	5	1	3	2	4	3	4	5	1	2	2	3	3	3	2	1
68	100	99	98	97	96	95	94	93	92	91	90	89	88	87	86	85	84	83	82	81	80	79	78	77	76	75	74	73	72	71	70	69	68	67	66	65	64	63	62	61	60	59	57	56	55	54	53	52	51	50	49	48	47	46	45	44	43	42	41	40	39	38	37	36	35	34	32	31	30	3	1	4	2	4	3	5	2	1	1	1	1	1	4	4	3	2	6	5	3	1	2	1	2	1	4	6	3	3	3	6	2	5	3	1	3	2	2	4	2	5	1	1	1	1	4	3	3	5	1	5	3	3	5	3	6	4	2	4	3	1	1	4	4	2	4	3	6
68	100	100	99	98	97	96	95	94	93	91	90	89	88	87	86	85	84	83	82	81	80	79	77	76	75	74	73	72	71	70	69	68	67	66	65	64	63	62	61	60	59	58	57	56	55	54	53	52	51	50	49	48	47	46	45	44	43	42	41	40	38	37	36	35	34	33	32	31	30	3	2	3	2	5	1	3	3	3	5	5	4	4	4	1	1	4	4	5	2	2	1	5	1	3	2	3	1	1	1	5	3	3	1	3	2	3	1	2	3	4	1	2	3	3	3	2	2	6	4	2	2	1	5	2	2	4	2	6	5	4	3	4	3	4	4	5	2
66	100	100	99	98	97	96	95	94	93	92	91	89	88	87	86	85	84	83	82	81	80	79	78	77	76	75	74	73	72	71	70	69	68	67	66	65	64	62	61	60	59	58	57	56	55	54	53	52	51	50	48	47	46	45	43	41	40	39	38	37	36	35	34	33	32	31	30	1	1	1	2	3	2	4	2	2	2	4	5	4	5	3	2	3	5	1	7	4	4	3	2	5	4	5	5	4	5	1	2	3	3	2	1	3	2	2	7	3	3	1	3	4	1	2	2	3	4	2	2	2	3	3	2	4	4	5	3	2	2	2	5	3	4
67	100	100	99	98	97	96	95	94	93	91	90	89	88	87	86	85	84	83	81	80	79	78	77	76	75	74	73	72	71	70	69	68	66	65	64	63	62	61	60	59	58	57	56	55	54	52	51	50	49	48	47	46	45	44	43	42	41	40	39	38	37	36	35	34	33	32	31	30	2	3	4	5	2	1	2	3	3	2	4	3	2	4	3	3	2	5	4	1	3	2	5	2	2	3	5	2	3	3	2	5	3	2	4	4	3	2	3	2	3	1	1	4	2	3	5	3	5	4	3	3	3	2	1	2	1	2	2	7	2	1	6	5	2	6	3
68	100	100	99	98	97	96	95	94	93	92	91	90	89	88	87	86	85	84	83	82	81	80	79	78	77	76	75	74	73	72	71	70	68	67	66	65	64	63	62	61	60	59	58	57	56	55	54	53	52	49	48	47	46	45	44	43	42	41	40	39	38	37	36	35	34	33	32	31	30	5	4	3	3	3	3	5	3	1	1	1	5	2	3	3	1	2	1	2	4	3	1	2	2	3	2	5	5	4	2	3	2	2	1	2	2	5	1	2	2	3	1	2	3	4	1	1	9	6	1	4	3	2	1	4	3	5	5	2	3	3	4	4	7	4	4	3	2
68	100	100	99	98	97	96	95	94	93	92	91	90	89	88	87	86	85	84	83	82	81	80	79	78	77	76	75	74	73	72	71	70	69	68	67	66	65	64	63	62	61	60	59	58	57	56	53	52	51	50	49	48	47	46	44	43	42	41	40	39	38	37	36	35	34	33	32	31	30	2	2	3	3	5	1	2	3	5	3	2	4	2	2	2	4	4	2	7	1	1	3	3	1	2	3	1	3	4	2	2	5	1	1	6	4	3	2	2	2	3	4	7	1	4	3	4	3	3	1	4	3	4	4	2	3	1	5	2	5	3	1	1	7	2	4	3	3
66	100	100	99	98	97	95	94	93	92	91	90	89	88	87	86	85	84	83	82	81	79	78	77	76	75	74	73	72	71	70	69	68	66	65	64	63	62	61	59	58	57	56	55	54	52	51	50	49	48	47	46	45	44	43	42	41	40	39	38	37	36	35	34	33	32	31	30	3	6	2	3	5	5	4	3	1	1	5	3	5	2	1	1	4	2	1	4	2	1	3	3	1	2	4	1	6	4	3	8	3	2	4	3	5	6	3	5	3	4	2	2	3	4	1	1	3	4	2	3	1	2	5	2	1	6	1	3	1	1	1	3	4	7
69	100	100	99	98	97	96	95	94	93	92	91	90	89	88	87	86	85	83	82	81	80	79	78	77	76	75	74	73	72	71	69	68	67	66	65	64	63	62	61	60	59	58	57	56	55	54	53	52	51	50	49	48	47	46	45	44	43	42	41	40	39	38	37	36	35	34	33	32	31	30	4	3	5	1	5	4	3	2	4	1	2	1	4	2	3	1	3	3	2	8	2	2	2	1	6	3	2	3	5	2	2	2	5	5	2	1	8	2	3	4	3	5	6	2	2	1	1	1	2	4	3	1	1	1	5	4	2	2	3	4	2	6	2	2	4	1	2	3	2
69	100	100	99	98	97	96	95	94	93	92	91	90	89	88	87	86	84	83	82	81	80	79	78	77	76	75	74	73	72	71	70	69	68	67	66	65	64	63	62	61	60	59	58	57	56	55	54	53	52	51	50	49	48	47	45	44	43	42	41	40	39	38	37	36	35	34	33	32	31	30	3	3	2	5	3	2	3	1	3	2	4	1	4	2	5	3	4	5	2	3	5	5	3	4	1	2	3	1	3	3	4	2	4	4	3	6	1	3	2	2	5	1	1	1	6	4	4	4	1	1	1	5	2	4	3	2	1	2	2	3	3	3	1	1	2	5	2	5	4
64	100	100	99	98	97	96	95	94	93	92	91	90	87	85	84	83	82	81	80	79	78	76	75	74	73	72	71	70	69	68	67	65	64	63	62	61	60	59	58	57	56	55	54	53	52	51	50	49	47	46	45	44	43	42	41	40	39	38	37	35	34	33	32	31	30	1	2	6	3	1	1	1	4	5	3	1	3	3	3	2	4	4	4	2	4	3	2	1	1	5	4	3	3	8	3	1	1	7	3	1	6	4	3	2	4	4	6	5	4	6	1	4	2	3	4	2	3	2	1	2	4	2	6	1	2	1	4	5	4
64	100	100	99	97	96	95	94	93	92	91	89	88	87	86	85	84	83	82	81	80	79	78	77	76	75	74	73	72	71	70	69	67	66	65	64	63	62	61	60	58	57	55	54	53	52	51	50	49	48	47	46	45	44	43	42	41	40	37	36	35	34	33	32	31	30	2	3	3	1	4	2	2	2	2	2	2	1	4	2	2	2	4	6	3	4	1	8	2	3	2	4	4	4	6	5	1	2	3	1	1	4	4	3	9	1	2	1	5	5	3	3	2	2	2	2	4	2	1	4	4	2	3	4	7	6	5	7	2	1
67	100	100	99	98	97	96	95	94	93	92	91	90	89	88	87	86	85	84	83	82	81	79	78	77	76	75	74	73	71	69	68	67	66	65	64	63	62	61	60	59	58	57	56	54	53	52	51	50	49	48	47	46	45	44	43	42	41	40	39	38	37	36	35	34	33	32	31	30	7	5	2	1	2	2	3	1	6	1	1	4	4	3	2	1	1	1	3	4	3	3	5	4	4	5	3	7	2	1	1	3	1	3	6	4	1	4	5	3	1	5	1	3	3	5	1	3	1	4	3	2	2	2	3	5	3	3	1	1	4	4	4	5	4	2	3
69	100	100	99	98	97	96	95	94	93	92	91	90	89	87	86	85	84	83	82	81	80	79	78	77	76	75	74	73	72	71	70	69	68	67	66	65	64	62	61	60	59	58	57	56	55	54	53	52	51	50	49	48	47	46	45	44	43	42	41	40	39	38	37	36	35	34	33	32	31	30	4	4	3	2	5	4	1	3	6	2	3	1	3	6	4	1	3	1	3	3	8	2	2	3	3	1	1	4	1	4	3	6	2	2	4	3	4	1	2	1	4	5	2	1	4	4	2	2	3	2	4	2	1	3	2	3	4	2	4	3	2	2	3	2	2	4	4	1	4
69	100	100	99	98	97	96	95	93	92	91	90	89	88	87	86	85	84	83	82	81	80	79	78	77	76	75	74	73	72	71	70	69	68	67	66	65	64	63	62	60	59	58	57	56	55	54	53	52	51	50	49	48	47	46	45	44	43	42	41	40	39	38	37	36	35	34	33	32	31	30	3	1	1	3	8	2	4	3	4	4	1	2	3	1	2	2	2	3	3	5	2	2	3	1	1	2	4	2	2	2	4	5	5	2	3	1	3	1	4	5	5	8	3	4	4	2	1	5	3	1	1	1	4	2	3	3	3	5	4	2	4	4	2	4	1	3	2	3	2
65	100	100	99	98	97	96	95	94	93	92	91	90	89	88	87	86	84	82	80	79	78	77	76	75	74	73	72	71	70	69	68	67	66	65	64	63	62	61	60	59	58	57	55	54	53	52	51	50	49	48	47	46	45	44	43	42	41	40	39	38	37	35	33	32	31	30	2	3	6	1	3	1	1	1	4	5	4	5	2	1	3	1	3	5	3	1	5	4	2	3	2	5	4	5	2	2	6	1	5	1	3	3	3	8	2	4	3	6	1	4	2	2	1	4	3	2	1	4	1	3	6	1	3	2	2	4	3	4	3	5	5
68	100	98	97	96	95	94	93	92	91	90	89	88	87	86	85	84	83	82	81	80	79	78	77	76	75	74	73	72	71	70	69	68	67	66	65	64	63	62	61	60	59	58	57	56	55	54	53	52	51	50	49	48	47	46	45	44	43	42	41	40	39	38	36	35	34	33	32	31	30	4	3	2	5	2	3	2	5	5	2	5	1	5	2	2	1	2	1	6	5	3	4	4	2	4	1	2	6	1	6	3	5	2	5	1	1	1	3	2	1	2	3	4	2	3	3	3	3	1	2	3	2	1	4	3	7	3	2	3	2	2	1	1	3	5	3	4	5
