20
74	150	100	99	98	97	96	95	94	93	92	91	90	89	88	87	86	85	84	83	82	81	80	79	78	76	75	74	73	72	71	70	69	68	67	65	64	63	62	61	60	59	58	56	55	53	52	51	50	49	48	47	46	45	44	43	42	41	40	39	37	36	35	34	31	30	29	28	27	26	25	24	23	22	21	20	4	3	3	6	3	1	2	5	2	2	1	2	3	3	3	3	3	1	1	2	2	5	1	4	6	1	4	5	2	4	1	3	2	3	4	4	4	1	2	3	4	8	1	1	2	2	3	3	2	2	2	2	3	3	3	2	2	1	4	2	3	2	1	1	5	4	2	2	3	2	1	1	5	2
73	150	100	99	98	97	95	94	93	92	91	90	89	88	87	86	85	84	83	82	81	80	79	78	77	76	75	74	73	72	70	69	68	67	66	65	64	63	62	61	59	58	56	55	54	53	52	51	50	49	48	47	46	45	44	42	41	39	38	37	36	35	34	33	32	31	30	29	28	27	26	25	23	22	21	4	4	2	2	3	1	1	2	2	2	6	1	2	4	1	1	2	3	5	3	3	1	2	2	1	2	5	2	5	1	5	1	6	5	4	2	2	1	4	2	5	4	6	5	1	3	1	4	3	3	5	2	3	3	1	1	3	2	4	1	2	2	3	3	2	4	2	1	1	1	3	5	4
72	150	100	99	98	97	96	95	94	93	92	90	89	87	86	85	84	83	81	80	79	78	77	76	74	73	72	70	69	68	67	66	65	64	63	62	61	60	58	57	56	55	54	53	52	51	50	49	48	46	45	44	43	40	39	38	37	36	35	34	33	32	31	30	29	28	27	26	25	24	23	22	21	20	3	1	2	1	6	2	4	6	3	1	4	2	4	2	4	5	3	2	4	2	3	3	4	5	1	2	4	1	1	4	3	2	1	2	2	3	2	4	2	5	5	4	1	3	5	2	2	2	1	3	3	5	2	2	5	1	2	2	4	4	2	1	5	2	4	3	1	1	1	3	3	1
75	150	100	99	98	96	95	94	93	92	89	88	87	86	85	84	83	82	81	80	79	78	77	75	74	73	72	71	70	69	68	67	66	65	64	62	61	60	59	58	57	56	55	54	53	52	51	50	49	48	47	45	44	43	42	41	40	39	38	37	36	35	34	33	32	31	30	29	28	27	26	25	24	23	22	21	20	1	2	3	1	2	3	2	2	4	4	4	3	1	2	5	1	1	3	3	2	6	1	3	2	2	6	1	1	2	1	3	5	4	4	3	3	4	4	4	3	1	5	4	1	1	3	1	6	2	3	2	5	2	3	5	2	3	2	3	2	2	2	2	3	1	2	1	1	1	3	5	1	3	3	3
76	150	100	99	97	96	95	94	93	92	91	90	89	88	87	86	84	83	81	80	78	77	76	75	74	73	72	71	70	69	68	67	66	65	64	63	62	61	60	59	58	57	56	55	53	52	51	50	49	48	47	46	45	44	43	42	41	40	39	38	37	36	35	34	33	32	31	30	29	28	27	26	25	24	23	22	21	20	1	1	2	3	4	2	4	2	1	8	2	3	1	3	4	2	2	3	3	3	1	3	1	3	1	3	3	3	1	3	2	1	2	3	6	3	3	3	4	3	1	4	3	1	4	3	4	1	1	2	3	4	5	1	3	5	5	1	2	2	1	4	2	3	4	3	1	1	2	1	3	3	3	4	3	1
75	150	100	99	98	97	96	95	94	93	92	90	89	88	87	86	85	84	83	82	81	80	79	78	76	75	74	73	72	71	70	69	68	66	65	64	62	61	60	59	58	57	56	55	54	53	52	51	50	49	48	47	46	45	44	43	42	41	40	39	38	37	36	35	34	33	31	30	29	28	27	26	25	24	22	21	20	4	2	2	3	1	5	4	4	1	1	4	3	3	1	3	3	2	5	2	3	4	3	1	2	3	1	6	1	3	1	3	1	2	3	1	2	1	2	2	3	2	4	3	2	4	3	5	2	2	2	4	2	7	7	3	4	2	2	3	2	2	4	3	1	3	5	1	1	1	2	2	2	2	1	4
79	150	100	99	98	97	96	95	94	93	92	91	90	89	88	87	86	85	84	83	82	81	80	79	78	77	76	75	74	73	72	71	70	69	68	67	66	65	64	63	62	60	59	58	57	56	55	54	53	52	51	50	49	48	47	46	45	44	43	42	41	39	38	37	36	35	34	33	32	31	30	29	28	27	26	25	24	23	22	21	20	6	2	3	2	2	1	1	3	1	1	3	2	5	4	2	3	5	3	1	2	2	1	1	4	2	4	3	4	1	1	4	1	5	4	2	3	1	6	3	2	3	1	1	1	2	1	2	1	1	4	1	5	4	2	1	2	6	2	2	2	2	3	3	1	4	2	1	4	5	1	1	2	3	6	3	2	1	3	3
76	150	100	99	98	97	96	94	93	91	90	89	88	87	86	85	84	83	82	81	80	79	78	77	76	75	74	73	72	71	70	69	68	67	66	65	64	63	61	60	59	58	57	56	55	54	53	52	51	50	48	47	46	44	43	42	41	40	39	38	37	36	35	34	33	32	31	30	29	28	27	26	25	24	23	22	21	20	5	5	2	3	1	7	2	3	1	3	2	3	7	4	2	2	2	3	2	2	2	2	1	3	5	2	1	2	1	1	2	2	4	5	1	5	3	4	2	3	2	3	1	2	2	3	1	2	2	1	2	5	4	1	3	4	4	7	2	3	2	2	1	4	2	3	1	1	2	4	3	1	1	3	2	2
69	150	100	99	98	96	95	94	92	91	89	87	86	85	84	83	82	81	79	77	76	75	74	73	72	70	69	68	67	64	63	62	61	59	58	57	56	55	54	52	51	50	48	47	46	45	44	43	42	41	40	39	38	37	36	35	34	33	32	31	30	29	28	27	26	25	24	23	22	21	20	1	6	3	3	8	2	9	1	2	2	3	3	3	3	2	4	4	1	1	2	2	1	1	1	8	1	2	6	5	4	1	1	2	2	1	2	2	5	2	3	1	1	2	7	4	1	2	6	2	2	3	2	3	8	4	2	1	5	3	2	5	1	4	1	2	3	4	2	2
76	150	99	98	97	96	95	94	93	92	91	90	87	86	85	84	83	82	81	80	79	78	77	76	75	74	73	72	71	70	69	68	67	66	65	64	63	61	60	59	58	57	56	55	54	53	52	50	49	48	47	46	45	44	43	42	41	40	39	38	37	36	35	34	33	32	31	30	29	28	27	26	25	24	23	22	21	20	6	3	4	3	6	3	2	5	2	2	5	2	1	3	4	6	1	2	1	2	1	2	2	2	2	3	3	2	3	5	2	3	3	4	2	1	1	4	2	4	2	2	5	1	4	2	3	6	4	1	1	2	5	1	2	5	1	1	1	2	1	2	2	2	1	2	1	5	1	2	1	1	5	3	5	1
71	150	100	99	98	97	96	95	94	93	92	91	90	89	88	87	86	85	84	83	82	81	80	79	78	75	74	73	71	70	68	67	66	65	64	63	62	61	60	59	58	57	56	55	54	53	52	51	48	47	46	45	44	43	42	41	39	38	36	34	33	32	31	30	29	28	27	26	25	24	22	21	20	5	2	4	2	3	2	2	3	1	5	1	5	5	2	4	3	3	3	5	2	4	6	1	3	2	5	2	2	2	5	1	4	2	1	4	2	1	1	2	1	2	1	2	1	5	7	2	2	5	2	1	5	2	1	3	1	1	2	5	2	3	3	4	5	2	5	4	2	2	4	1
75	150	100	99	98	97	96	95	94	93	92	91	90	89	88	87	85	84	83	82	81	80	79	78	76	75	74	73	72	71	70	69	68	67	66	65	64	63	62	61	60	58	57	56	55	54	53	51	50	49	48	47	46	45	44	43	42	41	40	39	38	37	36	35	34	33	32	30	29	28	27	26	25	24	23	22	21	2	5	4	5	3	2	3	2	1	2	2	5	1	1	5	1	3	2	2	4	4	2	1	2	5	3	1	1	2	4	1	4	3	1	3	4	2	2	6	2	1	6	3	2	1	5	3	1	2	1	3	5	2	1	1	3	3	4	2	4	1	3	3	2	1	5	2	3	1	3	4	4	5	1	1
72	150	100	99	98	97	96	95	94	93	92	91	90	89	88	86	85	84	83	82	80	79	78	77	74	73	72	71	70	69	68	67	66	65	64	63	62	61	60	59	58	57	56	55	54	53	52	51	50	49	48	47	46	45	44	43	42	41	38	37	35	33	32	31	30	29	28	27	26	25	24	23	21	20	3	4	2	3	6	2	1	4	3	7	1	3	1	3	4	2	2	4	5	3	1	3	2	6	1	2	2	5	3	1	1	3	3	1	1	5	3	1	1	4	5	3	5	2	3	1	4	3	1	2	2	3	5	1	2	1	5	3	5	1	4	4	2	4	1	1	2	6	2	2	1	2
74	150	100	99	98	97	96	94	93	92	91	90	89	88	87	86	85	83	82	81	80	78	77	76	74	73	72	71	70	69	68	67	66	65	64	63	62	60	59	58	57	56	55	53	52	51	50	49	48	47	46	45	44	43	42	41	40	39	38	36	35	34	33	32	31	30	29	28	27	26	25	24	23	22	21	20	3	1	2	3	1	2	2	1	1	2	5	3	4	4	2	3	4	1	4	1	2	2	1	4	3	3	3	3	4	2	3	4	4	1	1	1	1	3	6	1	2	1	3	1	2	1	7	1	4	4	4	3	4	1	2	4	6	2	1	2	6	5	5	4	1	1	3	2	3	2	3	2	2	5
78	150	100	99	98	97	96	95	94	93	92	91	90	89	88	87	86	85	84	83	82	81	80	79	78	77	76	75	74	73	71	70	69	68	67	66	65	63	62	61	59	58	57	56	55	54	53	52	51	50	49	48	47	46	45	44	43	42	41	40	39	38	37	36	35	34	33	32	31	30	29	28	27	26	25	24	23	22	21	20	4	1	2	6	2	1	1	2	1	3	4	4	4	2	3	5	4	1	5	4	1	4	4	1	2	2	2	1	2	4	2	3	3	1	4	2	1	4	5	3	3	3	3	4	5	2	2	3	1	1	1	1	2	1	1	3	4	2	2	1	1	2	1	6	2	1	2	2	5	2	1	1	3	3	2	3	3	5
72	150	100	99	98	96	95	94	93	92	91	90	89	87	86	85	84	83	82	81	80	79	78	76	75	73	72	71	70	69	68	67	66	65	64	63	62	61	60	59	58	57	56	55	53	52	51	50	49	48	47	46	45	44	43	41	40	38	37	36	35	34	33	32	31	30	29	27	26	25	24	23	22	20	1	5	4	4	2	1	2	4	4	3	2	3	1	1	3	1	3	2	2	3	3	4	3	3	2	4	3	2	4	7	3	2	3	3	4	2	1	3	1	2	1	5	1	2	5	4	3	1	2	2	1	4	2	3	2	2	4	5	1	4	3	3	3	2	1	4	2	5	3	3	3	4
73	150	100	99	98	97	96	95	94	93	92	91	90	89	88	87	86	85	84	83	82	80	79	78	77	76	74	73	72	71	70	68	67	66	65	64	63	61	60	59	58	57	56	55	54	51	50	49	48	47	45	44	43	42	41	40	39	38	37	36	35	34	33	32	31	30	29	28	27	25	24	23	22	21	20	1	3	5	2	2	1	3	3	2	4	2	1	3	3	3	2	2	1	1	3	4	2	3	1	2	3	1	3	4	3	4	2	1	2	2	2	4	2	4	3	2	1	1	2	1	1	3	1	3	4	6	4	2	1	4	8	3	2	4	5	4	2	3	2	1	3	1	2	5	5	5	7	3
76	150	100	99	97	96	95	94	93	92	91	90	89	88	87	86	85	84	83	82	81	80	79	78	77	76	75	74	73	72	71	70	69	68	67	66	65	64	63	62	61	60	59	58	57	56	55	54	53	52	51	50	49	48	46	44	43	42	41	40	39	38	37	36	35	33	32	31	30	29	28	27	26	25	24	23	22	21	2	3	1	3	5	4	3	2	1	1	3	2	4	1	2	2	3	2	3	5	1	2	2	2	1	2	3	1	3	3	1	3	3	1	3	2	1	3	3	3	1	6	4	2	1	1	4	3	2	3	3	1	6	1	3	3	2	3	3	3	3	4	4	5	5	2	2	8	4	1	3	1	3	1	1	3
74	150	100	98	97	96	95	94	93	92	91	90	89	88	87	86	85	84	83	82	81	80	79	78	77	76	74	73	72	71	69	68	67	66	65	64	62	61	59	57	56	55	54	52	51	50	49	48	47	46	45	44	43	42	41	40	39	38	37	36	35	34	33	32	31	30	29	28	27	26	25	24	23	22	21	20	1	4	3	2	3	3	1	1	3	1	2	2	5	4	3	3	2	1	1	5	1	4	7	3	5	3	1	3	5	2	3	3	4	3	5	4	3	3	1	2	1	3	2	4	2	2	1	2	3	3	1	1	3	1	2	1	5	2	3	3	3	1	4	3	3	4	4	2	2	3	3	4	2	2
73	150	100	99	98	97	96	95	94	93	92	91	90	88	87	85	84	83	82	81	80	79	78	77	76	75	74	73	72	71	70	69	67	66	65	64	62	61	60	59	58	57	56	55	54	53	52	51	49	48	47	46	45	44	43	42	41	39	38	37	36	35	33	32	31	30	29	28	26	25	24	23	22	21	20	2	5	1	2	1	3	3	1	3	2	3	2	1	2	9	2	6	2	2	2	6	3	2	1	4	2	1	1	1	3	2	1	1	2	3	3	4	2	1	2	6	4	1	4	2	2	7	1	3	2	1	4	2	4	1	2	1	3	4	2	5	3	4	6	4	4	1	3	3	5	2	4	1
