20
41	100	99	96	92	91	88	87	86	85	76	74	72	69	67	62	61	56	52	51	49	46	44	42	40	33	30	29	28	27	25	24	23	22	21	20	17	14	13	11	10	7	3	2	2	2	1	1	1	1	1	1	1	1	1	2	1	1	1	1	1	1	1	1	1	2	2	2	1	2	1	1	1	1	1	1	1	1	1	1	1	1	2	1
37	100	100	99	97	93	92	88	83	79	76	75	72	71	70	69	67	66	63	62	61	51	50	44	43	40	39	37	30	23	20	19	18	17	15	14	13	12	8	1	1	3	2	2	1	2	1	2	1	1	1	1	1	1	1	1	2	2	1	1	2	2	1	1	2	1	1	1	1	1	1	1	1	2	1	2
41	100	92	89	87	84	82	81	75	73	71	67	63	59	57	56	52	49	48	47	46	41	39	38	36	35	34	30	29	26	21	20	19	18	15	13	11	10	9	8	7	6	3	1	1	1	1	2	1	1	1	1	2	1	1	1	1	1	1	1	1	1	1	1	1	1	1	2	1	1	1	1	1	1	1	2	1	1	3	1	2	1	3	1
37	100	100	99	98	97	95	94	92	91	82	80	77	76	75	73	71	68	65	63	60	59	53	45	44	40	31	25	24	23	22	21	15	14	10	7	6	3	2	1	1	1	1	1	1	2	1	1	1	1	1	1	3	1	1	2	3	1	1	1	1	1	1	1	1	3	1	1	2	1	2	2	2	1	1	2
40	100	91	88	87	86	85	84	83	80	79	78	77	70	68	67	66	59	52	49	48	47	44	42	38	37	34	33	31	29	27	24	21	17	16	15	14	8	6	5	4	2	1	2	2	2	2	1	1	1	1	1	1	2	1	1	1	1	1	1	1	2	1	1	1	2	2	1	1	1	1	1	1	1	2	1	1	1	1	1	1	2
40	100	99	98	93	92	89	84	83	78	77	75	73	72	71	70	69	68	60	57	56	54	50	49	45	37	36	35	30	27	26	25	24	21	20	19	15	14	13	11	8	2	1	2	1	1	2	2	1	1	1	1	1	1	1	1	2	1	2	1	1	1	1	2	1	1	1	1	2	1	2	1	1	1	1	1	1	1	1	2	1	2
41	100	100	99	98	91	90	87	84	78	77	72	71	70	69	64	63	58	46	45	43	42	41	37	35	34	31	30	29	24	23	22	21	20	17	12	11	10	9	7	6	5	4	1	1	3	1	1	1	2	1	1	1	1	1	2	1	1	2	1	2	2	1	1	3	1	1	1	1	1	1	1	1	1	1	1	1	1	1	1	1	1	1	1
41	100	97	93	92	91	90	88	86	85	82	81	80	79	75	73	71	70	67	66	64	62	61	54	48	47	46	44	41	40	39	34	29	24	21	18	16	14	13	11	10	5	1	1	2	2	1	1	1	1	3	1	1	1	1	1	1	1	2	1	1	1	2	1	1	2	1	1	1	1	1	1	1	1	2	1	1	2	1	1	1	1	1	1
41	100	95	92	87	85	84	83	79	77	75	73	69	68	65	63	62	61	58	57	52	50	44	43	40	38	35	33	32	31	29	27	24	22	19	18	16	14	11	6	4	3	2	1	1	2	1	1	1	1	2	1	1	1	1	1	2	1	1	1	1	1	1	1	1	2	3	1	2	1	1	1	1	2	1	2	1	1	1	1	1	1	1	1
41	100	99	95	94	93	91	90	86	81	80	79	77	74	69	63	55	54	53	52	50	44	40	39	38	37	36	34	31	26	25	23	22	18	17	15	14	13	12	10	7	2	1	2	1	2	1	1	1	1	2	1	1	1	1	2	1	1	2	1	1	1	1	1	1	1	1	4	1	2	1	1	1	1	1	1	1	1	1	1	1	1	1	1
43	100	96	91	89	87	85	84	83	82	79	78	77	75	70	68	66	64	62	56	53	51	44	41	40	38	36	34	31	30	29	28	27	26	23	17	16	15	14	12	11	10	8	4	2	1	2	1	1	1	1	1	1	1	1	2	2	1	1	1	1	2	1	1	1	1	1	1	2	1	1	1	1	1	1	1	1	1	1	1	1	2	1	1	1	2	1	1
37	100	99	98	96	95	93	92	89	87	85	82	80	72	71	68	64	63	61	59	57	55	52	51	49	48	47	40	39	38	37	29	28	22	19	17	16	9	4	2	1	1	1	1	2	1	1	2	1	1	1	1	2	2	1	1	2	3	2	2	1	1	1	2	1	1	1	1	1	2	2	1	1	1	1	1
43	100	100	99	97	94	93	91	90	89	88	87	86	79	77	72	71	70	69	68	65	64	61	60	59	51	50	43	42	39	37	29	27	25	24	21	19	17	16	13	8	6	3	2	1	2	1	1	1	1	1	1	1	1	2	2	1	1	1	1	1	1	2	1	1	1	1	1	1	2	1	1	1	1	1	1	1	1	1	1	1	1	2	1	2	1	1	1
39	100	99	98	95	94	91	88	87	86	85	76	74	73	71	68	60	55	54	51	45	42	40	39	36	34	33	32	31	30	29	26	23	21	19	18	16	15	5	4	1	1	1	3	2	1	1	1	1	1	1	1	1	1	1	1	1	1	1	1	1	1	2	1	1	1	2	2	1	1	2	1	3	1	2	1	1	2	1	1
42	100	100	99	98	97	94	92	91	90	88	87	85	81	80	79	72	70	67	66	64	63	61	59	58	56	55	51	50	49	46	41	39	38	30	24	22	21	20	19	14	8	7	5	1	1	1	2	1	1	2	1	1	1	1	2	1	1	1	1	2	1	1	1	1	1	1	1	1	1	3	1	1	1	2	1	2	1	1	1	1	1	1	1	1	1
38	100	96	94	91	90	82	81	80	77	76	75	74	72	70	68	65	63	60	59	58	57	55	51	47	46	36	34	32	30	28	27	26	24	19	17	11	9	7	4	1	1	1	1	1	1	1	1	1	1	1	1	1	1	1	3	2	1	1	1	1	1	1	1	2	1	2	2	2	1	1	2	2	2	1	2	1	2
40	100	97	92	90	85	83	82	81	77	76	74	73	71	67	63	62	59	58	56	55	53	50	47	42	41	39	37	35	32	31	30	26	25	22	20	17	16	15	13	10	5	1	1	1	1	2	1	1	1	1	1	1	1	4	2	1	1	2	2	1	1	1	1	1	3	1	1	1	1	1	1	1	1	1	1	1	1	1	2	1	1
41	100	95	94	93	92	87	81	79	78	76	75	72	71	70	65	62	61	60	55	54	51	49	46	45	38	37	36	32	31	28	27	26	25	24	21	20	17	14	10	9	7	3	1	1	1	1	1	2	1	1	1	1	2	1	1	1	1	1	1	1	2	1	1	1	1	2	1	3	1	1	1	1	1	1	2	1	2	1	1	1	1	2	1
41	100	100	99	97	96	95	87	86	84	82	80	76	75	74	71	68	67	63	62	60	52	48	44	43	37	34	33	31	29	28	25	21	20	17	16	13	11	9	6	5	4	3	1	2	1	1	1	3	1	1	1	3	1	1	1	1	1	1	1	1	1	3	1	2	2	1	1	1	1	1	1	1	1	1	1	1	1	1	1	1	1	1	1
38	100	100	97	92	91	89	88	83	82	78	77	73	72	68	67	66	65	64	62	60	57	53	50	48	46	42	40	38	37	31	30	29	28	21	20	18	15	11	1	1	1	1	1	1	1	1	3	1	3	1	1	1	1	1	1	1	1	2	1	1	1	1	1	1	2	1	2	1	1	1	1	1	4	2	2	1	1
