20
35	120	100	97	95	93	87	86	82	78	76	75	74	71	68	66	65	63	59	58	57	52	51	46	43	42	41	38	37	36	32	31	30	27	25	22	21	1	2	1	1	2	1	2	1	2	1	1	1	1	1	1	1	2	2	1	1	1	3	1	2	3	1	1	2	2	1	1	1	1	3	1
42	120	100	98	97	95	94	90	89	86	85	83	81	79	74	72	71	68	67	65	64	62	59	58	56	55	54	51	50	47	46	45	44	43	40	36	34	33	31	29	28	27	26	21	1	2	1	1	1	2	1	1	1	1	1	2	1	2	1	1	1	1	2	1	1	1	1	2	1	2	1	1	1	1	1	1	1	1	1	1	1	1	1	2	1	1
39	120	100	98	97	95	93	91	90	87	85	83	81	79	76	74	73	71	70	67	66	62	60	57	54	53	52	51	50	49	48	45	44	40	36	34	32	31	27	26	20	1	1	1	1	1	1	1	1	1	2	2	1	1	2	2	2	1	2	1	2	1	1	2	1	1	2	1	1	2	1	2	1	1	1	1	1	1	1	1
36	120	99	98	97	96	90	88	86	82	80	79	76	74	69	67	66	64	62	59	55	52	51	50	49	44	43	41	37	35	33	32	31	30	29	23	22	20	1	2	1	1	1	1	1	2	1	1	3	1	1	1	1	1	1	1	1	1	2	1	1	1	1	5	1	1	1	2	3	1	1	2	1	2
36	120	100	99	98	94	93	92	89	84	83	80	78	77	75	74	70	68	66	63	62	60	59	58	55	54	53	52	49	42	41	36	35	31	26	23	22	20	1	4	2	1	1	2	3	1	1	2	1	1	1	2	2	2	1	1	1	1	1	3	1	1	1	1	1	1	1	1	2	1	1	1	1	1
35	120	100	99	98	91	90	84	83	81	78	75	73	72	71	70	68	66	62	59	58	57	54	53	51	48	45	42	39	37	35	32	31	26	25	21	20	2	2	1	1	1	1	1	1	2	1	1	2	1	1	1	1	1	1	2	1	1	2	4	1	2	2	1	2	1	1	2	2	1	2	1
38	120	100	97	94	93	91	89	86	85	82	81	80	79	77	75	74	72	67	63	62	59	58	57	54	53	51	48	47	46	44	41	39	36	35	33	32	29	28	24	1	1	1	2	1	2	1	2	1	1	4	1	1	1	1	1	2	1	1	1	2	1	2	1	1	1	1	1	2	2	1	1	1	1	2	1	1	1
37	120	99	98	93	91	88	85	82	80	78	76	70	68	67	66	65	61	57	56	53	52	51	48	47	46	44	43	41	37	36	35	33	32	31	27	26	22	21	1	1	2	1	1	1	1	1	1	1	1	1	1	1	1	2	1	2	1	3	1	1	1	1	1	3	3	2	2	1	2	1	1	1	1	2	1
39	120	96	92	91	90	89	88	83	81	79	77	76	71	70	68	66	63	62	60	58	57	53	52	49	47	45	44	41	38	37	34	33	32	31	29	27	26	25	23	21	1	2	2	1	1	1	2	1	1	1	2	1	1	2	1	3	1	2	1	1	2	2	1	1	1	1	1	1	1	1	1	1	1	1	1	1	1	1	2
39	120	100	98	96	95	93	91	89	88	81	80	78	73	72	69	67	64	61	60	54	52	51	50	49	47	46	44	43	42	41	40	39	36	33	28	26	25	23	22	20	1	1	1	2	1	1	2	2	1	1	1	1	1	1	1	1	1	1	1	2	1	2	2	1	1	1	1	1	1	2	1	1	2	1	2	1	1	3	1
33	120	97	95	91	89	85	82	81	75	74	73	70	69	68	67	65	63	62	61	60	55	48	46	45	44	43	42	41	39	37	36	30	28	22	2	1	2	1	2	2	1	1	1	1	3	1	1	3	1	3	1	1	2	1	1	1	4	1	2	1	1	1	1	1	1	1	3
37	120	96	95	93	92	90	87	86	85	84	83	82	78	77	76	72	71	70	68	65	62	59	58	51	42	40	38	36	34	33	32	30	29	27	26	25	24	23	1	1	1	1	1	2	3	1	1	1	1	4	1	2	2	1	1	1	2	1	1	1	1	2	1	2	1	2	1	1	1	2	1	1	1	1	1
38	120	100	99	97	95	94	93	92	88	86	84	79	78	77	76	69	68	65	61	60	58	57	55	54	53	52	51	48	47	43	40	39	38	36	34	33	28	27	25	1	3	1	2	1	1	2	1	3	1	1	2	1	1	1	1	1	1	1	1	2	1	2	2	2	1	1	1	2	1	1	1	1	1	1	1	1	1
38	120	99	97	95	94	88	87	85	83	82	78	75	72	71	70	69	67	65	64	63	62	59	58	54	53	52	49	48	45	44	43	42	40	38	36	34	30	24	20	1	1	1	1	1	1	1	1	1	1	1	1	2	1	1	2	1	1	1	1	2	5	1	2	1	2	1	2	1	2	1	1	1	1	1	2	1	1
38	120	100	99	98	96	94	90	89	88	86	84	81	80	79	78	76	72	68	65	63	62	57	55	48	47	45	44	41	39	36	33	31	30	28	26	25	24	22	20	1	1	1	1	1	1	1	2	1	1	2	1	2	1	1	3	2	1	3	2	2	1	2	1	1	2	1	1	1	1	1	1	1	1	1	1	1	1
39	120	94	93	91	90	88	87	82	77	75	72	71	70	69	66	65	63	59	57	56	53	51	48	47	44	43	42	41	40	39	38	37	36	32	31	29	27	23	21	20	1	1	1	2	1	1	1	1	1	1	1	2	2	1	1	1	1	1	1	1	1	3	1	2	1	1	1	1	1	1	1	2	1	2	2	1	2	1	2
38	120	96	91	90	89	86	84	83	82	79	75	73	72	71	69	68	67	66	65	63	62	61	59	58	56	55	54	53	50	45	41	39	35	33	29	25	24	21	20	2	1	1	1	2	1	2	4	1	1	1	1	1	1	1	2	1	1	1	1	1	4	1	2	1	1	1	1	1	1	1	1	1	1	1	1	1	2
39	120	99	98	96	91	88	86	82	81	78	77	76	72	70	68	67	64	61	60	59	56	55	49	48	47	46	44	43	42	40	39	38	35	34	30	29	27	26	21	20	1	1	1	1	2	2	2	1	1	2	2	2	1	1	1	1	1	1	1	1	1	1	1	2	1	1	2	1	2	1	1	1	1	2	1	1	1	1	2
35	120	100	94	92	91	87	85	82	78	76	75	72	69	61	56	55	54	53	51	50	47	44	42	39	38	36	34	33	32	31	30	29	28	26	25	23	1	2	1	1	2	1	1	1	1	1	3	1	5	1	1	1	1	2	1	1	4	2	1	1	1	1	2	1	1	1	1	1	1	1	2
37	120	100	96	91	84	83	81	80	77	72	70	68	67	65	64	63	62	60	59	58	51	50	49	47	46	45	43	41	38	37	36	35	31	29	28	27	26	20	1	2	1	1	3	2	2	2	1	2	2	1	1	1	1	1	1	1	1	2	1	1	3	1	1	2	1	1	1	1	1	2	1	1	1	1	1
