20
39	150	97	95	92	91	90	86	85	82	81	80	79	78	76	71	70	69	67	63	62	58	56	55	54	53	52	51	48	47	46	44	42	41	40	39	37	35	34	32	31	1	1	1	1	2	1	2	2	1	1	1	1	1	1	1	1	1	3	1	2	1	1	1	1	1	2	1	1	1	2	2	1	1	2	1	1	1	1	2
36	150	100	98	97	92	91	88	84	83	82	77	76	75	74	73	72	70	67	66	65	63	62	58	57	54	53	52	50	46	45	43	42	41	40	37	36	33	1	1	2	3	1	1	1	1	1	2	1	1	1	1	1	2	1	1	1	1	4	1	2	1	1	2	1	1	1	1	1	3	1	2	1	2
36	150	99	95	94	92	91	90	87	86	84	83	82	81	80	78	77	74	72	71	69	68	66	64	63	62	61	60	57	55	52	46	45	42	39	38	35	32	2	1	1	1	1	1	1	1	1	1	2	3	2	3	2	1	1	1	1	1	2	1	1	2	1	1	1	1	2	2	2	1	2	1	1	1
36	150	100	96	93	90	88	86	85	84	83	80	79	77	74	70	68	67	64	61	58	56	54	53	51	49	48	47	45	44	43	41	40	37	36	34	33	31	1	1	1	1	2	1	1	2	2	2	1	2	1	1	1	1	1	2	3	1	2	1	1	1	1	1	2	1	1	2	2	1	1	2	2	1
35	150	98	97	96	95	94	93	91	90	87	80	77	72	71	68	67	64	63	62	60	57	56	54	53	52	49	47	45	43	41	39	38	37	36	35	31	1	1	1	2	1	4	1	1	2	3	1	1	1	2	1	1	1	1	3	2	1	1	2	1	1	1	1	1	2	1	2	2	1	1	1
34	150	95	92	89	88	87	85	84	83	82	81	76	73	72	69	68	67	65	63	61	57	56	54	52	50	49	47	46	40	39	37	34	33	32	30	1	2	1	1	1	1	1	1	2	3	2	1	1	1	2	1	2	2	2	1	1	3	1	2	1	1	1	2	3	2	1	1	1	1
36	150	99	97	96	92	90	88	87	86	85	83	81	79	78	77	74	73	72	68	65	62	58	56	55	52	51	50	49	46	42	40	39	38	37	36	33	31	2	2	1	1	1	1	3	2	2	1	1	1	1	2	1	3	1	1	1	1	1	1	3	2	1	1	1	1	1	1	1	1	1	2	1	2
42	150	100	99	97	95	94	92	90	88	87	86	85	83	80	79	78	75	74	73	71	70	69	67	65	64	59	58	57	55	54	52	51	50	49	48	46	45	43	42	39	38	33	32	2	1	1	1	1	1	1	1	1	1	1	1	1	1	3	2	1	1	1	1	1	1	1	1	1	1	2	1	2	1	1	1	1	1	2	1	2	1	1	1	1	1
33	150	99	98	95	89	88	87	86	84	83	78	77	74	73	72	70	68	67	64	63	60	59	58	56	54	51	50	49	39	37	36	34	31	30	1	1	1	1	2	4	1	2	1	1	1	2	3	2	1	1	1	3	2	1	1	1	1	1	1	1	2	1	2	3	2	1	1
38	150	100	93	91	89	88	86	85	84	83	82	80	79	78	77	76	73	72	68	63	61	60	58	57	56	54	53	52	50	48	47	45	41	36	35	34	33	31	30	1	1	2	2	1	1	1	1	2	1	1	1	1	1	2	1	1	2	2	1	2	1	2	1	1	1	1	1	1	2	1	2	1	1	2	1	2	1
38	150	100	97	96	94	93	90	89	86	85	84	83	82	80	78	75	74	72	71	70	69	66	64	63	62	60	59	58	57	56	50	47	44	43	41	37	36	35	33	1	1	1	2	1	1	2	1	1	1	3	1	1	1	1	1	2	1	1	2	1	2	1	1	1	2	1	4	1	2	1	1	1	1	1	1	1	1
36	150	100	93	91	88	86	84	83	75	73	72	70	69	67	66	65	61	58	56	55	54	52	51	50	47	45	44	42	41	40	39	36	35	33	32	31	30	2	1	1	1	2	1	1	5	1	1	1	1	1	2	1	1	1	1	2	1	1	3	1	1	1	1	2	1	1	1	1	2	3	1	1	1
36	150	99	98	97	95	90	87	85	83	80	76	71	70	69	68	67	66	65	63	62	60	58	56	55	53	50	49	45	42	41	38	36	34	33	32	31	30	1	1	1	1	1	2	2	1	2	1	2	1	1	1	1	1	1	2	2	3	1	1	1	1	1	1	1	2	1	1	2	2	1	2	3	1
39	150	100	92	91	90	89	85	84	81	80	78	77	76	75	74	73	69	68	67	65	64	63	61	60	56	54	51	49	45	43	42	39	38	36	35	34	33	32	31	30	1	1	1	1	1	1	1	1	2	2	2	1	1	1	1	2	2	2	1	1	2	1	1	1	2	1	1	1	1	1	3	1	1	1	2	1	1	1	1
31	150	100	96	94	93	85	83	82	81	80	79	76	72	71	70	68	67	66	64	58	57	49	46	42	39	38	37	36	35	33	32	30	2	2	2	1	1	1	2	1	1	1	3	3	1	3	1	1	1	2	2	1	2	1	1	3	1	2	1	1	1	2	3
34	150	100	98	96	95	94	91	90	89	86	85	84	78	77	76	75	73	72	70	69	68	66	60	59	55	50	48	47	44	43	42	40	39	37	35	1	2	1	2	3	1	2	1	1	3	1	2	1	1	1	1	2	2	2	2	1	1	1	1	2	2	2	1	1	1	1	2	1	1
39	150	100	99	98	97	95	92	91	90	89	88	87	84	83	82	80	78	77	76	75	72	70	68	67	64	63	61	60	58	57	56	55	49	48	40	37	35	32	31	30	1	1	1	2	1	2	1	1	1	1	1	2	1	1	2	1	2	2	1	1	1	1	1	1	1	2	1	1	2	1	1	2	1	2	1	1	1	2	1
38	150	98	94	93	92	91	85	84	81	79	78	76	73	72	71	68	67	65	63	61	60	59	58	57	56	55	48	47	46	45	43	40	39	38	37	35	34	32	31	1	2	1	3	1	1	2	2	2	1	1	1	1	1	2	2	1	1	1	2	2	1	1	1	1	1	1	1	1	1	2	1	1	1	1	1	1	2
38	150	99	98	97	95	93	92	89	80	79	77	76	75	74	73	71	70	68	66	64	63	61	60	57	55	54	53	50	49	48	47	46	42	39	38	37	34	32	31	1	1	1	2	2	1	1	2	2	1	1	1	2	1	2	1	1	1	1	1	1	1	2	1	1	1	2	1	1	1	2	2	1	2	2	1	1	1
38	150	100	98	97	96	94	93	90	89	88	85	84	83	81	80	78	76	75	73	71	70	69	66	65	64	63	60	57	56	54	53	48	43	42	38	34	32	31	30	1	2	3	1	1	1	1	1	2	1	2	2	1	1	1	1	1	2	2	1	1	1	1	2	1	2	1	1	2	2	1	1	1	1	1	1	1	1
