20
37	150	100	96	94	90	88	87	85	83	81	80	77	74	65	62	61	59	57	54	51	45	40	38	37	36	29	27	26	22	21	17	14	8	7	6	5	3	1	2	1	1	1	1	1	1	1	1	2	1	1	1	3	1	2	1	1	1	2	1	1	3	1	2	1	1	2	1	1	2	1	1	1	2	2	1
35	150	95	88	86	85	84	82	81	79	72	71	69	68	65	61	60	58	57	53	44	43	36	29	27	23	22	21	17	14	13	12	11	6	5	3	2	1	2	1	1	2	1	1	1	1	1	3	2	1	4	1	1	2	1	1	1	1	2	1	2	1	1	1	3	1	1	2	1	1	2	1
40	150	100	99	95	94	87	85	83	81	80	77	76	75	74	73	72	66	63	60	52	50	47	45	44	43	39	38	35	34	33	32	25	23	20	17	15	14	12	11	10	8	1	1	1	1	1	2	1	2	2	1	1	1	1	2	1	1	1	1	1	1	1	1	1	1	2	2	1	1	1	1	2	1	1	1	2	1	1	1	2	2
39	150	99	96	95	92	91	90	86	85	80	77	76	71	70	69	68	64	61	60	56	55	53	52	50	48	44	41	40	38	37	35	21	19	14	12	9	6	4	3	2	1	1	2	1	1	1	3	1	1	2	2	1	2	1	1	2	1	2	1	1	1	1	1	1	1	1	1	2	1	1	1	1	1	1	1	3	1	1	1
39	150	99	97	96	95	89	88	83	81	79	77	76	75	74	61	55	51	50	48	47	46	45	42	38	35	34	32	31	26	25	21	14	13	11	10	9	8	7	5	1	1	2	1	1	1	1	1	2	1	1	1	1	1	1	1	1	2	2	1	1	1	2	1	1	1	2	1	1	1	1	1	1	1	1	3	2	1	3	1
41	150	100	98	97	96	95	93	92	88	86	84	83	80	78	77	76	74	73	70	69	68	65	64	63	62	61	60	53	51	42	41	28	26	23	22	21	16	13	9	7	5	2	1	1	1	1	1	1	1	2	1	1	1	2	1	1	3	1	1	1	1	1	1	1	1	2	1	2	1	2	1	1	1	1	1	1	1	1	1	2	1	1	2
39	150	97	92	91	88	86	85	84	79	76	75	67	66	65	62	61	58	54	50	47	46	45	44	42	37	30	27	26	23	21	20	19	13	12	11	10	9	6	5	1	1	1	2	1	1	1	1	1	1	1	1	1	1	1	2	1	2	1	1	1	1	2	1	2	1	2	1	2	1	2	1	1	1	1	1	2	1	3	1
37	150	99	91	89	88	86	85	83	82	80	78	76	73	69	67	66	65	64	60	57	56	52	51	45	43	42	38	37	32	29	28	26	25	18	15	10	6	4	1	1	3	1	1	1	1	1	4	1	1	1	1	1	1	2	2	2	1	2	1	1	1	1	2	1	1	3	1	1	1	1	1	1	1	2	1
40	150	100	98	97	95	87	84	80	77	76	73	71	66	62	61	60	57	56	53	52	51	49	46	44	43	38	33	31	30	29	28	24	22	18	17	16	15	12	8	3	2	1	1	1	1	3	1	1	1	1	1	1	2	1	1	3	1	1	1	1	1	1	1	2	2	1	1	1	1	2	1	1	1	1	1	3	1	1	1	1	1
40	150	99	98	92	91	90	88	87	86	82	80	77	74	73	72	71	69	63	61	55	54	53	50	48	37	34	33	32	29	26	22	19	17	15	14	10	9	7	3	2	1	1	1	1	1	1	1	1	1	1	1	1	1	1	2	1	2	1	1	1	1	1	1	3	3	1	1	1	1	1	1	1	1	1	1	1	1	1	2	3	2
38	150	100	96	95	94	92	90	86	84	77	73	66	59	56	55	54	53	52	49	48	47	45	41	37	36	24	22	21	20	18	16	15	14	13	12	10	8	4	1	1	1	1	2	2	1	1	1	1	1	2	1	3	1	1	3	1	1	1	1	3	3	1	1	1	1	1	1	1	1	1	2	1	1	1	1	1	1
35	150	99	93	90	87	81	80	78	77	76	68	64	63	62	60	59	58	53	52	47	45	44	42	39	36	35	29	28	26	25	18	9	7	6	5	1	2	2	2	2	2	1	1	1	1	1	1	1	1	2	1	1	1	2	1	1	2	1	2	1	1	2	1	1	1	1	1	4	1	3	1
38	150	100	99	94	90	88	86	84	80	77	73	70	69	66	61	58	57	52	51	47	44	43	42	36	34	28	27	26	25	21	18	17	13	12	11	9	8	7	4	2	1	1	1	2	2	2	1	1	1	1	2	2	1	2	2	1	1	1	1	1	1	1	1	1	1	1	1	1	2	1	1	3	1	1	1	1	2
39	150	98	97	91	90	88	87	85	83	81	79	78	76	74	73	72	68	66	64	63	61	57	56	55	48	46	44	39	37	35	34	32	31	29	27	26	19	18	17	11	1	1	1	3	1	2	1	1	1	1	2	1	2	1	1	1	1	1	1	1	1	3	2	2	1	2	1	1	2	1	1	1	1	1	1	1	1	1	1
32	150	96	94	87	86	84	83	82	80	77	75	57	56	55	54	52	51	48	46	45	42	34	32	30	23	16	15	14	12	10	6	3	1	3	2	1	1	2	1	2	1	1	1	2	1	1	1	1	1	3	2	1	1	3	2	1	1	3	2	1	1	1	2	1	3
41	150	99	98	96	93	92	91	89	85	82	80	79	78	73	71	70	69	61	55	54	52	47	46	43	42	41	38	36	35	34	28	27	25	24	21	17	13	10	9	6	5	2	2	2	1	2	1	1	1	1	1	1	1	1	2	1	1	2	2	1	1	1	2	1	2	1	1	1	1	1	1	1	1	1	1	1	1	1	1	1	1	2	1
42	150	100	98	96	95	93	90	89	86	85	84	81	79	78	74	70	69	68	66	62	61	58	56	55	54	53	51	48	44	42	40	36	35	33	32	31	24	23	18	13	12	4	2	4	1	1	1	1	1	1	2	2	1	1	1	1	1	1	1	1	1	2	1	1	1	1	1	1	1	1	1	1	1	1	1	1	1	1	1	2	1	1	1	2	1
39	150	100	99	97	95	94	91	88	87	86	82	77	75	74	73	72	71	70	65	63	62	60	59	56	51	50	49	47	46	36	29	23	21	20	18	16	13	11	9	3	1	1	3	1	1	1	1	2	3	1	2	1	1	1	1	1	1	1	1	1	1	1	2	1	2	2	2	1	1	1	2	1	1	1	1	1	1	1	1
40	150	95	90	88	87	86	83	79	78	76	75	71	70	68	64	63	61	59	58	57	53	52	49	44	40	36	32	29	25	23	22	20	19	17	16	11	7	6	5	3	2	1	1	1	1	1	1	1	1	1	1	1	2	1	1	2	1	1	1	2	1	2	1	1	1	2	1	1	1	2	2	1	3	1	1	2	1	1	1	1	1
37	150	98	97	96	93	92	89	83	82	76	74	70	69	67	66	65	62	60	58	56	55	54	53	51	49	47	42	35	31	26	22	18	17	16	9	8	5	4	2	1	1	2	1	1	1	1	3	1	1	1	1	2	1	1	1	1	2	2	1	1	1	1	1	1	1	2	1	3	1	3	1	1	1	1	2
