20
43	120	100	97	96	92	89	88	87	83	75	72	71	70	69	66	63	62	61	60	58	50	47	46	40	37	36	32	31	30	28	27	26	24	18	16	14	13	12	10	8	7	5	4	2	1	1	1	1	1	2	1	1	2	1	1	1	1	1	1	2	1	1	1	1	1	1	2	1	1	1	1	1	1	2	1	1	1	1	1	1	1	3	1	1	1	1	1
37	120	99	96	95	94	90	88	87	84	82	78	77	75	70	69	68	56	54	53	50	49	48	47	45	38	36	35	34	28	25	21	19	18	16	13	7	6	3	1	3	2	1	2	1	1	1	1	1	3	2	2	1	1	1	1	2	2	1	1	1	1	1	1	1	1	1	1	1	1	1	1	2	2	1	2
38	120	100	97	96	92	89	86	83	82	79	77	76	73	70	69	61	60	58	56	53	51	49	48	47	46	42	41	36	35	34	32	31	22	17	12	6	5	3	2	1	1	1	1	1	1	2	1	1	1	1	2	1	2	1	3	1	2	1	1	1	3	1	1	1	1	1	1	1	3	1	1	1	2	2	1	1	1
40	120	98	96	87	86	85	83	82	81	77	74	67	65	64	63	60	57	56	55	50	49	46	43	42	37	33	31	27	26	25	23	19	18	15	13	10	9	6	3	2	1	1	2	3	1	1	2	1	1	1	1	1	1	2	1	1	2	1	1	1	1	1	2	1	1	1	2	2	1	1	2	1	1	1	1	1	1	1	1	1	1
38	120	94	92	89	87	82	81	80	78	71	70	67	66	63	58	52	50	48	46	36	34	33	31	30	27	26	21	20	19	18	17	12	11	10	7	6	5	4	3	1	1	2	1	2	1	2	1	1	1	1	1	1	1	1	1	1	1	1	1	1	1	1	1	1	2	1	1	2	1	1	4	2	3	1	2	1	1
41	120	99	95	94	91	90	89	84	82	81	78	77	73	72	69	62	60	59	58	56	52	51	48	47	45	43	42	38	32	31	28	26	23	21	20	18	14	12	8	3	2	1	1	2	1	1	1	1	1	1	1	2	1	1	1	1	1	1	1	1	2	2	1	2	2	1	1	1	1	2	1	3	1	1	1	1	1	1	1	1	1	1	1
39	120	100	99	96	95	94	90	88	84	81	79	76	70	67	65	60	57	56	52	47	45	44	42	39	37	36	35	31	28	27	25	19	18	17	14	12	9	3	2	1	2	1	2	1	1	1	1	1	1	1	1	1	1	1	2	2	1	1	1	1	1	1	1	1	2	1	2	1	2	1	1	1	1	2	1	4	1	1	1
40	120	99	97	94	90	87	83	82	81	79	77	76	75	74	72	67	66	65	63	59	55	51	50	49	47	41	39	38	37	35	34	33	21	20	18	15	14	9	8	3	1	1	1	2	2	1	1	1	1	1	1	2	1	1	1	1	1	1	1	2	1	1	2	1	1	2	1	2	2	1	1	2	1	1	1	1	1	1	1	1	2
37	120	100	89	88	87	81	78	77	76	75	74	73	70	69	66	64	63	61	60	58	54	52	51	50	49	48	46	45	43	40	39	35	34	33	24	9	4	1	2	4	1	1	1	2	1	1	1	1	1	2	1	2	3	1	1	1	1	1	1	1	1	1	3	1	2	1	1	1	1	1	1	1	1	2	1
41	120	99	98	96	95	92	91	89	88	87	86	84	82	79	78	77	75	72	69	66	64	63	61	60	56	55	54	49	48	44	41	39	27	23	22	21	15	13	7	5	3	1	1	1	2	1	1	1	1	1	1	1	1	2	2	1	1	1	1	1	1	1	1	1	1	1	1	2	2	1	3	2	1	1	1	2	1	1	1	1	1	1	1
38	120	97	96	94	91	88	87	85	81	77	74	71	69	68	66	65	63	60	59	57	46	45	44	43	41	37	35	32	30	28	27	25	23	19	18	16	14	10	8	1	2	2	1	1	1	1	2	1	3	1	1	2	1	1	1	1	1	2	2	2	1	1	1	1	2	1	1	1	1	1	2	1	1	1	2	1	1
39	120	98	97	93	92	91	90	89	82	77	76	75	74	73	63	62	61	60	56	51	49	47	45	44	43	42	39	37	33	32	28	25	21	20	19	11	6	3	2	1	3	2	1	1	1	1	2	2	1	1	1	2	1	1	2	1	1	1	1	2	2	1	1	1	1	1	1	2	1	1	1	1	1	1	2	1	1	1	1
37	120	100	99	98	95	93	92	89	80	78	77	73	72	71	70	67	66	65	64	60	59	53	50	48	47	45	39	38	37	33	28	27	19	15	14	12	9	1	1	1	2	1	1	1	1	2	1	2	1	1	3	2	1	2	1	1	1	1	1	1	2	2	1	1	1	1	2	1	1	1	1	2	1	3	1
38	120	93	87	85	82	79	76	75	70	69	68	67	66	64	62	61	59	58	57	56	55	53	49	45	43	42	40	30	24	22	21	20	18	14	13	11	9	6	3	1	1	2	1	1	1	1	2	2	1	1	1	1	1	1	1	2	1	2	1	2	1	2	1	1	1	2	2	2	1	1	2	1	1	1	2	1	1
35	120	99	86	83	78	76	68	59	58	54	53	51	48	47	45	43	40	37	32	31	28	24	22	20	19	15	14	13	12	11	10	6	5	4	2	1	1	1	2	1	1	1	1	2	1	2	2	1	1	1	1	1	1	4	2	1	1	1	1	4	1	1	1	2	1	4	1	1	1	1	1
43	120	97	96	94	93	80	79	78	77	76	72	71	70	67	63	60	59	55	54	52	51	49	48	47	46	43	34	32	28	27	26	25	23	22	20	17	14	13	12	10	5	4	3	2	1	1	2	1	1	1	1	2	2	2	1	1	2	1	1	1	1	1	1	1	1	1	1	1	1	1	1	1	2	1	1	1	1	1	1	1	1	2	1	1	1	1	1
38	120	98	96	95	91	90	88	87	83	77	74	73	72	70	67	66	63	60	59	58	57	56	55	54	45	41	31	29	26	24	21	18	16	15	14	9	8	6	2	1	1	1	2	1	1	1	2	1	1	1	2	2	1	2	1	1	1	2	1	1	1	1	2	1	2	1	1	1	1	1	2	1	2	2	2	1	1
42	120	100	99	98	96	95	92	91	87	85	84	78	77	76	74	69	68	67	65	64	62	55	52	45	43	41	40	38	33	29	27	26	24	23	22	21	14	13	12	10	8	2	1	1	1	1	1	2	1	1	1	2	1	2	1	1	1	1	1	1	1	1	1	1	1	1	1	1	1	1	1	1	2	1	3	1	2	1	1	1	1	1	1	1	2
40	120	97	93	92	90	87	83	82	80	78	72	71	68	67	63	62	60	59	56	55	54	51	50	48	46	45	42	41	35	32	28	26	25	24	22	21	14	12	10	9	7	1	1	1	1	1	1	2	2	2	1	1	1	1	1	1	1	1	2	1	2	1	1	1	1	1	1	1	1	2	1	1	3	1	1	2	1	1	1	2	1
37	120	100	93	89	87	81	79	78	77	70	68	67	66	65	64	62	61	60	57	53	52	48	44	43	42	41	39	37	35	34	30	29	26	25	16	10	7	6	1	2	2	1	2	1	1	1	1	1	1	2	1	1	1	1	1	1	2	3	1	2	2	1	1	2	1	1	1	2	1	1	1	2	2	1	1
