20
60	100	100	99	98	96	95	94	93	92	90	89	86	85	84	83	82	81	80	79	77	76	75	74	73	71	69	68	67	65	63	60	57	56	55	54	53	51	47	46	45	44	43	41	40	39	38	36	34	33	32	31	30	29	28	26	25	24	23	22	21	20	3	2	1	1	2	1	2	1	2	1	2	2	1	1	3	1	1	1	3	1	3	1	1	2	1	1	3	1	2	1	1	2	2	3	2	2	1	2	3	4	1	1	2	4	1	2	1	2	2	1	1	1	1	1	1	2	1	3	1	1
54	100	99	96	94	93	90	88	87	86	85	84	83	82	81	80	77	75	74	73	69	67	66	65	64	63	59	58	56	55	54	53	52	50	48	47	45	43	42	41	40	39	38	34	32	31	30	29	27	26	25	24	23	22	21	20	1	2	2	2	2	3	2	1	1	3	3	1	2	2	1	3	1	1	2	2	2	2	2	3	1	1	1	1	2	2	1	3	2	2	1	1	3	3	1	1	2	2	3	2	2	1	1	4	3	1	1	3	2	1
55	100	98	96	95	94	92	91	89	88	86	85	84	83	82	81	80	79	77	75	72	71	70	69	68	66	64	63	62	61	59	58	57	56	55	54	53	51	50	49	48	45	44	43	41	40	36	34	33	32	29	27	25	24	23	21	20	1	1	2	2	1	1	1	1	1	1	2	2	2	1	2	1	3	5	1	1	1	1	2	4	4	1	2	1	1	3	1	4	2	2	1	3	2	3	3	2	1	1	1	2	1	1	1	3	1	4	3	1	2	2	1
62	100	100	99	98	97	96	95	94	93	92	91	90	89	88	87	86	85	84	83	79	78	77	76	74	73	72	71	70	69	68	67	65	64	63	61	60	59	58	57	56	55	54	52	51	49	46	45	44	43	41	40	39	38	37	35	32	30	29	28	27	23	22	20	1	1	1	1	1	1	3	3	3	1	2	1	2	1	1	3	1	3	1	3	3	1	2	1	2	2	2	1	1	1	1	2	1	2	1	2	1	2	1	3	4	2	2	1	3	1	1	1	1	1	1	1	1	2	3	3	1	1	1	1	1	1
60	100	100	99	98	97	96	95	94	91	90	89	88	87	86	85	84	82	81	80	79	77	76	74	73	71	70	69	68	67	66	65	62	59	57	55	54	51	50	49	47	46	45	43	42	41	39	38	37	35	34	33	32	31	30	29	27	26	25	24	21	20	3	4	1	1	1	1	2	1	3	3	2	2	1	3	1	1	1	2	2	1	1	1	1	1	1	1	2	2	1	3	3	3	2	2	1	1	1	1	2	1	2	1	1	3	1	1	1	2	3	1	1	1	1	2	1	2	1	3	3	2
51	100	100	99	98	96	95	94	93	91	90	89	88	86	85	83	81	79	78	77	76	75	72	71	68	67	66	61	60	59	58	57	56	52	50	47	44	43	41	40	39	38	36	32	31	29	28	27	26	25	24	23	21	1	2	3	4	2	2	1	1	2	3	2	1	1	4	2	2	3	1	1	2	1	1	2	1	1	1	2	2	3	1	1	4	1	3	1	3	3	1	1	1	2	3	1	3	4	3	1	1	4	2	2
59	100	99	97	95	94	92	91	90	89	88	87	86	85	84	83	81	80	79	78	77	76	74	73	72	71	70	68	67	65	64	63	61	60	59	58	57	56	55	54	53	51	50	49	48	47	45	41	39	38	37	36	35	29	28	27	26	24	22	21	20	4	2	1	1	3	2	3	1	1	2	1	1	1	3	1	1	1	2	1	2	1	2	3	1	3	2	2	3	4	4	1	1	1	1	2	1	1	1	1	1	1	1	3	2	1	1	2	2	1	1	1	1	1	1	2	1	5	1	2
56	100	100	99	95	94	93	92	91	88	87	86	85	84	83	82	81	79	78	77	76	75	73	72	71	69	67	65	64	63	62	61	60	59	57	56	55	54	53	51	49	47	45	43	42	38	37	36	33	31	29	28	27	26	25	24	22	20	1	1	2	2	3	1	1	1	1	4	3	3	1	1	1	1	1	1	4	2	1	1	2	4	2	2	4	2	1	2	1	3	2	2	2	1	1	1	1	1	2	3	3	1	1	2	1	1	1	4	3	2	1	1	2	1
59	100	100	99	98	97	96	95	93	91	90	89	88	87	86	84	81	80	79	78	76	75	74	72	71	70	69	66	63	62	61	60	59	57	55	54	53	52	51	50	49	48	47	41	40	39	38	36	35	34	33	32	31	30	28	27	24	23	22	21	20	1	1	1	2	1	2	4	2	1	6	2	1	1	2	1	1	1	2	1	1	1	2	2	1	2	2	2	2	1	1	2	2	3	3	2	2	1	3	2	1	2	1	2	1	1	1	1	1	2	1	4	2	1	1	1	2	1	1	3
52	100	99	97	96	95	94	93	92	90	89	88	86	85	84	83	82	80	79	78	77	76	75	69	67	66	65	64	62	58	55	54	53	51	50	49	46	45	42	41	40	39	37	35	33	32	31	30	29	28	26	25	21	20	1	1	1	3	3	1	1	2	6	2	2	3	2	1	2	1	1	3	3	1	2	1	1	3	3	2	2	5	1	1	2	1	3	2	1	1	3	1	1	2	4	1	2	1	1	1	1	1	1	1	5	3
54	100	100	99	98	97	95	93	92	91	90	89	88	86	85	83	81	80	79	78	77	76	75	74	73	71	70	69	67	66	65	63	62	61	57	55	53	51	50	49	48	47	46	43	41	40	36	35	33	32	31	29	28	25	23	21	1	1	1	1	2	1	1	4	1	2	2	1	2	1	3	2	1	1	3	3	2	2	2	2	2	3	4	1	1	4	3	1	1	1	2	3	2	2	3	2	1	1	2	1	4	2	1	2	2	1	2	2	1	1
60	100	100	97	96	94	93	91	90	88	83	82	81	80	78	76	75	74	72	71	70	67	65	64	63	62	61	60	58	57	55	54	53	52	51	50	49	48	47	46	45	44	43	42	41	40	39	38	36	35	33	32	31	30	29	27	26	25	24	23	22	20	1	1	2	3	3	2	2	1	2	2	2	1	3	1	2	1	2	1	5	1	1	3	1	2	1	2	2	1	2	1	1	2	1	1	1	1	3	1	3	1	1	2	2	1	1	2	2	3	1	1	1	2	1	1	1	1	2	2	3	1
55	100	100	99	98	97	96	95	94	92	91	90	89	87	86	85	83	82	80	79	78	76	75	74	72	71	70	66	65	63	62	61	60	59	57	55	53	52	51	46	45	42	41	40	39	38	37	36	35	34	31	30	29	28	27	26	22	2	1	1	3	1	4	1	2	2	2	3	1	1	1	1	2	2	1	1	1	1	1	2	3	1	1	1	4	1	1	4	1	1	3	1	1	1	3	2	1	3	2	4	2	1	2	4	2	1	1	2	1	4	2	2
60	100	100	99	98	96	95	94	93	92	91	89	86	85	83	82	81	80	78	77	75	74	73	70	69	68	67	66	65	64	63	62	60	59	58	56	55	54	51	50	49	48	47	46	44	43	42	39	38	37	34	32	31	30	29	28	27	25	24	23	21	20	2	3	1	1	2	3	2	3	2	1	2	2	1	1	2	1	1	2	1	2	1	2	2	2	1	1	1	1	2	1	1	2	1	3	1	1	1	2	1	1	2	3	2	1	1	2	2	2	2	2	1	2	2	2	3	1	3	1	1	2
55	100	100	98	97	96	95	94	93	92	90	89	88	87	86	85	84	83	82	80	79	78	76	74	71	69	68	67	66	64	62	61	60	55	53	50	49	47	45	44	43	42	41	39	36	35	33	32	31	30	29	28	25	23	22	21	20	1	4	1	1	2	1	1	1	2	1	3	2	1	1	1	3	2	2	2	2	1	4	1	1	2	2	1	4	2	1	2	2	2	1	2	1	1	2	2	3	2	1	1	2	2	1	4	2	1	1	2	2	2	3	3
56	100	99	98	97	96	95	94	93	92	90	89	88	86	85	83	82	80	79	77	76	74	73	71	70	69	68	67	66	65	63	60	59	57	56	53	52	51	50	47	46	45	44	43	42	39	38	37	36	32	31	30	28	27	26	24	22	20	1	1	1	2	1	1	2	2	2	2	4	2	1	1	2	3	2	3	3	1	2	2	1	3	2	1	2	1	1	1	1	4	1	2	1	4	1	1	1	1	3	1	2	2	3	1	3	1	1	1	2	3	2	2	2	1
57	100	97	96	95	94	90	89	86	85	84	83	79	78	77	76	75	74	72	71	70	69	67	66	65	64	63	62	61	60	59	57	56	55	53	52	51	50	49	48	47	45	43	40	39	37	35	34	33	32	31	30	29	28	27	25	24	23	22	3	2	1	3	1	1	1	1	1	1	1	3	3	2	2	2	2	2	1	2	2	4	2	1	2	2	1	1	2	1	2	1	2	2	3	2	4	2	2	1	1	1	1	2	1	1	2	2	1	1	1	3	3	1	2	2	1
62	100	100	99	98	97	96	94	93	92	90	88	87	86	85	84	83	80	79	78	77	76	75	74	71	70	69	67	65	64	62	61	60	58	57	56	55	54	53	52	51	49	47	46	45	44	43	41	40	39	37	34	32	31	29	28	27	26	25	24	23	22	21	20	1	1	4	2	3	2	1	1	1	1	2	2	5	2	4	1	2	1	2	1	2	1	1	1	1	1	1	1	4	2	1	1	1	1	3	2	1	1	1	2	1	1	1	2	2	2	1	1	1	1	2	1	1	2	1	2	2	2	2	2	1	1
54	100	100	98	97	96	94	93	91	90	89	87	86	84	82	81	80	79	77	76	75	73	72	71	70	67	64	62	59	58	55	54	53	51	50	49	48	47	46	45	44	41	39	37	35	34	33	32	31	29	27	25	24	23	22	20	1	2	1	1	2	2	1	3	2	2	3	2	2	2	1	1	3	2	2	1	2	1	4	1	1	2	3	3	2	2	3	2	3	2	1	1	2	2	1	2	2	4	1	3	3	1	1	1	1	2	1	1	1	2
60	100	100	99	98	97	95	94	93	92	91	90	89	87	86	85	83	82	80	79	78	77	75	72	71	70	67	65	64	63	62	61	60	59	58	57	56	55	54	52	51	49	48	47	46	44	43	42	39	37	36	35	34	33	32	30	27	26	25	24	21	20	1	3	1	1	1	3	2	2	1	4	2	1	1	1	1	1	2	2	3	1	1	1	1	2	1	1	1	1	3	1	2	1	3	2	3	2	1	1	1	2	1	1	5	2	1	2	1	1	2	1	2	3	1	3	1	1	1	3	2	1
