20
69	100	99	97	95	94	92	91	89	86	85	84	80	79	76	75	74	73	71	69	65	64	63	62	60	59	58	57	54	53	52	51	50	48	46	44	43	42	41	40	39	38	37	36	35	34	33	32	30	29	28	26	24	23	22	21	19	18	17	16	15	14	13	12	11	9	8	7	6	5	1	1	1	2	1	1	1	1	2	1	1	5	1	2	1	1	1	2	1	1	3	2	1	1	1	1	1	1	1	1	1	1	3	1	1	4	1	1	2	1	4	4	1	1	1	1	1	1	1	1	3	1	1	1	2	1	1	1	2	1	1	1	2	1	2	2	1	2	1	1
64	100	100	99	98	96	93	89	84	83	82	81	80	79	78	77	76	75	74	71	70	69	68	67	66	62	56	55	54	53	51	50	49	48	47	45	42	41	40	39	38	37	36	34	33	32	31	29	28	26	24	22	21	18	17	15	14	12	11	10	9	8	7	5	3	2	1	2	2	2	1	1	2	2	1	1	1	4	1	1	1	1	1	2	1	2	1	2	1	1	1	1	1	1	1	3	1	2	1	3	3	2	2	1	1	1	2	2	1	2	1	1	3	1	2	3	1	2	2	1	2	2	1	2	1	1	2	1	2	2
67	100	98	97	94	92	91	90	89	86	85	84	83	82	81	78	76	75	73	72	71	70	69	66	64	60	59	58	57	56	55	54	53	52	51	50	49	48	47	45	43	42	40	39	36	35	34	33	32	30	29	28	25	23	22	20	19	18	16	15	13	12	10	9	8	6	5	4	2	1	1	1	1	2	1	1	1	1	1	1	1	1	1	1	1	2	2	1	2	2	1	1	2	1	1	1	1	1	1	1	2	1	1	2	1	2	1	3	4	1	2	1	1	3	1	1	3	2	1	1	1	5	2	2	1	3	3	1	2	1	1	1	1	1	2	2
69	100	99	98	96	93	92	90	89	88	87	86	84	81	80	78	77	75	73	72	70	69	68	65	64	63	62	61	60	58	57	56	54	52	51	49	46	45	44	42	41	38	37	36	34	31	30	28	27	26	25	24	23	22	21	18	17	16	14	13	12	11	10	9	8	6	5	4	3	2	1	1	1	1	2	1	1	3	2	1	1	2	1	4	2	1	1	1	1	1	1	1	2	1	3	1	1	1	3	1	1	1	1	1	2	1	2	2	2	2	2	1	2	2	1	2	1	1	1	1	3	1	1	2	1	2	1	1	1	2	1	2	1	1	1	2	2	1	1	1
57	100	100	99	98	96	95	93	92	91	90	89	87	85	84	81	80	79	77	74	73	72	71	70	66	65	64	63	61	57	56	54	52	51	49	48	46	44	42	40	38	35	34	31	30	27	25	24	21	18	17	16	15	11	9	8	5	3	1	1	2	1	1	3	2	3	1	1	3	3	1	1	2	1	1	1	3	2	1	1	2	2	3	1	5	1	1	1	1	2	1	1	1	1	3	1	3	2	1	1	3	1	2	2	1	3	1	2	3	2	2	3	1	3	1	1
62	100	100	99	97	96	95	94	93	92	91	89	85	84	78	76	75	73	70	69	67	66	63	62	60	58	56	55	53	52	51	50	49	48	47	46	45	42	41	39	37	36	35	34	30	29	28	26	23	22	21	19	18	17	15	14	11	10	8	7	6	5	2	1	2	1	1	2	3	1	2	2	1	1	1	1	1	4	1	2	2	1	2	1	1	1	3	1	1	1	2	1	1	3	2	1	2	1	2	1	2	1	1	2	1	2	2	2	2	2	1	4	3	1	1	2	1	2	1	1	1	2	1	1	2	3
63	100	99	96	93	92	91	90	89	88	87	86	84	82	81	80	79	76	75	74	73	71	68	64	62	61	60	58	57	55	54	53	52	51	50	47	45	44	41	40	39	38	36	35	34	33	32	31	30	29	28	24	22	21	19	18	10	9	8	7	6	5	4	3	2	1	1	3	2	1	1	1	3	2	1	2	1	1	3	4	1	5	2	1	1	1	1	1	3	1	4	3	1	1	1	1	3	2	1	1	1	1	1	3	1	2	2	1	1	1	1	2	3	1	1	1	1	2	1	1	1	2	1	1	2	1	1	1
56	100	98	94	93	92	91	89	87	86	85	84	80	78	76	75	73	72	71	70	69	67	65	64	62	59	56	55	54	53	52	50	49	45	44	43	39	38	37	36	34	33	29	28	27	25	22	19	17	16	15	14	13	10	8	6	5	3	4	3	1	1	1	2	1	1	1	1	2	1	2	1	2	1	3	1	1	1	1	2	4	1	1	2	1	3	2	1	5	1	1	5	1	3	2	2	2	1	3	1	3	1	2	1	3	1	1	3	3	1	1	2	1	1
61	100	99	98	97	96	95	94	90	88	86	85	83	82	81	80	79	78	77	76	75	74	72	71	69	67	66	65	63	61	59	57	56	55	54	53	49	48	46	45	41	39	38	37	36	35	32	30	28	27	26	25	24	23	22	17	13	11	10	6	3	2	1	1	1	1	1	2	3	1	1	4	5	2	1	2	2	2	1	2	3	2	3	1	1	1	2	2	2	1	2	2	2	2	1	1	1	1	1	1	1	1	2	2	2	2	1	1	3	3	1	2	1	1	1	2	2	1	1	2	1	1	1	1
62	100	100	99	98	95	94	93	92	91	88	87	86	85	83	81	80	79	77	76	75	73	71	70	69	68	67	66	65	63	60	59	56	54	53	52	51	49	46	44	43	42	41	39	35	34	32	31	30	29	28	27	22	21	20	17	14	12	11	10	8	6	5	4	2	1	1	1	1	3	2	3	2	1	1	1	1	3	3	1	3	1	1	1	3	1	1	1	1	1	1	1	2	4	1	4	2	1	2	1	1	2	1	2	3	1	1	2	2	1	1	1	1	1	2	2	1	1	1	2	2	2	2	2	2	1
65	100	100	99	98	97	92	91	88	86	85	84	83	81	80	79	78	77	75	74	71	70	69	64	63	62	61	56	55	53	52	51	49	48	46	44	43	42	40	38	37	36	35	34	32	31	30	29	28	27	26	24	22	20	18	17	16	14	13	12	11	10	8	6	4	2	1	1	1	1	5	1	3	1	2	1	2	1	1	1	3	1	2	3	2	2	1	1	2	2	2	2	4	1	2	2	1	1	1	1	2	2	2	1	1	1	1	1	1	2	1	1	2	3	1	1	2	1	2	1	1	2	1	2	1	1	1	1	1	1	1	1
58	100	100	98	97	96	95	94	93	92	90	87	84	83	81	80	77	75	74	73	72	71	70	69	67	63	62	58	55	54	53	51	49	47	45	42	41	39	38	35	34	29	28	27	26	25	24	23	21	19	17	15	14	12	11	7	6	5	2	1	2	1	1	2	3	3	1	1	1	2	1	3	1	1	4	1	2	1	1	3	3	2	1	4	1	1	3	1	2	1	3	1	1	1	1	1	1	1	1	1	4	2	2	3	2	1	1	1	1	3	1	1	1	3	1	3	2	2
58	100	97	96	95	94	90	88	87	86	85	84	82	81	80	79	78	74	73	69	68	67	65	64	63	60	58	57	56	55	53	51	47	46	45	41	39	38	37	35	34	33	32	31	30	28	22	20	19	17	16	15	13	12	10	9	8	5	4	1	1	1	1	1	1	2	1	1	1	2	1	2	3	2	1	1	1	2	2	2	1	1	2	2	1	1	1	1	2	3	2	2	1	2	1	1	4	1	1	4	1	3	2	1	2	4	2	3	2	1	2	2	2	1	3	3	2	1
66	100	100	98	97	95	90	89	87	85	83	82	81	80	79	78	77	76	74	73	72	70	68	67	64	63	60	58	57	55	54	53	52	51	50	48	45	44	43	41	38	37	34	33	32	31	30	26	25	24	23	20	19	18	17	16	15	13	12	11	10	9	8	7	4	3	2	1	1	1	1	1	2	2	2	1	1	2	3	1	1	1	1	1	1	1	1	2	1	1	1	2	2	2	2	1	2	1	3	1	3	1	3	2	1	1	1	1	3	1	2	1	4	1	1	1	1	1	3	1	1	1	1	1	2	4	1	1	3	1	1	2	1	1
65	100	100	98	97	95	94	92	91	90	89	88	87	85	84	83	81	79	77	76	72	70	69	68	64	63	62	61	60	59	58	57	55	52	51	47	46	43	42	37	36	35	34	32	31	29	28	25	23	22	21	19	17	16	15	14	12	11	10	8	7	6	5	4	3	2	1	2	1	1	1	1	3	1	1	2	3	1	1	1	1	1	2	2	1	1	2	2	1	1	1	2	2	1	2	1	1	1	2	1	2	1	2	1	1	1	4	1	2	2	2	2	1	1	2	1	1	1	1	1	1	1	6	1	2	1	1	2	2	2	2	2
61	100	99	96	95	93	92	91	90	88	87	86	83	81	80	78	76	74	73	72	70	69	68	67	66	58	57	56	55	54	53	51	48	47	46	45	44	43	42	41	40	35	34	31	29	26	24	23	22	21	20	18	17	15	14	12	11	9	8	6	4	3	1	2	2	1	1	2	2	2	2	1	1	4	2	2	2	2	1	1	2	1	2	1	1	1	1	1	1	3	4	1	3	2	3	3	1	1	3	1	1	2	1	1	1	1	1	2	2	3	1	1	1	2	1	1	2	1	2	1	1	1	2	2
59	100	99	98	97	96	94	93	90	84	82	81	78	76	75	73	70	69	66	65	63	61	60	59	58	56	55	54	53	50	48	47	46	45	41	40	39	36	35	34	33	31	30	29	28	27	26	24	19	18	16	14	13	12	11	10	7	6	4	3	1	1	1	2	1	3	1	1	1	1	1	1	2	2	1	2	2	2	3	1	1	1	3	2	1	1	2	2	3	2	1	1	4	2	1	2	2	2	1	2	1	1	1	1	1	2	2	3	4	1	2	1	1	2	3	2	3	1	1	2
69	100	100	99	97	96	95	94	92	91	90	88	87	85	84	83	82	81	80	78	75	74	72	71	70	69	68	65	64	62	61	60	59	58	57	55	54	53	50	49	48	47	46	45	44	43	42	40	36	35	34	33	32	31	30	26	25	24	23	22	21	20	19	18	17	15	9	8	7	6	3	2	1	2	2	1	4	2	1	1	1	1	1	2	1	1	1	1	1	1	1	2	1	1	2	1	1	2	1	2	1	1	3	2	1	3	2	1	1	1	2	2	2	1	1	1	1	2	1	2	1	1	1	2	2	1	1	2	2	1	1	1	2	3	1	1	1	1	1	2
60	100	100	99	96	95	94	93	91	89	88	81	80	75	74	73	72	69	68	64	63	62	61	58	57	56	54	51	49	48	47	44	43	41	40	39	38	36	35	33	31	30	29	28	25	23	20	19	18	16	15	14	12	11	10	9	8	7	5	4	3	2	1	1	2	1	2	1	1	2	1	1	1	1	1	1	1	3	1	1	2	1	1	1	4	2	3	1	3	6	3	1	2	1	2	1	2	1	1	1	1	4	2	1	2	2	1	1	1	1	1	3	2	1	1	2	3	3	1	2	1	2
65	100	100	98	97	96	95	94	92	91	90	88	87	85	84	83	81	78	76	74	71	70	68	66	65	64	63	62	61	59	57	56	54	53	52	51	50	49	46	45	43	41	40	39	36	35	34	33	32	30	29	28	27	23	21	20	19	17	15	11	9	6	5	4	3	2	1	3	1	1	1	1	1	1	2	3	1	2	1	1	1	1	1	1	1	2	1	2	2	1	1	2	2	1	5	2	1	1	1	1	1	2	1	1	1	1	2	3	1	1	1	1	2	3	2	3	1	3	1	2	2	2	1	3	1	1	1	3	1	1	1	1
