20
86	1000	497	495	485	480	478	474	473	472	470	466	450	446	445	444	439	434	430	420	419	414	412	410	407	405	400	397	395	376	372	370	366	363	362	361	357	356	355	352	351	350	347	336	333	329	325	320	315	314	313	307	303	302	301	299	298	295	294	292	290	288	287	283	282	276	275	274	273	272	271	269	268	267	266	263	262	261	260	259	258	256	255	254	253	252	251	250	2	1	1	1	1	1	1	1	1	1	1	1	2	1	1	1	1	1	1	1	1	1	1	1	1	1	1	1	1	1	5	2	1	1	2	2	1	1	1	3	1	1	1	1	1	1	1	1	1	1	1	1	1	1	3	1	1	1	1	1	1	1	2	1	2	1	2	2	2	2	1	2	1	2	2	1	1	3	1	1	1	3	4	4	2	2
85	1000	498	496	493	491	485	483	465	448	444	433	432	429	427	424	421	414	408	406	403	402	399	398	396	393	392	389	383	381	380	375	372	368	367	366	365	363	357	353	351	347	340	338	336	335	331	330	329	328	325	324	322	317	316	313	311	308	303	298	296	295	294	292	289	283	282	280	279	277	276	275	271	268	266	265	262	260	259	257	256	255	254	253	252	251	250	1	1	1	2	1	1	1	1	1	1	1	1	1	1	2	1	1	1	1	1	1	1	1	1	1	2	1	1	1	1	2	1	1	1	2	3	1	2	1	1	1	1	1	1	1	1	1	2	1	1	1	1	2	1	2	2	3	1	2	2	1	1	2	1	1	1	1	1	1	1	1	3	1	3	2	3	4	1	1	1	2	2	2	3	4
91	1000	499	498	495	494	491	485	480	466	464	463	458	451	445	444	440	435	434	430	429	428	427	426	413	412	399	398	395	381	376	373	370	368	367	362	361	360	358	357	351	350	349	347	344	343	332	330	329	323	320	315	311	309	306	304	300	299	297	294	290	289	288	287	286	283	282	281	280	279	277	275	274	273	272	271	270	268	267	265	263	262	261	259	258	257	256	255	254	253	252	251	250	1	1	2	1	1	1	1	1	1	1	1	1	1	1	1	1	1	1	1	1	1	2	1	1	1	1	1	1	1	1	3	2	1	1	1	1	1	1	1	2	1	1	2	1	1	1	1	1	1	1	1	1	1	1	2	1	1	1	1	1	1	1	3	2	1	1	1	1	2	1	3	1	2	1	1	1	1	1	2	1	1	1	2	2	2	3	2	2	1	2	6
86	1000	499	480	476	473	471	470	467	463	457	447	444	442	439	437	434	432	419	418	415	412	411	410	406	405	403	397	396	393	390	381	374	372	369	366	364	354	351	348	346	336	329	328	324	323	321	320	317	316	306	304	301	300	299	298	296	295	294	290	289	288	287	285	282	280	279	278	277	276	274	273	272	271	269	268	266	265	262	261	257	256	255	254	253	252	251	250	2	1	1	1	1	1	1	1	1	1	1	1	2	1	1	1	1	2	1	2	1	1	1	1	1	1	1	2	1	1	1	1	1	1	1	3	2	1	1	1	1	1	2	1	1	1	1	2	1	2	3	1	2	1	1	1	1	1	1	1	2	2	1	1	1	2	3	2	2	1	1	1	1	1	1	3	1	2	2	1	3	4	1	2	2	3
92	1000	499	497	491	488	484	483	481	480	473	469	465	464	462	460	452	447	446	436	434	432	430	426	424	419	414	410	409	403	401	396	391	384	382	373	370	368	360	359	357	350	337	335	334	333	328	325	324	322	321	317	315	314	312	308	306	303	301	298	296	289	288	286	285	283	280	279	278	276	275	274	273	272	270	269	268	267	266	265	263	262	261	260	259	258	257	256	255	254	253	252	251	250	1	1	1	1	2	1	1	1	1	1	1	1	1	1	1	1	1	1	1	1	1	1	1	1	1	1	1	1	1	2	1	1	1	1	1	1	1	1	1	3	1	1	1	1	1	1	1	1	1	1	1	1	1	1	1	1	1	3	1	3	1	1	1	1	1	2	1	1	1	1	1	2	1	2	2	2	3	3	2	1	2	1	1	2	1	2	1	2	1	2	4	3
88	1000	499	494	493	491	482	480	474	471	469	465	462	457	453	447	435	433	424	423	420	415	414	413	411	410	408	402	394	393	389	383	375	373	371	363	358	355	351	349	343	340	335	334	333	332	329	318	315	313	312	309	307	306	305	303	299	298	291	290	289	288	285	284	282	281	280	279	278	277	275	273	272	271	270	269	268	264	261	260	259	258	257	256	255	254	253	252	251	250	1	1	1	1	1	1	1	1	1	1	3	1	1	1	1	1	1	1	1	1	1	1	1	1	1	1	1	2	2	1	1	1	1	2	2	2	1	1	1	1	1	1	1	2	1	1	1	1	1	1	1	1	1	2	1	2	1	1	2	1	1	1	3	2	2	1	1	1	3	1	2	1	1	1	2	1	1	2	2	3	3	2	2	3	1	1	2	3
86	1000	493	491	471	469	468	465	461	459	457	455	453	451	448	441	429	428	427	425	420	404	402	397	391	390	380	378	377	375	374	373	371	370	366	364	363	360	359	358	357	350	339	336	330	327	326	325	323	321	320	319	318	311	304	303	301	300	299	297	295	292	290	289	286	285	284	281	278	277	276	275	273	271	269	266	265	263	262	260	258	257	255	254	253	252	251	250	1	2	1	1	1	1	1	1	1	1	1	1	1	1	1	1	1	1	1	1	1	1	1	1	2	2	1	2	1	1	1	2	1	1	1	2	2	1	2	1	1	1	1	1	1	2	2	1	1	1	1	2	1	2	1	1	3	3	1	2	1	2	1	2	1	2	1	1	1	1	1	1	2	1	1	1	1	4	2	4	1	3	2	3	1	2
87	1000	497	496	493	490	485	484	472	470	462	458	446	445	442	436	433	427	426	423	422	419	414	410	408	403	402	396	388	387	386	377	375	374	373	372	364	363	361	357	352	349	347	342	339	336	335	334	330	329	328	323	318	315	312	310	308	306	305	302	294	292	290	287	285	280	278	276	275	274	273	272	270	269	268	266	265	263	262	260	258	257	256	255	254	253	252	251	250	1	1	1	2	1	1	1	1	1	1	2	1	1	2	1	1	1	1	1	1	1	1	1	1	1	1	1	1	1	1	2	1	1	2	1	1	1	1	2	1	1	1	1	1	1	1	1	1	1	1	1	1	1	1	2	2	1	2	1	1	1	1	1	1	1	4	2	2	2	1	3	1	2	1	1	1	3	1	3	1	1	1	4	3	4	1	4
86	1000	494	483	481	477	476	475	471	462	461	460	454	449	447	443	436	430	429	427	424	418	411	408	406	402	398	397	395	382	379	378	375	372	370	369	368	364	360	358	357	354	351	346	336	334	326	325	322	321	317	316	315	312	309	305	304	301	297	296	290	289	288	286	285	284	281	280	277	276	273	271	270	269	268	267	266	264	263	261	259	258	257	255	254	252	251	250	1	2	1	1	1	1	1	1	1	2	1	1	1	1	1	1	1	1	1	2	2	1	1	1	1	1	1	1	1	1	1	1	1	1	1	1	1	1	1	1	1	2	1	1	1	1	1	1	1	1	2	1	2	1	1	2	1	1	2	3	2	1	2	3	1	2	1	1	1	2	1	3	4	2	1	2	2	2	1	1	3	2	1	1	5	2
85	1000	499	498	495	490	486	482	480	478	462	434	432	430	428	427	419	414	410	408	400	397	395	394	391	387	386	382	375	370	368	366	364	362	361	357	356	353	352	347	346	345	344	340	338	336	330	329	327	326	324	323	314	305	304	300	297	296	295	293	292	289	288	285	284	282	281	280	278	277	276	275	274	272	271	270	269	263	262	261	259	256	254	253	252	251	250	1	2	1	1	1	1	1	2	1	2	1	1	1	1	1	1	1	2	1	1	1	2	1	2	1	1	1	1	1	1	1	2	1	1	2	1	1	1	1	1	2	1	1	2	1	1	1	1	1	1	2	1	2	1	1	1	1	1	2	1	2	1	2	1	2	1	1	1	3	1	1	1	1	2	2	1	3	1	2	2	1	1	4	4	6
83	1000	495	492	491	488	479	478	474	471	462	459	452	442	441	438	436	427	426	425	421	415	408	407	402	390	385	383	378	377	376	368	362	361	356	355	352	346	345	342	339	330	329	324	320	319	316	315	312	308	306	305	303	301	300	298	297	294	292	287	285	284	282	281	279	277	276	274	273	272	270	269	268	266	265	264	263	262	258	257	255	254	253	251	250	2	1	1	1	1	1	1	1	1	1	1	1	1	1	1	1	1	1	3	1	1	2	1	2	2	1	1	1	1	1	1	1	1	3	2	2	1	1	2	1	1	1	1	1	1	1	1	1	2	2	1	1	1	2	3	1	2	3	1	1	2	1	1	1	1	1	1	2	1	3	1	2	2	1	1	1	3	4	3	2	1	4	2
86	1000	499	493	491	488	485	483	472	465	463	456	450	449	443	435	429	424	422	412	408	401	400	399	395	393	385	383	378	377	374	372	365	361	360	355	354	350	349	347	344	343	338	337	332	329	326	325	320	313	311	310	308	305	301	300	297	296	295	292	291	288	287	281	280	277	276	275	273	271	269	268	267	266	265	264	263	262	261	260	258	257	256	255	253	252	251	250	1	2	2	1	1	1	1	2	1	1	1	1	2	1	1	1	1	1	1	1	3	1	1	1	1	1	1	2	1	2	1	1	1	1	1	1	1	1	1	1	1	1	1	1	1	1	1	1	1	2	2	1	1	1	1	2	1	1	2	3	1	1	1	1	1	3	1	1	1	3	1	3	1	3	1	3	2	1	2	1	4	1	2	2	4	1
82	1000	498	495	493	492	488	486	484	482	480	476	473	460	457	455	450	447	446	429	421	411	408	400	398	397	395	391	388	383	379	377	375	370	366	361	358	357	356	354	350	348	347	343	341	340	339	329	326	323	322	309	302	298	296	294	293	290	284	283	282	281	280	278	277	273	272	271	269	268	267	266	265	264	261	260	259	257	255	254	253	252	251	250	1	2	1	1	1	1	1	1	1	1	2	1	1	1	2	2	1	1	1	1	1	1	1	1	1	1	1	1	1	2	2	1	1	1	1	1	1	1	1	2	1	1	1	1	1	2	1	1	1	1	1	2	1	1	2	1	1	2	1	2	1	2	1	1	2	1	2	1	1	3	1	2	2	4	1	2	4	2	3	3	2	7
87	1000	491	477	473	472	467	464	461	459	458	454	448	444	440	426	423	417	416	414	413	408	407	406	404	400	399	397	391	387	384	378	375	372	370	361	360	359	356	355	354	350	341	337	334	330	329	324	323	322	321	318	317	315	314	313	309	305	302	299	297	295	291	290	287	283	280	278	275	274	273	272	270	269	268	267	266	265	264	263	261	259	258	256	255	254	253	251	250	1	1	1	1	1	1	1	2	1	1	1	1	1	1	1	1	1	1	1	1	1	1	1	1	1	1	1	1	2	2	3	1	1	1	1	1	4	1	1	1	1	1	1	1	2	1	2	1	1	1	1	1	1	1	1	2	1	1	2	1	2	3	1	2	1	3	1	1	3	1	1	1	1	3	2	2	1	3	3	1	1	2	4	1	1	1	2
83	1000	496	494	489	486	484	470	453	450	445	444	443	442	433	430	421	418	416	414	412	405	404	402	396	390	388	386	384	382	373	369	365	363	358	357	356	353	350	343	340	336	332	331	329	328	319	316	313	311	309	306	305	302	298	294	290	289	287	284	283	282	280	276	275	273	271	269	267	266	265	264	262	261	260	259	258	257	256	255	254	253	252	251	250	3	1	1	2	1	2	1	1	1	1	1	1	1	1	1	2	1	1	1	2	1	1	1	1	1	1	2	1	2	1	1	1	1	1	1	1	2	1	1	2	1	1	2	1	1	1	2	1	3	1	1	2	1	1	1	3	1	1	1	1	2	1	1	2	2	1	1	1	1	1	1	3	2	2	2	2	3	1	5	2	1	4	2
81	1000	487	484	483	482	479	473	472	469	465	463	458	453	446	443	440	433	426	425	422	411	408	404	400	387	386	378	373	372	367	365	363	362	357	354	344	337	334	333	332	330	322	320	317	310	307	306	305	304	303	302	296	294	292	287	285	282	281	280	279	278	277	276	274	272	271	270	269	267	266	264	263	262	261	260	258	257	256	255	252	251	250	1	1	1	1	1	1	2	1	1	1	1	1	2	3	1	1	2	1	1	1	1	1	2	2	2	1	1	1	1	1	3	2	1	1	1	1	1	1	1	1	3	1	1	1	1	2	1	1	3	1	2	1	1	1	1	1	1	1	2	1	2	1	3	1	2	3	1	3	2	2	1	2	2	1	2	1	2	2	2	4	3
87	1000	492	490	485	484	475	472	467	461	454	447	446	443	442	437	434	432	431	428	427	422	419	414	412	404	403	397	393	387	383	381	377	376	370	369	368	367	365	364	361	359	358	355	352	349	337	330	329	324	323	321	319	317	316	310	303	299	298	294	293	290	287	285	284	282	281	279	278	275	274	273	272	270	267	265	264	262	261	260	259	257	256	255	254	253	252	251	250	1	1	1	1	1	1	1	1	1	1	1	1	2	1	1	1	1	1	1	1	1	1	1	2	1	1	1	1	1	2	2	1	1	2	1	1	1	1	1	1	1	1	1	1	2	1	2	1	1	1	1	1	1	1	1	1	2	2	2	2	1	3	2	1	1	2	1	1	1	2	2	1	2	3	3	3	1	3	2	2	1	2	2	1	2	2	2
90	1000	499	496	495	492	489	477	476	474	473	471	470	456	454	453	450	449	447	446	442	435	433	432	431	422	416	414	401	399	398	397	396	388	385	384	379	378	377	360	359	357	352	337	332	330	324	323	322	321	319	314	308	307	306	304	301	300	296	294	292	289	288	286	285	283	282	280	279	276	275	274	273	272	271	270	269	267	266	263	262	260	259	258	257	256	255	254	253	252	251	250	1	1	1	1	1	1	1	1	1	1	1	1	1	1	1	1	2	1	1	1	1	1	1	2	1	1	1	1	1	1	1	1	1	1	1	1	1	1	1	1	1	1	1	1	1	1	1	1	2	2	1	1	1	1	1	1	3	1	1	1	2	1	2	1	1	1	4	1	2	2	1	1	1	2	3	2	2	1	1	1	2	2	4	2	1	3	2	2	3	1
85	1000	499	495	493	488	477	476	473	469	466	461	460	458	457	455	453	444	438	428	424	421	418	417	410	408	407	400	398	395	393	391	385	373	370	369	366	355	348	346	340	339	338	334	329	327	323	318	317	314	313	312	309	308	306	304	300	298	297	295	292	290	287	286	284	282	280	278	276	275	274	272	268	267	265	264	262	261	259	258	256	255	254	253	252	251	250	1	2	1	2	1	1	1	1	1	1	1	1	1	1	1	1	1	1	1	1	2	1	1	2	1	1	1	1	1	1	1	1	1	1	1	1	1	1	1	1	1	1	1	2	2	1	2	1	1	1	1	1	1	2	2	1	1	2	2	1	1	3	1	3	1	1	1	1	1	1	3	2	1	2	2	1	4	2	3	3	2	1	1	2	6
87	1000	499	497	496	492	491	486	484	479	476	472	469	468	467	460	456	450	442	434	430	426	418	416	410	407	405	399	395	390	386	381	380	379	374	371	369	367	364	358	352	350	345	341	340	337	333	331	330	326	321	320	319	315	309	305	301	300	298	296	292	291	288	282	281	279	277	276	275	274	273	272	271	270	269	268	267	265	261	260	259	258	257	256	255	254	253	251	250	1	1	1	1	1	1	1	1	1	1	1	1	1	1	1	1	1	1	1	1	2	1	1	1	1	1	1	2	1	1	2	1	1	1	1	1	1	1	1	1	1	1	1	1	2	1	2	1	1	1	1	1	5	1	1	1	1	2	1	2	1	1	1	1	1	3	2	1	2	1	3	1	2	1	1	2	1	2	2	1	2	2	1	3	5	3	3
