20
50	1000	495	474	473	472	466	450	445	444	439	430	419	414	410	395	372	370	366	363	361	357	355	351	350	347	320	315	307	303	299	298	292	288	287	283	275	274	273	272	271	269	268	263	262	261	259	258	255	254	252	251	1	1	1	1	1	1	1	1	1	1	1	1	1	1	1	1	3	1	1	1	1	1	2	1	1	1	1	1	1	2	1	1	1	1	2	1	2	2	1	2	1	1	1	1	1	1	1	1	3	1
56	1000	475	473	468	465	462	447	444	426	423	412	411	409	403	402	399	396	382	376	369	366	361	347	340	339	334	333	319	314	313	308	307	305	304	302	300	297	289	282	280	277	275	270	269	267	265	264	262	261	260	258	257	256	255	254	252	251	1	1	1	1	1	1	1	1	1	1	1	1	1	1	1	2	1	1	1	1	1	1	1	1	1	1	1	1	1	1	1	1	1	1	1	1	1	1	1	1	1	1	1	1	1	1	1	1	2	2	1	1	1	1	1	2
48	1000	498	494	482	479	476	464	459	436	430	429	401	400	398	390	378	369	367	362	354	352	350	345	339	328	326	308	305	288	284	281	280	279	277	276	271	268	267	266	263	262	261	260	259	256	254	252	251	250	2	1	2	1	1	1	1	1	1	1	1	1	1	1	1	1	1	1	1	1	2	1	1	1	1	1	1	2	1	1	1	1	1	1	1	1	3	1	1	1	2	2	1	1	1	2	2	3
49	1000	495	493	485	478	477	462	461	459	456	451	429	426	414	405	391	378	375	371	369	368	367	361	357	354	347	345	332	316	298	297	293	281	278	277	275	273	270	268	265	263	262	261	258	257	256	255	254	252	250	1	1	1	1	1	1	1	1	1	1	1	1	1	1	1	1	1	1	1	1	1	1	1	1	1	1	1	1	1	1	2	2	2	2	1	1	1	1	2	2	1	2	2	1	1	2	2	1	2
48	1000	498	496	494	491	478	470	455	434	428	425	418	414	411	409	403	402	401	379	378	357	346	336	328	326	319	315	314	310	304	296	293	291	287	286	284	283	282	281	279	276	264	258	256	254	253	252	251	250	1	1	1	1	1	1	1	1	1	1	1	1	1	1	1	1	1	2	1	1	1	1	1	1	1	1	1	1	1	2	1	1	1	1	2	1	1	2	1	1	3	1	2	1	3	3	2	1
50	1000	496	489	484	483	469	463	462	433	432	422	416	396	389	388	380	372	361	360	358	355	352	347	340	335	334	328	327	305	302	301	296	290	286	285	283	282	281	278	276	270	269	268	265	264	262	261	259	254	252	250	1	1	1	1	1	1	1	1	1	1	1	1	1	1	2	2	1	1	1	1	1	1	1	1	1	1	1	1	1	1	1	1	1	1	1	2	3	1	2	1	1	1	1	1	2	1	1	1	4	1
51	1000	498	485	471	464	451	450	449	427	424	405	403	400	394	388	380	375	374	369	368	365	357	355	344	339	337	328	322	321	317	310	304	300	297	292	287	284	281	279	278	276	275	274	273	269	265	262	261	259	253	252	250	1	1	1	1	1	1	1	1	1	1	1	1	1	1	1	1	2	1	1	1	1	1	1	1	1	1	2	1	1	1	1	1	1	1	1	2	1	1	1	3	2	1	1	1	1	1	1	1	1	2	3
50	1000	487	480	478	476	465	454	432	422	412	410	407	406	392	380	378	373	370	366	365	362	353	330	329	327	326	324	322	318	314	307	303	297	296	293	286	281	279	273	268	267	266	265	264	263	261	260	256	255	252	250	1	1	1	1	1	1	1	1	1	2	1	1	1	1	1	1	2	1	2	1	1	1	1	1	1	1	1	1	1	1	1	1	1	1	1	2	2	1	1	1	1	1	2	1	1	3	2	2	1	1
49	1000	498	491	485	468	462	454	453	451	439	398	391	383	381	378	370	368	363	361	357	356	354	353	352	346	343	341	335	312	295	293	292	286	284	283	282	280	278	275	272	269	263	259	258	256	255	254	252	251	250	1	1	1	1	1	1	2	1	1	1	1	1	1	1	1	2	1	2	1	1	1	1	1	1	1	1	1	1	1	2	1	1	1	1	1	1	1	2	1	1	1	2	1	2	1	1	3	2	2
49	1000	483	468	453	451	445	443	442	429	426	417	412	397	391	382	380	377	376	373	369	364	363	359	351	343	337	332	319	316	308	307	304	298	294	289	288	280	276	275	273	266	263	262	261	259	258	256	254	253	252	1	1	1	1	1	1	1	1	1	1	1	1	1	1	1	1	1	1	2	1	1	2	1	1	1	1	2	1	1	1	3	1	1	1	1	1	2	1	1	1	2	1	2	2	2	1	2	1	1
53	1000	491	478	472	464	448	441	440	439	428	424	423	419	417	403	400	398	388	383	366	360	357	355	351	347	335	332	323	322	320	318	310	301	299	294	292	291	285	284	280	278	277	274	271	270	268	266	265	260	257	256	253	251	250	1	1	1	1	1	1	1	1	1	1	1	1	1	1	1	1	1	1	1	1	1	1	1	1	1	1	1	1	1	1	1	1	1	1	1	1	1	1	2	1	1	1	1	1	1	2	2	1	3	1	1	2	2
46	1000	495	493	492	481	470	450	447	409	399	398	396	395	392	391	389	385	381	378	372	370	369	352	336	331	327	323	313	307	296	295	288	284	283	280	278	270	268	267	266	258	257	256	255	253	252	251	1	1	2	1	1	1	1	1	1	1	1	1	1	1	1	1	1	1	1	1	1	2	1	2	1	1	2	1	1	1	1	2	1	1	2	1	2	1	2	1	1	2	1	4	2	2
53	1000	495	472	470	462	450	442	440	438	436	435	433	424	420	405	395	393	391	389	373	372	367	352	341	339	337	329	321	314	312	309	304	302	301	299	286	281	279	276	274	272	271	270	268	267	266	261	260	256	255	254	252	251	250	1	1	1	1	1	1	1	1	1	1	1	1	1	1	1	1	1	1	1	1	1	1	1	1	1	1	1	1	1	1	2	1	1	1	2	1	1	1	1	1	1	1	2	1	2	1	1	2	2	2	1	1	1
51	1000	495	493	492	488	485	480	459	456	452	448	444	434	429	421	419	386	381	369	361	356	353	350	340	327	323	317	299	297	296	293	291	288	287	286	281	280	278	267	264	262	261	260	259	258	257	256	255	254	253	251	250	1	1	1	1	1	1	1	1	1	1	1	1	1	1	1	1	1	1	1	1	1	1	1	1	1	2	1	1	3	1	1	1	1	1	1	1	2	1	1	1	1	1	1	2	1	2	1	2	2	2	1
50	1000	492	491	484	474	470	464	460	450	448	429	415	412	400	399	389	367	366	365	361	360	353	340	336	334	327	311	309	303	300	282	281	279	278	277	274	273	272	270	269	266	264	262	260	259	258	257	254	252	251	250	1	1	1	1	1	1	1	1	1	1	2	1	1	1	1	2	1	1	1	1	1	1	2	1	1	2	1	1	1	2	1	1	1	1	1	1	1	2	1	1	1	1	2	1	1	2	2	1	2	1
51	1000	491	487	485	481	472	471	463	454	451	448	442	431	426	413	409	392	389	383	360	347	336	329	328	323	312	300	299	296	292	291	288	281	279	274	273	271	267	266	264	263	262	261	258	257	256	255	254	253	252	251	250	1	1	1	1	1	1	1	1	2	1	1	1	1	1	1	1	1	1	1	1	1	1	1	1	1	1	2	2	1	2	2	1	1	2	1	1	1	1	1	1	1	2	1	1	1	1	1	1	3	1	1
46	1000	498	497	492	482	481	480	478	455	450	444	439	436	432	429	412	408	402	382	354	334	329	315	314	308	300	296	284	282	280	279	275	274	270	269	268	267	266	264	263	258	256	255	253	252	251	250	1	1	1	1	1	1	1	1	1	1	1	1	2	1	1	1	2	1	1	1	1	1	2	1	1	1	1	2	1	2	1	2	1	1	1	1	1	3	2	1	1	2	3	2	1	2
48	1000	496	495	492	489	478	469	467	459	455	453	437	436	428	425	422	411	406	403	394	355	342	333	309	306	302	294	292	290	285	281	279	278	270	269	268	267	266	264	262	260	258	257	256	255	254	253	251	250	1	1	1	1	1	1	1	2	1	1	1	1	1	1	1	1	1	1	1	1	1	1	1	1	1	2	1	1	2	1	2	2	1	1	1	1	1	2	1	1	2	1	1	3	1	1	3	2
50	1000	495	493	492	479	471	466	453	443	439	434	424	420	399	385	380	377	373	370	366	364	361	358	352	347	337	331	324	319	315	304	296	295	291	290	281	278	277	276	275	273	271	270	261	256	255	254	253	252	251	250	1	1	1	1	1	1	1	1	1	1	1	1	1	1	1	2	1	1	1	1	1	1	1	1	1	1	1	1	1	1	1	1	1	2	1	1	1	1	2	1	1	1	2	2	2	2	2	2	2	1
51	1000	499	493	488	470	460	459	427	423	415	407	405	395	391	384	382	368	367	366	363	361	358	350	343	342	329	324	316	305	303	298	292	288	287	286	282	279	276	273	270	267	263	261	259	258	257	255	254	253	252	251	250	1	1	1	1	2	2	1	1	1	1	1	1	1	1	1	1	1	1	1	1	1	1	1	2	1	1	1	1	1	1	1	1	1	1	1	1	1	1	1	1	1	2	2	1	2	1	2	2	1	2	1
