20
34	100	99	95	93	92	91	89	88	85	84	80	79	77	76	72	69	65	64	63	60	56	53	52	51	50	49	47	44	41	40	35	34	32	31	30	1	1	1	1	1	2	2	1	3	2	1	1	1	1	1	1	2	2	1	2	2	1	1	2	2	1	1	2	3	2	1	1	2	1
31	100	100	98	97	94	92	91	85	84	83	82	80	78	75	74	73	72	71	70	68	66	65	54	50	49	47	44	42	41	40	36	30	2	1	2	1	2	1	1	2	1	2	1	4	1	1	1	1	1	2	1	1	2	1	3	3	1	2	2	3	1	2	1
37	100	94	92	89	88	87	86	84	82	81	79	77	76	73	72	70	69	68	65	63	61	59	58	57	55	54	52	51	48	46	43	40	38	37	36	35	34	33	1	1	1	2	1	1	1	2	1	1	3	1	1	1	1	1	2	1	2	1	1	1	1	1	1	3	1	1	1	1	1	1	2	1	3	3	1
37	100	100	97	95	94	93	91	90	89	87	83	82	79	78	77	74	71	69	68	65	64	61	58	55	54	53	51	49	46	44	42	41	39	38	37	35	33	31	1	1	4	1	2	1	1	1	1	1	1	2	1	2	1	1	1	2	2	1	1	1	2	1	2	2	1	1	1	1	1	1	1	3	1	1	1
33	100	100	99	94	92	89	88	85	83	80	79	77	74	73	71	70	69	68	65	62	61	58	56	55	48	47	46	44	43	40	36	35	32	30	1	1	1	3	1	1	1	2	1	4	1	2	1	1	1	1	1	1	3	2	1	2	3	1	1	2	1	3	2	1	1	1	1
35	100	98	93	92	91	89	86	85	84	80	79	78	76	70	68	67	66	62	60	59	58	53	52	50	49	48	47	45	43	41	40	35	33	32	31	30	2	2	1	1	1	1	1	1	2	1	1	1	1	1	1	1	1	1	2	2	1	2	2	1	3	1	1	1	2	3	1	1	1	2	3
37	100	100	99	97	95	93	91	90	87	86	85	84	82	80	77	76	72	70	67	66	65	64	59	56	55	52	48	46	45	44	41	38	37	35	34	33	32	31	3	1	1	3	2	1	1	2	1	2	3	1	1	1	1	1	1	1	1	1	1	1	1	1	1	1	1	1	1	1	1	1	2	2	2	2	1
39	100	100	99	98	97	96	92	91	87	86	85	83	81	79	78	75	74	73	70	66	65	64	63	62	61	60	59	56	55	54	46	45	44	41	37	35	34	32	31	30	2	1	2	1	1	1	3	1	1	1	2	1	1	2	3	1	2	1	2	1	2	1	1	1	1	1	1	1	1	1	1	1	1	1	1	1	1	1	1
32	100	95	92	91	90	88	87	86	85	81	79	76	72	69	65	63	61	59	58	56	54	52	51	50	47	45	43	40	36	35	34	32	31	1	1	2	1	1	2	2	1	1	1	3	2	1	1	4	2	2	1	1	2	1	1	1	2	3	1	2	1	2	1	2	1
36	100	99	98	93	92	90	88	87	83	81	78	77	76	75	73	71	68	66	64	63	62	60	59	58	54	53	52	51	49	47	42	41	40	39	35	32	31	1	1	2	1	1	1	2	2	1	1	3	1	1	2	1	1	1	1	3	1	1	1	1	1	1	2	1	1	2	2	1	3	1	1	2	1
38	100	100	98	95	94	93	92	87	85	84	83	82	81	78	75	73	72	71	70	68	67	66	65	64	60	59	58	57	56	55	54	51	49	46	45	43	37	36	35	1	1	1	3	1	1	1	2	1	1	1	1	2	1	1	1	2	2	1	2	1	1	1	1	1	1	1	3	2	1	1	1	1	1	3	1	1	1
39	100	100	99	98	97	96	95	91	90	88	87	86	81	80	79	76	75	67	66	65	64	60	59	58	57	55	53	50	49	46	44	43	42	38	37	36	35	34	31	30	1	1	2	1	1	1	2	1	2	1	1	1	1	1	1	1	1	1	2	1	1	2	1	2	1	2	1	3	1	1	1	1	1	2	1	1	2	1	1
34	100	100	99	94	93	92	91	89	88	87	80	79	77	75	74	73	71	69	66	64	63	62	60	59	55	53	51	49	48	46	45	42	34	33	31	1	2	1	1	1	1	1	2	1	1	1	1	1	1	1	3	1	1	3	3	1	2	3	3	1	1	2	1	2	1	2	1	1	1
39	100	99	97	96	95	94	93	92	90	86	85	84	82	80	79	75	73	72	71	70	69	68	66	65	63	61	60	57	55	53	49	48	47	44	41	39	36	34	32	31	1	2	2	1	1	1	1	1	1	2	1	3	1	1	1	1	2	1	1	2	2	1	1	1	1	1	1	1	1	1	1	1	1	2	1	1	1	1	3
36	100	100	90	89	87	84	81	80	77	74	71	67	66	65	63	62	61	60	59	57	56	54	51	49	48	47	46	40	39	37	36	35	34	33	32	31	30	1	1	3	1	1	1	1	3	1	3	1	1	1	1	1	1	1	2	1	2	2	2	1	2	2	1	1	1	1	2	1	2	1	1	1	1
36	100	99	98	95	93	90	88	87	85	83	82	80	79	77	74	73	72	71	70	66	63	61	60	59	57	55	54	51	48	45	43	42	39	37	36	35	32	1	1	2	2	1	1	2	1	1	1	1	3	1	2	2	1	1	1	1	1	3	2	1	1	1	1	1	1	1	1	1	2	2	2	1	2
37	100	95	94	92	91	90	89	84	82	79	74	70	69	68	67	63	62	59	57	56	55	53	52	51	50	49	48	47	45	43	42	41	40	38	35	32	31	30	1	1	1	3	1	2	2	1	1	3	1	1	1	1	1	1	2	1	2	1	1	1	1	2	1	2	1	1	1	1	3	1	1	2	1	1	1
37	100	100	99	98	97	95	94	93	92	85	83	81	79	77	76	75	73	71	70	69	66	63	60	59	58	57	49	48	47	45	42	41	40	38	36	35	34	30	1	1	1	1	1	1	3	4	2	1	1	1	1	1	1	1	1	2	1	1	1	2	2	2	1	1	1	1	1	1	2	1	2	2	1	1	1
36	100	99	98	97	94	93	91	90	87	86	85	81	80	78	77	76	72	66	64	59	58	57	53	52	50	48	47	46	43	40	39	37	36	35	33	32	30	2	1	2	2	1	1	1	2	1	2	1	1	2	1	1	1	2	1	1	1	2	1	1	3	2	1	1	1	1	1	2	2	1	1	1	2
36	100	98	96	94	87	86	85	83	81	80	79	77	76	75	72	70	69	68	67	66	65	63	62	60	59	58	56	53	52	50	49	45	44	39	36	32	30	1	1	1	1	1	1	1	1	1	1	2	1	1	1	1	3	4	2	1	2	1	1	3	1	1	1	2	2	2	1	2	1	1	1	1	1
