20
34	120	100	99	97	96	95	92	90	88	87	85	84	83	82	81	79	74	68	63	59	58	56	55	51	50	49	47	44	42	39	37	34	33	31	30	1	1	2	2	1	2	2	1	2	1	1	1	1	1	1	1	2	1	1	1	1	2	1	1	3	1	2	1	1	2	3	2	1	3
33	120	99	96	94	93	91	87	84	83	82	81	78	77	76	67	65	61	59	58	53	50	49	48	47	46	44	43	42	41	38	35	34	32	31	1	1	1	2	1	3	2	5	1	2	1	3	1	1	1	2	1	1	2	1	1	1	2	2	1	1	1	2	1	1	1	2	1
36	120	100	99	96	93	91	90	87	84	83	80	75	74	72	71	70	69	66	65	63	60	58	57	56	54	53	51	49	46	43	40	39	38	37	34	33	31	2	1	2	1	1	2	1	1	1	3	1	1	2	2	1	1	1	1	1	1	1	1	1	2	3	2	1	1	1	1	1	1	2	1	2	2
35	120	97	96	94	93	91	89	86	83	79	78	77	75	74	71	68	67	65	63	61	58	57	56	54	48	46	44	43	41	40	38	36	35	34	33	31	2	1	1	1	1	2	1	1	1	1	3	2	1	1	2	1	1	1	2	1	1	1	1	1	1	1	1	2	1	1	2	5	1	3	1
35	120	100	99	97	96	93	91	84	83	81	79	78	77	74	71	67	66	63	62	61	59	58	57	56	54	53	51	50	49	48	45	40	39	34	32	30	1	2	2	3	2	1	1	1	1	1	1	1	1	1	1	1	1	1	3	3	1	1	1	2	2	1	1	1	1	3	2	2	1	1	1
33	120	99	98	97	96	93	88	86	85	81	80	77	76	74	73	72	69	67	66	65	64	63	62	60	59	54	51	49	46	43	38	36	35	33	1	2	1	1	1	1	2	2	1	2	1	1	1	2	1	2	1	2	1	1	2	1	1	3	2	1	2	1	2	4	2	1	1
37	120	100	99	97	95	93	91	90	88	87	86	82	80	79	75	70	69	68	66	64	62	61	60	57	56	55	53	51	47	46	44	42	38	37	36	35	32	31	1	2	1	1	1	2	2	2	1	1	1	1	1	1	1	1	1	2	1	2	1	2	1	1	1	1	1	1	1	1	1	1	1	4	2	2	2
40	120	99	98	97	95	94	93	92	91	89	86	85	81	77	74	70	69	68	67	66	65	63	62	61	60	59	58	57	56	52	50	49	48	47	43	40	39	37	36	35	30	1	1	1	1	1	3	1	2	1	1	1	1	1	1	1	1	1	1	2	1	1	1	1	1	1	1	2	2	1	1	1	1	1	3	1	1	1	2	1	2
34	120	97	92	91	88	87	86	85	84	83	80	79	78	76	75	74	72	71	70	67	63	59	57	55	54	50	49	44	42	40	38	37	35	31	30	1	1	1	1	1	1	2	3	1	2	1	1	4	3	3	1	2	1	1	1	2	1	2	1	1	1	1	1	1	1	1	1	2	2
36	120	100	97	96	90	86	84	83	82	79	78	76	74	72	70	68	67	66	65	64	63	62	59	57	55	54	51	49	48	47	43	41	40	37	34	33	32	1	1	1	1	1	1	1	1	1	1	1	1	1	3	2	2	3	1	2	2	1	1	3	1	2	1	1	1	1	1	1	2	2	1	1	2
35	120	100	99	98	93	91	89	88	87	84	82	80	78	77	76	75	73	71	70	65	61	60	59	58	55	53	52	51	49	44	43	42	40	39	38	32	3	1	1	1	1	1	1	1	1	1	2	2	3	1	2	1	2	1	1	2	1	1	2	1	1	1	1	2	1	1	1	3	1	2	2
39	120	99	98	94	93	92	90	89	88	84	81	79	78	77	76	75	74	72	70	69	66	64	63	60	57	56	54	52	47	45	43	41	40	39	38	37	36	35	34	30	2	2	1	1	1	2	2	1	1	1	1	1	2	1	1	1	2	1	1	1	1	1	1	2	1	1	1	1	1	3	1	1	2	1	2	1	1	1	1
35	120	99	97	95	94	92	91	90	88	83	79	78	76	70	68	67	66	63	62	61	60	58	56	55	54	53	51	50	48	47	42	37	36	32	31	30	3	1	1	1	1	1	4	1	1	1	2	2	1	1	1	1	1	2	1	1	4	2	1	1	1	1	1	2	1	1	3	1	1	1	1
38	120	98	96	93	92	91	90	89	88	84	82	77	76	75	74	73	72	69	66	65	59	58	57	56	54	53	52	51	49	48	47	46	42	41	40	39	36	35	33	1	1	1	1	3	3	2	2	1	1	1	2	1	1	1	1	2	1	1	2	1	1	1	1	1	2	2	1	1	2	1	1	1	1	1	1	1	1
33	120	100	97	94	93	91	86	84	83	78	77	75	74	73	71	69	68	64	62	61	57	54	53	50	49	48	47	46	45	44	42	40	39	35	1	1	1	1	2	1	1	1	3	4	1	2	1	1	1	1	2	2	1	1	2	1	1	2	1	3	1	2	2	1	1	1	3
37	120	98	95	93	91	89	87	83	82	78	77	76	75	74	72	67	62	61	59	57	55	54	52	50	49	48	47	45	44	43	42	40	39	38	37	36	33	31	2	2	1	2	2	1	2	1	1	1	1	1	1	1	1	1	1	1	1	2	1	1	1	2	1	2	2	2	2	1	1	2	1	1	1	2	1
35	120	100	98	91	90	88	87	86	83	82	81	80	76	73	72	71	70	69	68	67	66	65	64	60	54	53	52	47	46	41	40	37	36	35	34	33	1	3	1	2	1	3	2	1	1	1	2	1	1	1	2	1	1	2	2	1	1	1	1	1	1	2	1	3	1	1	2	2	1	1	1
39	120	100	99	98	95	94	90	87	86	85	83	82	80	79	76	73	72	71	70	69	68	66	65	63	62	58	57	56	55	54	53	52	49	47	46	43	42	35	34	31	1	2	1	3	1	1	2	1	2	1	1	1	2	1	2	1	1	1	2	2	1	1	2	1	1	1	1	1	1	1	1	1	1	2	1	1	1	1	1
32	120	98	93	92	90	89	86	85	84	83	81	78	77	75	74	71	70	68	66	65	63	62	61	59	57	50	49	47	44	40	32	31	30	2	3	4	1	1	2	2	1	3	2	1	2	1	1	1	2	1	2	2	1	1	2	1	1	2	2	1	1	1	1	1	1
34	120	97	95	91	89	88	87	86	83	82	81	73	69	68	65	62	61	60	58	56	55	54	52	51	49	47	45	44	43	42	41	40	36	33	30	1	1	1	1	1	1	1	1	2	1	2	2	3	1	1	1	3	3	1	1	2	1	3	2	1	1	1	1	2	2	1	1	1	2
