20
33	100	96	93	86	85	83	80	79	77	68	67	64	63	60	57	55	54	52	51	44	43	41	39	38	36	35	34	31	29	28	24	23	22	20	1	1	2	1	1	3	1	1	1	1	2	1	1	1	1	4	3	1	1	1	2	3	1	2	1	2	2	2	1	1	1	2	1
36	100	99	96	95	91	90	89	86	85	84	79	76	69	68	65	64	63	58	54	53	52	50	49	48	45	43	42	36	35	33	31	30	29	27	26	22	21	1	1	2	3	1	1	1	2	1	1	1	1	2	1	1	1	2	1	1	1	1	1	2	2	1	1	1	1	1	2	3	1	2	1	3	1
37	100	100	99	98	97	94	93	91	89	85	84	83	81	78	73	70	69	68	64	63	59	54	49	48	45	43	42	41	39	37	36	32	30	26	25	24	23	21	1	1	1	1	1	1	1	3	2	1	1	2	1	4	1	1	1	2	1	1	1	1	1	2	1	1	1	1	2	1	1	1	2	1	2	1	2
34	100	97	90	89	85	83	82	81	77	76	75	71	68	66	63	62	61	59	58	54	53	50	46	43	40	36	33	32	31	28	27	26	24	23	22	2	1	3	1	1	1	1	1	2	1	2	2	1	3	1	2	1	1	1	1	3	1	1	1	2	1	1	3	1	2	2	1	1	1
31	100	99	96	94	90	87	86	85	84	83	81	79	71	70	65	63	62	59	51	50	49	47	45	44	43	41	35	33	31	27	23	22	1	1	2	4	1	1	2	5	1	2	1	2	1	3	1	1	1	2	1	3	1	1	1	1	1	2	1	1	1	2	2
40	100	99	94	89	88	86	85	84	83	79	77	76	74	73	71	66	65	63	62	60	54	53	50	49	48	43	41	40	39	38	35	34	32	31	29	28	25	23	22	21	20	1	2	1	1	2	1	2	1	1	1	1	1	1	2	1	1	1	1	1	1	1	1	1	4	1	1	2	1	1	1	1	1	1	1	1	1	2	1	1	2
38	100	100	99	94	91	90	88	86	85	83	82	80	79	77	73	71	67	65	58	57	55	53	52	51	45	40	39	38	37	36	35	32	29	28	27	24	23	21	20	1	1	1	1	1	1	1	2	1	1	1	1	1	1	3	1	2	1	2	1	1	1	1	1	1	2	3	1	2	2	1	1	1	3	1	1	1	1
34	100	100	96	95	92	91	90	89	86	84	83	81	78	76	73	71	67	66	61	60	59	57	54	44	42	38	36	33	31	28	27	26	25	21	20	2	1	2	3	1	2	2	1	1	1	1	1	1	3	2	1	1	1	1	1	1	2	1	2	1	1	1	2	2	4	1	1	1	1
37	100	100	98	97	96	94	93	85	84	83	82	79	76	75	74	73	72	68	66	60	56	55	53	52	49	47	46	45	42	41	38	37	36	32	31	28	24	21	2	1	1	1	1	2	2	1	3	1	1	3	1	1	2	1	1	1	2	1	1	1	1	1	1	1	1	1	1	1	3	1	1	3	1	1	1
39	100	100	99	98	95	93	90	87	85	84	83	81	80	79	75	71	70	68	67	63	62	61	58	56	51	50	49	48	42	40	39	37	36	34	32	30	29	28	27	26	1	1	1	1	1	1	1	1	2	2	2	1	1	2	1	1	1	1	2	2	1	1	1	2	1	1	2	1	1	1	2	1	1	1	1	1	2	1	2
39	100	100	99	98	97	96	95	94	92	89	87	85	77	76	73	71	69	68	67	66	65	64	63	62	58	52	50	49	48	47	46	44	43	35	32	29	26	25	23	20	1	1	1	2	1	1	1	1	2	1	1	1	1	1	1	1	2	1	2	1	2	1	1	2	1	1	1	1	1	1	1	2	2	1	1	2	2	1	2
39	100	98	95	94	93	92	91	89	88	87	84	82	74	73	72	69	65	64	63	62	60	59	57	54	52	48	47	46	44	43	41	35	33	30	29	28	27	26	24	23	1	1	1	1	1	1	1	1	2	1	2	1	2	1	1	1	1	2	2	1	1	1	2	1	1	1	1	1	1	1	1	1	3	2	2	2	1	1	1
35	100	99	95	90	89	85	82	80	79	77	74	70	66	65	64	57	56	55	53	52	50	49	48	47	45	42	40	37	36	32	31	30	28	25	22	20	1	1	1	2	1	1	2	3	1	1	2	1	2	1	1	2	3	1	1	1	1	1	1	1	1	1	1	3	1	4	1	2	1	1	1
39	100	98	96	95	85	84	83	82	81	80	78	76	74	72	71	69	66	65	64	62	61	60	56	53	52	49	48	47	45	43	42	40	39	37	32	30	28	26	21	20	1	1	1	1	2	1	1	1	1	1	2	1	2	2	1	1	1	2	1	1	1	1	1	2	1	1	1	1	2	1	3	1	1	1	1	1	1	3	1
37	100	100	96	95	93	86	82	80	79	75	73	71	70	69	68	63	60	59	58	56	53	52	50	45	44	43	42	37	36	35	31	30	29	28	27	22	21	20	3	1	1	1	1	2	1	1	1	1	2	1	2	1	1	1	1	1	1	1	1	1	1	2	1	1	2	2	1	1	2	1	2	2	1	2	2
38	100	100	96	95	93	92	87	83	82	79	78	77	76	72	71	69	68	64	63	60	57	55	54	51	50	46	42	41	40	38	37	31	30	29	28	27	26	22	20	1	1	3	1	1	2	2	1	1	1	1	3	1	1	2	1	1	1	1	1	1	2	1	1	1	1	1	2	2	1	1	2	1	1	1	2	1	1
35	100	97	96	93	91	88	86	85	82	81	78	75	74	71	69	67	65	64	61	60	58	56	54	53	49	45	44	43	40	38	34	33	31	30	26	23	1	2	3	1	1	2	3	1	1	1	1	1	2	1	2	3	1	2	1	2	1	1	1	1	1	1	1	1	3	1	1	1	1	1	2
35	100	98	97	94	91	89	85	84	82	81	80	79	75	73	70	69	68	66	61	55	54	52	51	49	48	47	45	44	37	36	35	34	30	29	27	24	1	3	1	1	1	1	1	1	1	1	2	1	1	1	3	3	1	1	1	1	2	2	2	1	3	1	1	2	1	1	2	1	2	1	1
37	100	99	98	96	95	93	92	91	88	86	84	80	79	78	77	76	73	72	71	69	68	67	64	61	59	58	54	52	49	41	40	38	31	29	28	27	22	20	2	1	1	1	1	1	3	1	1	3	2	1	1	1	2	1	1	2	1	1	1	2	1	1	1	1	1	2	1	1	1	2	1	1	3	1	1
37	100	100	97	96	92	91	89	86	85	84	83	82	81	79	77	74	73	70	68	67	65	63	62	55	52	50	47	45	44	43	41	39	37	32	30	26	24	23	3	1	1	1	2	1	1	1	1	2	1	1	2	1	2	2	1	1	2	1	1	2	2	1	1	1	1	4	1	1	1	1	1	1	1	1	1
