20
81	100	100	99	97	94	93	92	91	89	88	87	86	85	84	83	82	81	80	79	78	77	76	75	74	73	72	71	69	68	67	66	64	63	62	61	60	59	57	56	55	54	53	52	51	50	49	47	46	45	44	42	41	40	39	38	37	36	34	31	30	29	27	26	24	23	22	20	18	17	16	15	14	13	12	11	10	8	6	5	4	3	1	1	2	3	1	1	2	1	2	4	2	5	1	1	2	1	4	2	3	2	3	3	1	2	4	5	2	2	1	2	4	4	2	1	3	2	2	1	3	3	2	2	3	1	3	4	2	6	4	2	1	1	3	2	6	2	4	6	3	5	2	3	1	2	1	5	1	1	3	2	2	3	2	1	3	2	3	2	2	2	3	2
84	100	100	99	98	95	93	92	91	90	89	88	87	86	85	84	83	81	80	79	77	75	74	73	72	71	70	69	68	67	66	65	64	63	62	61	60	59	58	57	56	53	52	51	50	49	48	47	46	45	44	42	41	40	39	38	37	36	34	33	32	31	30	29	28	27	26	25	24	23	21	20	17	16	15	14	13	12	11	10	9	7	6	5	4	3	5	3	3	1	2	4	1	2	4	4	1	5	3	3	2	2	1	1	3	4	4	3	1	4	5	1	5	3	1	3	2	3	1	2	2	3	2	3	1	3	4	1	1	2	3	1	1	1	4	2	1	3	3	3	2	4	2	6	4	1	1	1	1	2	3	1	1	1	2	2	1	2	1	3	5	2	2	1	2	4	1	2	2	2
88	100	100	99	97	96	95	94	92	91	90	89	88	87	86	85	83	82	81	80	79	76	75	74	73	72	71	70	68	67	66	65	64	63	62	61	60	59	58	57	56	55	54	52	51	50	49	48	47	46	43	42	41	40	39	37	36	34	33	32	31	30	29	28	27	26	25	24	23	22	21	20	19	18	17	16	15	14	13	12	11	10	9	8	7	6	5	4	2	1	3	3	1	2	2	1	2	4	3	2	2	1	2	3	1	3	2	3	3	1	2	2	1	3	2	1	1	4	2	2	3	3	3	2	2	4	2	2	4	2	1	1	2	2	1	2	4	2	2	3	2	3	1	2	2	4	3	1	1	2	2	2	2	4	2	2	4	2	3	4	2	1	2	2	1	5	2	2	4	1	2	4	3	3	1	3	2	1
88	100	100	99	98	97	96	95	94	93	92	91	90	89	88	87	86	85	84	83	82	80	79	78	77	76	74	73	71	70	69	68	67	66	65	64	63	62	61	60	59	58	57	55	54	53	51	50	49	48	47	46	45	43	42	41	40	39	38	37	36	35	34	32	31	30	29	28	26	25	24	23	22	21	20	19	17	14	13	12	11	10	9	8	7	6	5	4	3	2	1	3	1	3	2	3	2	5	2	1	1	3	1	7	1	1	2	1	1	4	2	2	1	2	4	2	1	1	2	6	2	3	1	1	2	3	3	4	2	1	4	2	2	3	3	1	2	4	1	3	3	3	5	2	1	1	1	5	2	4	3	1	2	1	2	2	3	1	3	1	1	3	3	6	1	1	1	2	1	3	2	4	1	2	3	1	1	3
89	100	100	98	97	96	95	94	93	91	90	87	86	85	84	82	81	79	78	76	75	74	72	71	70	69	67	66	65	64	63	62	61	60	59	58	57	56	55	54	53	52	50	49	47	46	45	44	43	42	41	40	39	38	37	36	35	34	33	32	31	30	29	28	27	26	25	24	23	22	21	20	19	18	17	16	15	14	13	12	11	10	9	8	7	6	5	4	3	2	1	4	2	2	2	4	1	3	6	2	2	1	3	2	1	3	1	2	2	4	3	4	1	1	4	4	3	1	4	1	1	2	2	1	1	1	1	3	1	3	2	2	1	2	2	1	2	2	2	3	2	4	3	1	1	2	2	2	6	3	5	1	2	2	1	1	3	4	3	3	1	3	2	2	2	2	2	1	2	1	2	1	4	4	2	1	1	4	2	2
90	100	100	99	98	97	96	95	94	93	92	91	90	89	87	86	85	84	83	82	81	80	78	77	76	75	74	73	72	71	70	69	68	67	66	65	64	63	62	61	60	59	58	57	56	54	53	50	49	48	46	45	44	42	41	40	37	36	34	33	32	31	30	29	28	27	26	25	24	23	22	21	20	19	18	17	16	15	14	13	12	11	10	9	8	7	6	5	4	3	2	1	2	3	3	4	2	1	6	5	1	1	4	1	1	3	5	1	3	2	2	2	1	1	3	2	5	1	1	2	3	2	3	4	2	1	1	2	1	3	6	2	3	2	2	2	2	2	3	3	3	1	1	1	1	2	3	2	1	1	2	1	1	1	2	3	1	3	2	7	2	2	3	1	1	1	2	2	3	1	3	1	4	1	4	4	1	4	1	1	1	1
89	100	100	99	98	97	95	94	93	92	91	90	89	88	87	86	85	84	83	82	81	80	79	78	77	76	75	74	73	72	71	70	69	68	67	66	62	61	60	59	58	57	56	54	53	52	51	50	49	48	47	46	45	44	43	42	40	39	38	36	35	34	33	32	31	30	29	28	27	26	25	24	23	22	21	20	19	16	15	14	13	11	10	9	7	6	5	4	3	2	1	1	2	2	1	2	2	4	1	4	3	3	2	2	5	2	3	1	1	2	2	3	1	2	2	2	4	5	3	1	2	2	3	2	1	6	1	5	1	1	4	2	2	2	5	1	3	3	1	1	3	1	1	2	2	3	2	1	3	2	1	2	3	1	2	3	1	2	3	3	4	3	4	1	2	1	1	2	3	1	2	3	2	1	2	3	2	1	1	4
88	100	100	99	97	96	95	94	93	92	91	90	89	88	87	86	85	84	83	82	81	80	79	78	77	76	75	74	73	72	71	69	68	65	63	62	61	60	59	58	56	54	53	52	51	50	49	48	47	46	43	42	41	40	39	38	37	36	35	34	33	32	30	29	28	27	26	25	24	23	22	21	20	19	18	17	16	15	14	13	12	11	10	9	7	6	4	3	2	1	2	2	6	4	4	1	3	2	1	1	2	3	3	2	2	2	2	1	1	3	3	1	4	1	2	2	1	1	7	3	1	2	2	4	2	2	1	3	3	1	2	1	3	1	2	3	1	6	2	1	1	1	2	1	2	3	1	2	2	7	2	2	1	4	4	2	2	1	1	4	1	2	1	3	3	3	2	1	1	2	1	2	1	5	5	1	1	5
89	100	99	97	96	95	93	92	91	90	89	88	87	86	85	84	83	82	81	80	79	78	77	76	75	74	73	72	71	70	69	68	67	66	65	63	62	61	59	58	57	56	54	53	52	51	50	49	48	47	46	45	44	43	42	41	40	38	37	36	35	34	33	32	31	29	28	27	26	25	24	23	22	21	20	19	18	17	16	15	14	13	12	11	8	7	6	5	3	2	1	1	2	2	1	1	7	2	1	1	1	3	1	2	3	6	1	1	1	1	4	2	3	3	1	1	1	2	2	2	2	1	2	2	4	1	3	1	8	1	3	1	1	3	1	5	2	5	2	1	2	1	6	1	2	2	2	4	3	2	1	1	2	2	3	1	3	2	1	2	1	3	3	2	1	4	1	4	2	3	2	2	4	2	1	1	1	2	6	4
86	100	100	99	98	97	96	95	93	92	91	89	88	86	85	84	83	82	81	80	79	78	77	75	74	73	72	71	70	69	67	66	65	64	63	62	61	60	59	58	57	56	55	54	52	51	50	49	48	47	45	44	43	41	40	39	38	37	36	35	34	33	31	30	29	28	27	25	24	23	22	21	19	17	16	15	14	13	12	11	10	9	8	7	6	4	3	2	2	1	1	5	2	2	3	2	2	1	5	2	3	1	3	1	1	1	2	2	2	1	3	2	3	3	4	2	2	2	3	3	3	3	1	2	5	2	3	2	4	2	3	3	3	4	1	3	1	3	5	3	2	4	1	3	3	2	1	2	2	1	1	3	2	2	1	3	2	3	3	4	2	1	4	2	1	1	3	3	1	1	2	2	3	1
90	100	100	99	98	97	95	94	92	91	90	88	87	86	85	84	83	82	81	80	79	78	77	75	74	73	72	71	70	69	68	67	66	65	64	63	62	61	60	58	57	56	55	54	53	52	51	50	49	48	47	46	45	43	42	41	40	39	38	36	35	34	33	32	30	28	26	25	24	23	22	21	20	19	18	17	16	15	14	13	12	11	10	9	8	7	6	5	4	3	2	1	1	3	4	1	4	2	4	1	1	4	3	1	1	2	3	4	4	3	1	1	1	2	3	2	2	2	3	1	4	2	2	1	1	1	1	1	2	2	2	2	6	1	3	1	1	1	3	4	3	1	1	2	4	4	2	2	4	1	2	1	1	2	1	5	2	2	2	3	4	4	3	3	1	2	1	2	2	2	2	3	1	3	1	1	2	2	3	3	4	1
84	100	100	99	97	96	94	93	92	89	88	87	85	84	83	82	80	79	78	76	75	74	73	72	71	70	69	68	67	66	64	63	62	61	59	58	57	56	55	54	53	52	51	50	48	47	46	45	44	43	41	39	38	37	36	35	34	33	32	31	30	29	28	25	24	23	22	21	20	19	18	16	15	14	13	12	11	10	9	8	7	6	4	3	2	1	2	4	1	2	3	4	3	1	1	2	1	4	4	1	2	2	1	1	3	1	5	3	2	5	3	1	2	2	1	3	2	2	4	2	1	2	2	1	1	2	2	6	4	3	4	1	1	1	2	2	1	3	2	3	2	3	2	4	3	2	2	4	3	4	1	1	4	1	3	3	1	4	1	1	5	2	3	3	3	1	2	2	3	3
85	100	100	99	98	97	96	95	94	92	91	90	89	87	86	85	83	82	80	78	77	76	75	74	72	71	70	69	68	67	66	65	64	63	61	60	59	58	57	55	54	52	51	49	47	46	45	44	43	42	41	40	39	38	37	35	33	32	31	30	29	28	27	26	25	24	23	21	20	19	18	17	16	15	14	13	12	11	10	9	7	6	5	4	3	2	1	1	2	2	5	4	2	1	4	3	3	1	2	1	2	3	2	1	3	4	2	2	4	1	3	2	3	1	4	4	4	1	1	2	3	2	3	1	1	8	4	4	1	2	2	1	5	1	3	4	1	1	1	2	3	1	1	1	2	3	2	2	2	3	1	5	2	1	3	3	4	3	5	2	1	2	2	5	1	1	2	2	1	1	1	2
82	100	100	99	98	97	96	95	93	91	90	88	87	84	82	81	80	79	78	77	76	75	74	73	72	71	70	69	67	66	65	64	63	59	58	56	54	53	51	50	49	48	47	46	45	44	43	41	40	39	38	36	35	34	33	32	31	30	29	28	27	26	25	24	23	22	21	20	19	18	16	15	14	13	12	11	10	9	8	7	5	4	3	2	2	3	2	1	1	2	3	1	2	2	1	1	2	6	2	2	2	4	1	2	1	2	1	3	3	1	1	5	3	2	1	4	2	2	2	3	4	1	1	4	4	10	1	3	1	2	3	3	1	2	1	3	3	4	3	2	1	2	3	1	2	2	2	4	3	1	2	1	3	6	1	3	4	1	3	3	4	5	2	1	3	3
85	100	100	99	98	97	96	95	94	92	91	90	89	87	86	84	83	82	81	79	78	77	76	75	74	73	72	71	69	67	66	65	64	63	62	60	59	57	56	55	54	53	52	51	50	48	47	46	45	42	41	40	39	38	37	36	35	34	31	30	29	28	26	25	24	23	22	21	20	19	18	17	16	15	14	13	12	11	10	9	8	7	6	5	4	3	2	1	1	3	1	2	3	1	1	2	2	3	2	5	2	3	4	1	2	1	2	10	1	1	1	2	1	2	1	3	2	2	4	1	3	2	1	2	1	5	1	3	3	1	2	2	1	5	2	3	2	2	2	3	1	3	4	1	3	6	5	3	3	3	1	4	5	1	3	5	2	4	1	3	2	2	1	2	1	3	2	2	1	2	1	1
83	100	100	99	98	97	96	95	92	91	90	89	87	86	85	84	83	82	81	79	78	77	76	75	72	71	70	69	68	65	64	63	62	61	60	59	58	57	56	55	53	52	51	50	48	47	46	44	43	42	41	38	37	36	35	34	33	32	31	30	29	28	27	26	25	24	23	22	21	20	19	18	17	16	15	14	13	12	11	9	8	7	6	4	2	5	1	3	4	2	1	4	4	1	2	3	5	3	3	3	3	3	1	1	2	1	5	7	4	3	1	1	1	3	2	2	1	2	5	2	4	2	1	2	2	2	1	3	1	3	2	2	2	2	2	4	1	2	1	3	2	1	3	2	4	1	1	3	2	3	3	5	1	1	2	1	6	2	2	4	2	1	2	2	2	1	1	4
87	100	99	98	97	95	93	92	91	90	89	88	87	85	84	83	82	81	80	79	78	77	76	75	74	73	72	71	70	69	67	66	65	64	63	61	60	59	58	54	53	52	51	50	49	48	47	46	45	43	42	41	40	39	38	37	36	35	34	33	32	31	30	29	28	27	26	25	24	23	22	21	20	19	18	17	16	15	14	13	12	11	8	7	5	4	3	2	1	1	1	1	2	5	6	2	4	1	1	1	5	2	1	2	2	1	4	2	3	4	1	2	1	2	2	4	2	2	2	3	1	1	1	2	1	1	1	2	2	2	3	1	4	1	4	2	1	4	3	2	1	2	1	3	4	3	1	3	4	2	1	1	3	1	3	1	6	2	3	5	2	1	5	3	1	4	1	1	5	1	3	3	1	1	5	2
87	100	100	99	98	97	96	95	94	92	91	90	89	87	86	85	84	83	82	81	80	79	78	77	76	75	74	73	72	71	67	66	65	64	63	62	61	60	59	58	57	56	55	54	53	52	50	49	47	46	45	44	43	41	40	39	38	37	36	35	34	33	32	30	28	27	26	25	24	23	22	21	20	19	18	16	15	14	12	11	10	9	8	7	6	5	3	2	1	2	2	3	2	2	2	3	2	1	2	2	1	2	1	3	1	2	1	2	3	3	6	2	3	2	2	2	1	4	1	3	2	1	1	2	2	3	6	2	3	1	2	1	2	3	1	1	1	3	1	2	3	4	2	5	1	1	3	1	2	1	4	2	3	3	3	4	1	1	2	2	5	1	4	2	5	1	3	3	1	3	2	5	2	1	2	4
85	100	99	98	97	96	95	93	92	90	89	88	87	86	85	84	83	82	81	80	78	77	76	74	73	72	71	70	69	67	66	65	64	63	62	61	59	58	56	54	52	51	50	49	48	47	45	44	43	42	41	39	38	37	36	35	34	33	32	31	30	29	28	27	26	25	24	23	22	21	20	19	17	16	15	14	13	11	10	9	8	7	6	4	3	2	1	2	1	4	3	2	2	2	1	1	4	2	6	1	1	3	3	3	4	1	1	2	1	1	1	3	4	4	1	2	2	1	3	3	4	1	2	2	1	2	3	5	2	2	2	2	5	1	5	1	1	3	1	4	3	1	2	1	6	2	2	3	3	1	3	2	3	1	3	3	2	4	1	3	4	1	2	3	2	4	2	2	1	2	1	3
91	100	100	99	98	97	96	95	94	93	92	91	90	89	88	87	86	85	84	83	82	81	80	79	78	76	75	74	73	72	71	69	67	66	65	64	63	62	61	60	59	57	56	55	54	53	52	51	50	48	47	46	45	43	42	40	39	38	37	36	35	34	32	31	30	29	28	27	26	25	24	22	21	20	19	18	17	16	15	14	13	12	11	10	9	8	7	6	5	4	3	2	1	3	2	1	1	4	1	2	1	3	3	2	1	1	5	3	1	1	4	2	4	2	3	5	6	1	3	2	1	1	3	1	1	1	1	3	1	2	1	1	2	3	2	5	2	2	1	1	4	1	2	3	1	1	3	4	2	3	1	1	1	1	2	2	1	1	2	1	1	5	2	4	1	2	5	1	3	2	2	2	4	4	1	2	1	1	6	3	2	4	1	2
