20
58	150	100	99	98	96	94	93	92	91	90	87	84	83	79	78	77	76	75	73	72	71	70	66	65	64	63	59	58	57	56	55	54	53	52	51	49	47	46	45	44	43	42	41	39	38	37	35	34	33	32	31	30	29	28	24	23	22	21	20	1	1	1	6	1	2	3	3	1	1	1	2	1	2	2	2	3	3	5	2	2	2	1	1	1	1	1	1	2	2	1	2	1	1	1	1	2	1	1	2	1	2	2	1	1	2	2	2	4	1	2	1	1	1	1	4	1	1
59	150	99	97	96	95	94	93	92	91	90	89	88	87	86	85	84	83	82	81	77	76	75	73	72	70	69	67	66	65	64	62	61	60	58	57	56	55	53	52	48	46	45	43	42	39	38	37	36	35	34	32	31	30	28	27	25	24	23	22	21	1	1	3	4	2	1	3	3	1	3	3	1	2	2	1	1	1	2	2	2	1	3	4	1	1	1	1	2	1	1	1	1	1	1	1	1	1	3	2	1	1	1	1	2	4	1	1	1	2	1	1	2	1	3	1	3	2	3	1
64	150	100	99	98	97	96	95	94	93	92	91	89	88	87	86	84	83	82	81	78	75	74	73	72	71	70	68	67	66	65	64	63	62	60	59	58	57	56	55	54	51	49	48	47	46	45	44	43	41	40	39	37	35	34	32	31	30	28	26	25	24	23	22	21	20	1	2	1	3	2	3	1	3	1	1	1	1	1	1	2	2	1	3	2	1	1	1	2	1	1	1	1	1	1	1	2	1	2	2	1	1	2	1	1	1	2	1	2	1	4	4	1	2	1	3	3	2	1	1	2	1	1	1	1	2	2	1	1	2
56	150	100	99	98	97	96	95	94	91	90	88	86	84	83	79	78	77	74	72	70	69	68	67	66	65	64	63	62	61	60	59	57	55	53	52	51	50	49	48	47	45	44	43	42	41	38	37	36	34	29	28	27	25	24	23	22	20	3	2	1	1	1	3	2	2	2	1	1	1	2	1	1	1	2	2	1	4	3	3	2	1	1	5	2	1	2	4	1	3	2	2	1	1	1	1	2	1	2	2	2	2	1	1	4	2	2	1	1	1	1	2	2	1
54	150	99	98	93	92	90	89	87	85	84	81	80	77	76	75	74	73	71	70	69	68	67	66	65	64	63	62	61	59	58	57	56	55	54	52	51	50	49	47	45	44	43	42	39	38	37	34	33	32	31	29	28	27	25	22	1	3	2	1	2	2	1	2	1	3	1	1	1	2	2	1	1	2	1	1	3	2	2	1	1	2	2	1	1	3	1	1	3	5	2	3	1	5	2	1	1	2	6	1	3	1	2	2	3	1	2	1	1	1
52	150	100	99	98	97	96	95	94	92	90	86	85	83	74	73	72	71	70	69	67	66	65	63	62	61	57	56	55	54	53	51	49	47	46	45	44	42	41	40	37	35	33	32	31	30	28	27	26	24	23	22	21	20	1	2	2	2	1	1	1	3	1	2	2	2	2	3	1	3	4	2	2	4	2	2	1	1	1	3	1	2	3	1	1	3	2	1	3	1	1	2	2	4	1	4	2	1	2	3	1	1	1	1	4	1
57	150	100	99	97	96	95	94	93	92	91	90	89	88	87	86	85	84	83	82	78	75	73	72	70	69	67	65	63	61	60	59	58	57	55	54	52	51	48	47	46	45	44	42	41	40	37	35	34	31	30	29	27	26	25	24	23	22	20	1	3	2	2	1	2	2	1	2	1	1	2	2	1	1	1	3	2	1	2	2	2	1	2	2	2	1	2	1	1	4	3	1	3	3	1	1	3	1	3	1	1	1	1	1	1	1	1	1	1	1	3	3	4	5	1	1
53	150	99	98	96	92	91	89	87	86	85	82	81	80	77	76	75	74	73	71	69	68	66	65	64	63	62	61	59	57	56	55	54	53	51	50	49	48	47	46	44	43	42	41	36	35	33	32	30	29	28	25	24	22	20	1	3	1	2	1	1	1	2	2	1	2	2	2	2	1	3	1	2	2	2	2	1	1	3	1	1	2	1	1	1	2	3	1	2	3	2	2	1	3	1	1	1	5	1	2	4	4	1	3	3	2	3	2
58	150	99	98	97	96	95	93	92	91	90	89	88	87	86	84	83	82	81	80	79	78	77	76	74	73	72	71	70	69	68	66	65	64	63	62	61	60	59	57	54	52	49	48	47	46	45	44	43	37	36	34	33	32	30	27	25	22	21	20	4	1	3	1	3	3	2	3	2	1	1	2	1	1	1	1	1	1	3	2	2	1	1	1	1	1	1	2	1	2	3	1	4	1	1	2	1	2	2	1	1	2	4	2	1	1	2	2	2	1	1	1	3	1	1	3	2	2
58	150	100	99	98	97	96	95	94	93	91	90	89	87	86	85	84	83	82	81	80	79	78	77	76	75	74	72	71	70	69	67	66	63	62	60	57	56	53	52	50	48	45	44	43	40	38	37	36	35	33	32	30	28	27	26	25	24	23	22	2	3	1	2	3	1	3	3	1	1	1	2	1	1	1	2	1	1	3	2	4	1	1	1	1	3	1	2	1	1	2	1	1	2	1	4	1	2	2	2	1	4	1	1	3	3	2	1	1	1	2	2	2	2	1	1	1	2
58	150	100	99	98	97	95	94	93	90	89	87	86	85	84	83	82	81	80	79	78	74	73	72	71	70	69	68	67	66	64	62	61	59	58	56	55	54	52	51	50	48	47	42	41	39	38	36	34	33	32	31	30	29	27	26	25	24	23	20	1	3	2	1	3	2	3	1	1	4	1	2	2	2	1	2	1	2	1	2	1	1	2	2	1	1	3	1	1	2	2	2	1	1	1	1	4	1	2	3	2	1	1	1	1	1	4	2	3	2	1	2	2	2	1	1	1	2
55	150	100	98	96	95	93	92	91	90	89	87	85	84	82	81	80	78	75	74	72	71	70	69	68	67	66	65	64	63	61	60	59	58	57	56	54	53	52	49	48	47	45	43	42	40	38	36	34	32	29	28	27	25	23	22	21	2	2	1	2	3	2	3	2	1	2	2	2	2	1	1	2	1	1	2	1	1	1	1	1	1	4	1	3	6	2	1	1	3	1	2	3	1	1	1	3	1	2	1	4	1	2	1	2	1	1	3	1	3	3	1
56	150	100	98	97	96	95	94	92	91	90	89	87	85	84	83	82	81	78	77	76	75	74	72	71	69	68	67	66	65	62	61	60	59	58	57	55	54	52	48	46	45	44	43	42	41	40	37	35	33	32	31	30	29	25	24	23	21	3	3	1	1	2	1	2	3	2	4	2	1	2	1	1	1	3	3	1	1	1	2	1	2	1	3	1	1	3	1	5	1	2	1	2	1	2	1	2	2	2	3	2	2	2	1	1	3	1	1	1	3	2	1	1	1
58	150	100	98	96	94	93	92	91	90	89	87	85	81	80	79	78	77	76	75	74	73	72	69	68	67	66	65	64	63	62	61	58	56	55	54	51	49	48	47	46	44	43	40	39	38	37	36	35	34	32	31	30	27	25	24	23	22	21	20	2	1	1	2	1	3	2	1	2	2	2	3	1	2	5	2	4	3	1	1	2	1	1	1	2	1	1	1	1	1	1	2	2	2	1	3	1	2	1	3	2	1	1	4	2	1	2	1	3	1	1	2	2	1	2	1	1	1
56	150	100	99	98	97	96	95	94	93	92	91	88	87	86	85	84	82	81	78	77	76	75	72	71	70	68	67	66	64	63	61	60	57	56	55	53	52	51	50	49	48	47	45	43	42	40	39	38	37	36	34	33	32	31	26	25	21	1	3	1	1	1	3	1	3	2	1	4	1	2	4	1	2	3	2	2	2	1	3	2	1	2	1	1	2	4	1	2	1	2	3	2	2	2	1	1	2	1	2	1	1	1	1	2	4	1	2	3	1	1	1	1	1
62	150	100	99	98	97	96	94	92	91	90	88	87	86	85	84	83	82	81	80	79	75	74	73	72	71	69	68	67	65	64	62	60	59	58	57	56	55	54	53	52	49	47	45	43	42	41	40	39	36	35	34	33	31	30	29	28	27	26	24	23	22	21	20	4	2	2	1	2	3	1	1	1	1	1	1	1	1	1	3	1	1	1	1	1	1	4	1	1	2	1	5	1	1	2	2	1	3	1	1	2	1	2	2	1	3	1	1	2	1	2	1	1	3	1	3	3	1	1	1	2	1	1	1	1	3
57	150	100	97	95	94	93	92	91	89	88	87	86	85	83	82	81	80	75	74	73	72	69	68	66	65	64	63	61	59	58	57	56	53	52	50	49	48	46	45	44	43	42	41	39	38	37	35	34	32	31	30	29	28	27	25	24	22	21	1	1	2	2	1	3	1	1	3	1	2	2	2	1	1	1	3	2	2	2	6	4	1	1	1	4	1	2	2	1	1	1	1	2	1	2	2	1	1	2	6	2	1	3	2	1	1	1	1	1	1	2	1	1	2	1	2
53	150	100	98	97	96	92	91	87	86	84	83	82	81	80	79	78	76	75	73	71	70	69	66	65	63	62	61	60	58	57	55	52	51	49	46	45	44	43	42	41	40	37	35	34	33	32	27	26	25	24	23	22	21	20	1	2	2	4	1	2	1	1	1	1	2	4	1	3	3	5	1	2	2	1	2	2	1	1	1	1	1	1	3	1	1	1	1	6	3	1	3	3	1	2	3	2	2	1	2	2	2	1	1	1	3	1	3
59	150	100	99	98	97	96	95	94	92	91	90	89	87	84	83	82	81	80	79	78	77	75	74	73	69	68	65	64	63	62	61	60	58	57	56	55	51	49	48	47	46	45	44	43	42	41	39	38	37	36	35	34	33	32	31	29	28	26	25	20	2	4	1	3	2	3	1	1	2	2	1	1	1	3	4	1	2	3	2	3	1	1	1	1	1	1	2	1	5	2	1	1	1	1	1	1	1	1	1	1	2	1	1	1	1	1	2	1	3	1	3	2	2	2	1	1	2	2	3
62	150	100	99	97	95	94	93	92	91	90	89	88	86	85	84	82	81	80	79	77	76	74	73	72	71	70	69	67	66	65	64	63	62	61	60	59	58	57	56	55	54	51	50	49	48	47	46	45	44	42	41	40	39	38	35	34	29	27	26	25	23	22	20	2	1	1	2	1	2	1	1	1	2	2	2	1	2	3	2	2	2	2	1	3	1	1	1	1	3	2	2	1	2	2	1	4	1	3	1	4	1	1	3	1	3	1	1	1	2	1	1	1	1	3	1	1	1	1	1	1	1	2	2	1	1
