20
37	150	100	96	94	93	91	88	84	83	80	78	76	75	74	72	70	65	61	60	56	52	51	48	46	45	38	37	36	35	32	31	30	29	28	27	23	22	21	1	1	1	1	3	1	1	1	1	2	1	1	1	2	1	1	1	1	1	1	2	1	1	1	2	3	1	2	2	1	1	2	1	2	2	1	1
37	150	98	96	95	94	92	89	88	87	86	85	83	80	77	76	73	72	71	69	57	53	50	45	44	43	42	37	36	35	34	33	31	30	27	24	23	21	20	1	1	1	1	1	1	2	2	1	1	1	2	1	2	1	1	1	3	2	1	1	2	2	1	1	1	2	2	1	1	1	1	1	2	1	1	2
36	150	98	96	95	94	93	92	91	89	88	86	83	82	80	79	78	76	75	73	67	63	62	55	54	53	52	51	47	45	42	40	37	36	29	25	24	20	2	1	1	1	1	1	1	1	3	1	2	1	1	1	1	2	1	1	1	2	1	1	1	1	1	3	1	2	2	1	2	2	2	1	1	2
38	150	100	99	98	96	94	92	90	89	87	86	81	80	78	77	74	72	63	62	60	55	54	53	50	46	45	42	41	38	35	34	33	32	28	27	26	23	21	20	1	1	1	1	1	1	1	3	1	1	1	1	1	1	2	2	1	1	2	2	1	1	2	2	1	2	1	1	1	1	2	1	2	1	1	1	2	1
41	150	100	99	96	95	94	92	90	89	84	82	80	79	74	72	71	69	67	64	62	60	59	58	55	51	48	47	46	45	43	42	41	40	38	34	33	32	27	26	24	23	20	2	1	1	1	1	2	1	2	1	1	2	1	2	1	1	1	2	1	1	2	1	1	1	1	1	1	1	1	1	1	2	1	1	1	1	1	1	1	2	1	1
39	150	100	99	98	97	96	93	91	89	86	85	82	78	76	75	74	73	71	68	66	65	64	63	62	60	59	56	55	53	51	50	48	45	43	42	39	35	31	27	26	1	2	1	1	1	1	1	1	1	1	1	1	1	1	1	1	1	2	1	2	1	5	1	1	1	1	2	1	1	1	1	1	2	2	2	1	1	1	1
37	150	98	96	93	92	91	90	87	86	85	83	82	81	78	75	74	72	71	70	69	68	66	61	60	59	57	53	51	42	40	35	34	31	30	24	22	21	20	3	1	2	1	1	2	2	1	1	1	1	1	2	2	2	2	1	1	1	1	1	1	2	1	1	1	1	1	2	1	2	1	2	1	1	1	1
40	150	99	98	97	95	94	93	91	88	87	82	80	79	75	74	73	72	71	69	68	66	63	61	60	58	55	54	53	52	50	46	45	44	42	40	38	37	35	29	24	20	1	2	2	1	1	1	2	1	1	1	2	3	1	1	1	1	1	1	1	1	2	1	1	2	1	1	2	1	1	1	1	1	1	1	1	1	1	1	2	1
38	150	96	95	91	89	87	86	85	81	78	68	67	66	65	62	61	60	59	58	56	54	51	50	49	48	47	46	45	44	41	40	36	35	34	33	32	31	27	26	1	1	1	1	1	1	1	1	2	1	1	2	1	1	1	2	1	1	1	1	1	2	3	1	1	3	2	1	3	1	1	1	1	1	1	1	1	2
41	150	99	96	95	94	93	92	91	90	89	87	86	84	81	80	73	68	66	64	62	61	59	56	55	54	49	48	47	46	45	43	42	41	40	39	37	36	34	32	26	24	20	1	1	2	1	2	1	2	1	1	1	2	1	1	1	1	1	1	1	1	2	2	1	1	1	1	2	1	1	2	1	1	2	1	1	1	1	1	1	1	1	1
34	150	95	94	93	91	89	88	85	82	78	77	76	73	70	69	68	66	63	62	59	55	53	51	49	42	41	40	38	35	32	31	30	28	24	23	1	1	2	1	3	1	1	2	2	1	1	3	4	1	1	1	1	1	1	2	1	1	1	2	2	1	1	1	1	1	2	2	1	2
38	150	99	98	97	95	92	87	85	84	83	80	78	77	75	73	69	68	66	63	59	57	56	53	51	50	48	46	44	43	42	39	37	34	32	29	25	24	22	21	2	2	1	1	2	1	1	1	1	1	1	1	1	2	1	1	1	3	1	1	2	2	1	2	2	2	1	1	1	1	1	1	1	1	1	1	2	1
41	150	100	99	96	94	92	91	89	85	84	81	79	78	77	76	75	74	73	67	65	64	63	59	57	54	52	51	49	47	46	44	43	40	38	34	33	32	31	30	29	25	22	1	1	1	1	1	2	1	1	1	2	2	1	1	1	1	1	1	1	1	1	2	1	2	1	1	1	2	1	2	2	2	1	1	1	1	1	1	1	1	1	1
39	150	98	95	91	89	88	87	86	84	83	82	80	79	78	75	74	73	72	70	68	67	65	59	58	57	55	54	53	51	42	41	39	37	36	35	34	32	25	21	20	1	2	2	2	2	1	1	1	1	1	1	1	1	1	2	1	2	2	2	1	1	1	2	1	1	1	1	1	1	1	1	1	1	1	1	1	2	2	1
36	150	99	96	93	88	83	82	80	79	77	75	73	72	71	69	67	62	61	58	56	54	53	52	49	46	45	41	40	39	35	34	33	31	27	26	22	21	2	1	1	1	1	1	1	2	2	2	2	1	4	2	1	2	1	2	1	1	1	1	1	1	2	1	1	1	2	1	1	1	2	1	1	1
36	150	95	94	88	86	85	84	83	79	73	72	71	70	64	63	61	58	55	53	52	51	48	46	45	40	39	38	36	35	33	32	28	25	24	23	22	20	1	1	3	1	1	1	1	1	1	3	1	1	1	1	1	1	1	2	1	3	2	1	1	1	1	1	2	1	1	1	1	1	2	3	2	2
39	150	96	91	87	86	84	83	81	80	79	74	72	70	67	62	61	60	59	58	56	55	54	52	51	50	49	48	44	43	42	40	39	38	34	33	32	31	29	22	21	1	1	1	1	1	3	1	1	1	1	1	2	1	1	1	1	1	1	1	2	1	1	3	1	1	1	1	2	1	1	1	1	3	1	1	2	2	1	1
39	150	100	98	91	87	82	78	77	75	74	72	70	66	65	63	62	59	57	56	55	53	52	51	49	48	47	46	44	42	36	35	34	31	30	29	26	23	22	21	20	1	1	1	1	1	1	3	2	1	3	2	2	1	2	1	1	1	1	1	1	1	1	1	1	1	2	2	1	1	1	2	1	1	1	1	1	1	1	1
41	150	100	99	97	96	95	94	91	90	88	85	83	81	79	78	77	74	72	70	69	66	64	63	61	58	56	52	51	45	42	36	35	34	33	32	31	30	28	25	24	21	20	1	1	1	2	1	1	1	1	1	1	2	1	2	1	2	1	1	1	1	1	1	2	1	1	1	1	1	1	1	3	1	1	1	2	1	1	1	1	1	2	1
39	150	100	99	96	95	93	91	88	87	85	84	83	78	77	76	75	74	70	67	65	63	62	60	58	56	55	54	52	50	49	45	42	29	27	26	25	24	23	22	20	1	1	1	1	1	2	1	2	3	1	2	1	1	1	1	1	1	1	1	2	1	2	1	1	2	1	1	1	2	1	1	2	2	1	1	1	1	1	1
