20
57	150	99	98	97	96	95	94	93	92	91	89	87	86	85	84	83	82	81	80	79	77	76	74	73	72	71	69	66	65	64	63	62	61	60	59	57	56	55	54	53	52	51	49	47	46	44	43	41	40	39	38	36	35	34	33	32	31	30	2	2	2	4	1	1	1	1	1	1	3	1	1	2	3	1	1	1	3	2	1	3	1	2	2	3	1	1	3	1	1	1	1	1	3	2	1	1	1	2	2	1	2	6	1	3	1	2	2	1	2	1	2	1	2	2	3
55	150	100	99	98	97	95	94	93	92	91	90	89	88	86	85	84	83	82	81	80	79	77	76	73	72	71	69	68	67	63	61	60	59	58	57	56	55	53	51	49	48	47	46	45	44	43	42	39	38	37	36	35	33	32	31	30	1	2	2	1	3	4	2	1	1	4	2	1	1	2	1	2	1	2	1	2	1	2	1	1	3	2	1	2	1	3	2	1	1	4	5	1	3	2	1	2	4	2	2	2	2	2	1	2	1	1	1	1	1	1	2
54	150	99	98	97	96	93	92	91	90	89	88	87	85	84	82	80	78	77	76	75	74	73	72	70	69	68	67	66	65	64	62	59	58	57	56	55	54	51	50	49	48	46	45	44	41	40	39	38	37	36	35	34	32	31	30	2	1	1	1	1	2	3	3	1	2	1	2	3	1	4	1	1	1	1	1	1	1	2	1	2	1	1	4	1	1	3	2	2	3	2	1	2	1	1	1	6	1	2	4	2	2	1	1	3	4	4	2	1	1
55	150	100	99	98	97	94	93	92	90	89	88	87	86	85	83	82	81	80	79	78	77	76	75	73	72	71	70	68	67	66	65	64	63	62	61	57	56	55	54	53	52	51	49	48	45	44	43	42	41	40	38	35	34	33	32	30	2	4	3	3	2	2	1	1	1	1	1	1	1	2	1	1	1	1	1	1	1	1	4	2	3	1	1	1	1	1	4	1	3	1	1	1	2	1	4	3	2	2	2	4	2	1	1	2	2	1	1	4	2	3	3
52	150	100	99	98	96	95	94	93	92	91	90	89	88	87	86	85	84	83	81	80	79	77	75	74	72	69	68	66	65	64	63	61	60	58	57	56	55	54	49	47	46	45	44	43	42	41	40	36	34	33	32	31	30	2	2	3	2	1	2	2	2	2	1	1	5	1	2	4	3	3	1	3	1	2	2	1	2	1	2	1	2	2	1	2	2	4	2	2	1	1	2	3	1	1	1	1	2	1	2	1	2	2	5	1	2
56	150	100	99	98	97	96	94	93	92	91	90	89	87	85	84	83	81	80	79	78	77	76	75	74	73	71	70	69	68	66	65	64	63	62	61	59	58	57	56	55	52	50	49	47	46	45	43	42	41	38	37	36	35	34	33	31	30	2	1	1	1	1	1	1	1	1	1	2	2	3	3	5	2	2	3	2	1	1	1	3	2	4	1	2	3	2	1	1	3	1	1	1	2	1	4	1	1	1	1	1	2	2	3	2	2	1	2	2	2	3	1	2	1
52	150	100	99	98	97	95	94	93	91	90	89	88	86	85	84	82	81	80	75	74	73	72	71	70	69	68	67	65	64	63	61	59	58	56	55	54	53	51	50	49	48	46	44	43	42	41	40	39	38	36	35	33	32	2	1	1	2	1	3	2	1	2	1	2	1	2	3	3	3	1	4	3	1	1	1	1	3	1	1	1	2	4	2	1	3	2	1	1	3	1	1	1	2	2	3	4	3	2	2	4	1	1	3	1	2
54	150	100	97	95	94	93	92	90	89	86	85	83	82	81	79	78	77	76	75	74	73	72	71	70	69	68	66	65	64	63	62	61	59	58	57	55	54	52	50	49	48	47	46	45	44	42	41	40	39	37	36	35	32	31	30	1	3	3	4	3	2	1	1	1	1	1	2	1	1	1	1	1	1	5	2	1	3	1	1	1	2	1	3	2	3	3	3	2	2	1	1	1	1	1	1	1	2	2	3	2	2	1	3	2	3	3	3	1	2
54	150	99	98	97	92	91	90	89	88	86	85	84	83	81	80	79	78	77	76	75	74	72	71	70	69	67	66	65	64	61	60	59	58	57	56	54	53	52	51	50	49	48	47	45	43	42	41	38	37	36	35	33	32	31	30	4	1	2	2	2	1	2	3	1	1	1	2	1	5	2	1	4	2	1	1	3	1	1	3	2	4	1	1	1	1	3	1	1	2	1	1	1	3	4	1	2	3	1	3	1	2	1	2	1	1	1	3	2	2
53	150	100	99	98	96	95	93	92	91	90	88	85	84	82	81	80	76	75	74	73	72	71	70	69	68	67	65	64	63	62	61	60	57	56	54	52	51	50	48	47	46	45	44	43	42	41	39	38	37	36	34	33	32	31	3	4	2	2	2	1	2	2	1	1	1	2	1	1	2	1	1	1	2	1	2	1	2	1	1	3	4	1	1	3	1	2	2	1	2	3	1	3	1	3	3	3	3	2	4	2	1	1	3	2	2	2	1
52	150	100	99	98	96	95	94	93	91	90	89	87	85	84	83	82	81	80	79	78	77	75	74	69	68	67	65	64	63	61	59	58	57	56	55	54	53	52	51	50	49	48	47	43	42	40	39	37	35	34	33	31	30	2	1	1	2	1	3	4	3	2	2	4	1	3	1	1	3	1	2	2	3	2	4	1	2	2	2	1	1	1	2	4	1	1	3	2	2	1	1	3	2	4	2	2	1	2	1	2	1	2	1	1	1
55	150	99	97	96	95	94	93	92	91	90	88	86	85	83	82	81	80	79	78	76	75	74	73	72	71	70	69	68	67	66	65	64	63	61	60	59	58	57	56	55	54	53	50	48	46	45	43	42	41	40	39	37	35	34	31	30	1	1	1	1	1	1	3	1	1	3	4	5	3	1	2	1	1	1	2	2	5	2	1	1	3	1	1	1	1	2	2	1	2	1	1	3	3	3	1	2	4	1	3	4	1	2	1	1	1	1	1	2	2	2	1
56	150	100	99	98	95	92	91	89	88	87	86	85	84	83	82	81	80	79	78	77	76	75	74	73	72	70	69	68	67	66	65	64	63	62	60	59	58	56	55	53	51	50	46	44	43	42	41	40	39	38	37	36	35	34	33	32	30	3	1	2	1	1	2	4	2	1	2	2	2	1	2	3	1	3	3	1	1	2	2	1	2	1	1	2	1	1	1	1	1	3	1	1	1	2	1	3	2	2	1	4	1	2	2	1	2	1	2	4	3	1	3	2	1
54	150	100	99	97	96	95	94	93	87	86	85	84	83	82	81	80	79	78	77	76	75	74	72	70	69	68	67	65	64	63	62	60	59	58	57	56	54	52	51	48	47	46	45	44	42	41	39	38	37	36	35	34	33	32	31	1	2	1	1	2	3	1	1	1	7	2	2	1	2	6	2	1	2	2	3	1	1	1	1	2	2	1	3	1	1	1	3	3	2	2	2	1	2	3	3	1	1	2	1	2	1	2	1	3	1	1	3	1	1
51	150	98	97	96	94	93	92	91	90	89	88	87	85	83	78	77	76	75	74	73	71	70	69	68	65	64	63	61	60	59	58	57	54	52	51	49	48	47	45	43	42	41	40	39	38	37	36	35	34	32	31	30	3	2	4	2	3	3	2	2	1	1	3	2	1	1	4	1	1	1	1	2	5	1	2	2	1	2	4	2	4	2	1	2	3	1	3	1	3	3	1	2	2	4	1	1	1	1	1	1	1	1	1
52	150	100	99	98	96	95	94	92	91	90	89	88	86	85	84	83	82	81	80	79	77	75	74	72	71	70	69	68	67	65	64	62	61	59	57	54	53	52	50	49	48	46	43	42	39	38	37	36	35	34	33	32	30	1	2	1	3	1	1	1	1	2	2	4	2	3	1	4	2	1	2	2	3	2	1	1	1	3	3	2	1	1	2	2	1	2	2	4	2	1	2	1	3	1	1	3	2	2	3	2	1	4	1	2	2
56	150	100	99	98	97	96	95	94	93	92	91	88	87	86	85	84	82	81	79	78	77	76	75	73	72	71	70	69	68	67	66	65	64	63	62	61	60	59	57	56	55	54	53	52	51	50	49	48	47	46	45	44	38	35	34	33	31	1	1	3	3	3	3	1	3	1	2	2	2	1	2	1	1	1	3	2	2	2	1	4	3	1	1	1	1	1	1	2	1	1	1	2	2	2	1	1	1	2	2	1	1	3	2	2	3	1	3	1	1	3	3	2	2
55	150	100	98	97	96	95	93	92	90	89	87	86	84	80	79	78	77	74	73	72	71	70	69	68	67	66	65	64	63	62	60	57	55	54	53	52	51	50	49	47	46	45	44	43	42	41	40	39	38	37	36	35	34	32	31	30	1	5	2	1	2	1	1	1	1	1	2	4	3	2	1	1	1	2	3	3	1	3	1	1	1	1	2	2	1	1	3	3	1	2	3	2	1	1	1	2	1	3	3	1	4	2	4	2	1	1	2	1	1	1	2
55	150	100	99	98	97	96	95	94	93	92	91	90	88	87	84	81	80	79	76	75	73	71	70	69	67	66	65	64	62	61	60	59	58	56	55	54	53	51	50	49	48	47	46	45	44	42	41	40	39	38	37	34	33	32	31	30	1	1	1	2	1	1	2	1	1	1	2	3	1	1	1	2	2	2	3	2	3	3	2	2	1	1	2	1	1	2	4	1	1	1	2	3	2	1	1	3	3	2	5	3	2	2	1	1	1	1	3	2	2	3	1
53	150	100	99	97	95	94	93	92	91	89	86	85	84	82	81	79	78	76	75	74	73	71	70	69	67	66	65	64	63	62	61	60	58	57	54	53	52	51	50	48	47	46	45	44	42	40	39	37	36	35	34	33	32	30	2	2	2	3	2	3	1	5	2	2	2	1	1	2	2	1	1	1	4	2	1	2	2	3	4	2	2	2	1	3	2	1	1	2	3	2	1	1	2	1	3	1	1	1	1	3	1	1	1	1	3	2	2
